"","logFC","logCPM","F","PValue","FDR"
"ENSG00000271981",-1.08742683002364,3.2260443348186,22.9190674858185,0.000619619423416241,0.99988016650531
"ENSG00000089041",-0.670429382122665,5.961765711842,22.8887043762634,0.000622601954207937,0.99988016650531
"ENSG00000137193",-0.646419040144726,6.44242648879156,20.4724977634779,0.000940560926760934,0.99988016650531
"ENSG00000138760",-0.6474402226867,5.7603780547313,18.0305582931431,0.00147922632073038,0.99988016650531
"ENSG00000175592",0.755735132006834,4.36911937609302,17.7463166226939,0.00156345618119563,0.99988016650531
"ENSG00000131153",0.840864895774785,4.30860274632751,16.8226489936121,0.00187932949915743,0.99988016650531
"ENSG00000238280",-1.21065303133833,2.65120830101328,16.6062480756674,0.0019643692529399,0.99988016650531
"ENSG00000107968",-0.592754694984758,5.36869699342526,16.5763149087815,0.00197598134310891,0.99988016650531
"ENSG00000185338",-0.870487376275306,4.5104751753597,14.4596355595844,0.00310672099154901,0.99988016650531
"ENSG00000174371",0.889183160545934,4.21426713081798,14.1239816695267,0.00335045649085688,0.99988016650531
"ENSG00000205364",-1.33619230122807,5.9078785738656,13.8489199536155,0.00356727192598364,0.99988016650531
"ENSG00000270504",-1.82191598053547,1.10235903372026,13.7245606131257,0.00367861831542263,0.99988016650531
"ENSG00000119969",0.668350875634947,4.47914687664431,13.2951931675488,0.00405690800658856,0.99988016650531
"ENSG00000163121",-1.67093354223581,1.11037459707488,13.3037132861125,0.00405988765341344,0.99988016650531
"ENSG00000136244",-0.749814065025923,4.68257907669795,13.2361657107264,0.00411369164334679,0.99988016650531
"ENSG00000160593",0.859867548500227,4.01003937420885,13.1606757253717,0.00418774677604088,0.99988016650531
"ENSG00000163884",3.00107670526109,0.513806321519028,13.1342177607531,0.00423365035320148,0.99988016650531
"ENSG00000164929",-0.986226313590443,2.67847160168686,13.097922587739,0.00425093558260524,0.99988016650531
"ENSG00000309455",-2.31339271903998,0.0522313952186425,13.0617200397856,0.00430418075701087,0.99988016650531
"ENSG00000133639",-0.836868233573699,7.133464928974,12.8680444838047,0.0044899768084224,0.99988016650531
"ENSG00000171848",0.745443482727944,5.30550072881173,12.8669073765412,0.00449123672675001,0.99988016650531
"ENSG00000245293",2.16281115244008,1.25669938352164,12.8321953013531,0.00453360233258414,0.99988016650531
"ENSG00000185522",2.37295349449108,0.617393429454149,12.8065608296986,0.00458611770208882,0.99988016650531
"ENSG00000173801",-0.634220550308099,5.1563540719099,12.6133745524405,0.00477457011262765,0.99988016650531
"ENSG00000135148",-0.576397804103537,4.93539561222072,12.5214488106922,0.00488261181687918,0.99988016650531
"ENSG00000094804",0.814491512947108,4.49214941131181,12.5013167270154,0.00490668915627588,0.99988016650531
"ENSG00000143797",0.817636559040152,4.41122803080628,12.4166879157363,0.00500928194364735,0.99988016650531
"ENSG00000126353",-1.18112977265909,4.90308717036616,12.416141496838,0.00500991672570587,0.99988016650531
"ENSG00000100297",0.58173989125024,5.60411364544624,12.1818740531602,0.00530754475687683,0.99988016650531
"ENSG00000140525",0.631684763879864,4.84208842649384,12.1248830180328,0.00538322486595014,0.99988016650531
"ENSG00000222042",-0.953523947757127,3.74767371776678,11.93565418675,0.00564375878718612,0.99988016650531
"ENSG00000065328",0.773913347910822,5.22892454355654,11.7874902458155,0.00585798977494322,0.99988016650531
"ENSG00000085117",-0.474064524065082,6.94474004686343,11.6219393807329,0.00610917393574441,0.99988016650531
"ENSG00000141753",-0.827455455997627,5.69794219446333,11.6166378272766,0.00611743760490462,0.99988016650531
"ENSG00000091651",0.651384484923969,4.5073126037114,11.4155399424861,0.00644081640263749,0.99988016650531
"ENSG00000114626",-1.47516702201937,1.50584332325521,11.4179919803019,0.00644218706974425,0.99988016650531
"ENSG00000051180",0.833395144950065,3.56814949916849,11.3201863025959,0.00660141356159993,0.99988016650531
"ENSG00000227531",-0.988174871249476,3.02136200144543,11.302714510997,0.00663158070692454,0.99988016650531
"ENSG00000214748",-0.700000980890438,3.4781933446231,11.2045451929424,0.00680242144463123,0.99988016650531
"ENSG00000102871",-0.77528815759903,3.99559257000545,11.1376255585572,0.00692188533977261,0.99988016650531
"ENSG00000197122",-0.579782415863246,5.35344012742211,11.0355645886266,0.00710903203199827,0.99988016650531
"ENSG00000254614",6.1512427698477,0.048566953514358,11.0366363141285,0.00717618212021069,0.99988016650531
"ENSG00000178462",-1.08132355819599,2.08024522291029,10.8195614469353,0.00752786655848833,0.99988016650531
"ENSG00000241220",-2.26509260481147,0.233036181241121,10.8479119489664,0.00754720925390945,0.99988016650531
"ENSG00000286035",-1.40741927137184,1.06316784446313,10.7265967054072,0.00772666351997578,0.99988016650531
"ENSG00000165912",3.19828825301849,0.686320799562513,10.6569199159791,0.007880420080696,0.99988016650531
"ENSG00000115963",-0.739966412201054,5.28125195616611,10.5573531639822,0.00807202859505749,0.99988016650531
"ENSG00000116062",0.496524971104822,5.54693036773628,10.5331912131167,0.00812469455427303,0.99988016650531
"ENSG00000076248",0.720139544048633,5.02278896543179,10.4997605778518,0.0081983280979727,0.99988016650531
"ENSG00000144476",-0.729491849228891,3.2019707332416,10.3688907508408,0.00849445431038851,0.99988016650531
"ENSG00000131470",0.783141117046798,3.45184391707003,10.3011654671273,0.00865244112871131,0.99988016650531
"ENSG00000124762",-0.598323167582591,4.96516236004657,10.2834191159271,0.00869404416236265,0.99988016650531
"ENSG00000137198",-0.953109785810843,3.30673013671585,10.2492831508242,0.00877593906101343,0.99988016650531
"ENSG00000168994",-0.576004534090866,5.79002852899443,10.2446551715906,0.00878656470310095,0.99988016650531
"ENSG00000136048",-0.559626550037746,6.67552105074306,10.2286797916824,0.00882505464660217,0.99988016650531
"ENSG00000185433",-1.12029748788889,3.67611385835916,10.1447823829392,0.00903093731588536,0.99988016650531
"ENSG00000255062",1.84950524149444,1.36667635592952,10.0752579727803,0.00921119016983138,0.99988016650531
"ENSG00000125347",-0.746665016357945,5.63135922573774,10.0591410162752,0.00924630523296834,0.99988016650531
"ENSG00000150403",0.584295223553484,4.40405076243395,10.0525206286264,0.00926340428135423,0.99988016650531
"ENSG00000229474",-0.529618592187101,4.59563128836128,10.0317265676837,0.00931680227072569,0.99988016650531
"ENSG00000059378",-0.762283248709792,5.32977256010596,9.94346033432532,0.00954758870289219,0.99988016650531
"ENSG00000273124",-1.10922752154607,1.59991348740606,9.9388800127413,0.00956463072170201,0.99988016650531
"ENSG00000256043",-0.705996911807413,4.65962041083866,9.91323489965898,0.0096283876418945,0.99988016650531
"ENSG00000104738",0.685829808870596,6.47021681322475,9.89229881979907,0.00968456423808034,0.99988016650531
"ENSG00000160957",0.567834838267149,4.4236749324532,9.84653450388161,0.00980929743126383,0.99988016650531
"ENSG00000142867",-0.547273299313171,5.33475651247584,9.78875176858161,0.00996910286107704,0.99988016650531
"ENSG00000302660",-0.94636672713702,2.15377121390462,9.74551699557395,0.0100930726583072,0.99988016650531
"ENSG00000133119",0.61907975865856,5.82310613020227,9.5815281871173,0.0105691796544808,0.99988016650531
"ENSG00000177706",0.594238060311125,5.20716792132421,9.54231726729161,0.0106875524780148,0.99988016650531
"ENSG00000104112",-1.27590729575557,1.27155735680153,9.37454623065202,0.0112212039997861,0.99988016650531
"ENSG00000285082",-1.28635065216218,0.73068189855551,9.34877635574919,0.0113374271238593,0.99988016650531
"ENSG00000070950",0.598614766228571,4.25935954592928,9.31306441406746,0.0114125174882365,0.99988016650531
"ENSG00000167325",0.512384266554524,6.16630225361167,9.29444509098861,0.0114736976346864,0.99988016650531
"ENSG00000198963",-0.824197865867458,3.32624205852756,9.27779406929343,0.0115294614706421,0.99988016650531
"ENSG00000286355",-1.62730844199513,0.155923765568711,9.2996065888094,0.0115746894932722,0.99988016650531
"ENSG00000259768",0.710027097580561,4.10850508611346,9.21337299622204,0.0117459823419161,0.99988016650531
"ENSG00000259130",1.57842901904178,1.86662508319075,9.2140245788179,0.0117478928507442,0.99988016650531
"ENSG00000166165",-0.53219518934937,6.35504511067663,9.1878221676757,0.0118330877243801,0.99988016650531
"ENSG00000144354",0.626845990228791,4.47331830826651,9.17802945112391,0.0118670047597171,0.99988016650531
"ENSG00000187741",0.579047525162149,5.41745532157627,9.15644699502123,0.0119414181581592,0.99988016650531
"ENSG00000230417",2.33395579503035,0.474928756726721,9.09019822016076,0.0122110616239211,0.99988016650531
"ENSG00000174628",1.3639749809614,1.88872235350408,9.06649322492575,0.0122613433931161,0.99988016650531
"ENSG00000114631",0.851676428823351,3.63376296149693,9.03300703477782,0.0123796786035665,0.99988016650531
"ENSG00000147408",0.934795145425009,2.49221497070394,9.01508913299704,0.0124456843842253,0.99988016650531
"ENSG00000184445",0.660541097051301,4.65257154011111,8.9882789376606,0.0125428419413537,0.99988016650531
"ENSG00000123219",0.632820571867277,4.63944813165125,8.98215908438757,0.0125654194842695,0.99988016650531
"ENSG00000092853",0.605240128105955,5.61753667627741,8.94156433656163,0.0127160902249684,0.99988016650531
"ENSG00000254528",-0.835758286712429,3.20026401750946,8.93853579229697,0.0127280634162336,0.99988016650531
"ENSG00000226004",-2.42095754698943,0.444087911815474,8.94831033101589,0.0127706305285636,0.99988016650531
"ENSG00000204616",-1.61157951682382,0.138776640174817,8.95730480129934,0.0127866661011299,0.99988016650531
"ENSG00000254659",-1.25939213109793,1.31186864349678,8.9097191525996,0.0128474505390742,0.99988016650531
"ENSG00000136492",0.68516828356792,4.95090556578541,8.86527228582893,0.0130056451983047,0.99988016650531
"ENSG00000184838",-0.461273597066735,6.19322191880628,8.84871957033084,0.0130693712301651,0.99988016650531
"ENSG00000050344",-0.442709113845512,5.13649605806535,8.84399973672872,0.0130876604211067,0.99988016650531
"ENSG00000067082",-0.530034653558807,7.27592742014062,8.84341187607147,0.0130899176397858,0.99988016650531
"ENSG00000101057",0.6050277962834,5.7172586181539,8.72133848424055,0.013573457589905,0.99988016650531
"ENSG00000051341",0.585498847310893,5.0939908022228,8.71183338782971,0.0136121135478064,0.99988016650531
"ENSG00000169245",-1.23069270942179,8.02944106486869,8.69568806643106,0.0136777494686322,0.99988016650531
"ENSG00000259343",1.90226901474751,0.541669355009758,8.66266086635246,0.0138502547412224,0.99988016650531
"ENSG00000226965",-0.661451325087071,4.22144720553324,8.64810858634824,0.0138740271690751,0.99988016650531
"ENSG00000172183",-1.08149201183562,6.74701416633856,8.58476359535183,0.014140058489646,0.99988016650531
"ENSG00000259755",-1.03855804976785,2.20055239345879,8.58327615716639,0.014149156499896,0.99988016650531
"ENSG00000166523",-1.0674311492103,1.21468589023537,8.56216078814276,0.0142479136532345,0.99988016650531
"ENSG00000232884",-1.05563000278359,4.36156423941497,8.52736699692819,0.0143868694143656,0.99988016650531
"ENSG00000152822",2.4239784214508,0.346315036224539,8.47279251247026,0.0146757290771805,0.99988016650531
"ENSG00000100162",0.626516148877307,4.72090933096467,8.42287595513667,0.014849134149336,0.99988016650531
"ENSG00000107282",0.713676485854983,3.35206720701287,8.40466655193775,0.0149320269259496,0.99988016650531
"ENSG00000175305",0.655165686877553,4.41498749397346,8.40425006178506,0.0149334470191548,0.99988016650531
"ENSG00000196296",3.09883149325328,0.350742727953474,8.41772004516398,0.0149575133845355,0.99988016650531
"ENSG00000244482",-1.61806045778008,0.440332105214435,8.39449831211958,0.0150522689592833,0.99988016650531
"ENSG00000130675",1.04514520894377,2.4100524633535,8.36961407237233,0.0150936632879228,0.99988016650531
"ENSG00000290838",-0.531169186834871,6.17205926787348,8.36039374823122,0.0151338747606069,0.99988016650531
"ENSG00000105383",0.67673122534269,5.01310235302996,8.3572569852659,0.015148467842791,0.99988016650531
"ENSG00000156802",0.553119446475284,6.65826123733017,8.3369232810437,0.0152426062314751,0.99988016650531
"ENSG00000164649",0.772962800756277,4.07794937342224,8.30683639442141,0.0153837399573659,0.99988016650531
"ENSG00000125148",-0.648150473874771,10.7138855559755,8.29218840914652,0.0154524600143398,0.99988016650531
"ENSG00000184271",1.45586085077013,1.48371023501919,8.24671146164185,0.0156768109667073,0.99988016650531
"ENSG00000289899",-0.660833650296659,6.03203729933085,8.19547908553642,0.0159181317755545,0.99988016650531
"ENSG00000169248",-1.57327031820249,5.53405251519308,8.14066757615018,0.0161895723515392,0.99988016650531
"ENSG00000129951",0.612074006846052,5.147927210321,8.13067311910345,0.0162398661515441,0.99988016650531
"ENSG00000113302",-1.14151864783812,6.54528853257029,8.12930862661258,0.0162464768660556,0.99988016650531
"ENSG00000162692",-0.84564362436562,4.34447261749176,8.09955952305879,0.0163969946287769,0.99988016650531
"ENSG00000182183",1.34442964469439,1.76403171627817,8.0887788750054,0.0164579132189059,0.99988016650531
"ENSG00000189077",-0.574149356332764,4.26940935430442,8.05663825404981,0.016616764487654,0.99988016650531
"ENSG00000124145",-0.536173187438435,5.87968126348313,7.95629556067604,0.0171442411785469,0.99988016650531
"ENSG00000086619",-0.503555628878646,4.78561164485001,7.92817593234114,0.0172959219994583,0.99988016650531
"ENSG00000157827",-0.501271948688806,5.80492269132499,7.92355291521912,0.0173207905256046,0.99988016650531
"ENSG00000204592",-0.585478196861494,6.6203051281439,7.86974916575894,0.0176156645779308,0.99988016650531
"ENSG00000308028",1.05309425732495,2.93287613509871,7.85765731828077,0.0176836713307322,0.99988016650531
"ENSG00000226605",3.49724686394978,0.000707207996593366,7.88027746938718,0.0176931044490173,0.99988016650531
"ENSG00000062822",1.25509222238787,2.18886129873224,7.84941341257477,0.017731311909843,0.99988016650531
"ENSG00000196843",-0.587645967857057,4.44273584812066,7.84005055051453,0.0177812762063639,0.99988016650531
"ENSG00000255135",1.0408388135359,2.04485648371594,7.83119338889312,0.0178341300064776,0.99988016650531
"ENSG00000075702",0.746237058470437,3.53064254734845,7.80460729999548,0.0179814835236169,0.99988016650531
"ENSG00000151470",-0.578460049558098,3.94021304700484,7.79818593649744,0.018017649221606,0.99988016650531
"ENSG00000093009",0.639863967834997,5.03931243968989,7.75699151182267,0.0182536199300192,0.99988016650531
"ENSG00000183814",0.613732072090057,4.4877155399115,7.73713460674522,0.0183689189489054,0.99988016650531
"ENSG00000152578",-1.03841444427009,1.65295735683597,7.72665394198284,0.0184356292636535,0.99988016650531
"ENSG00000109084",0.510082933572635,4.85995413860505,7.70235456349613,0.0185726556848084,0.99988016650531
"ENSG00000291114",1.51154525125076,2.22710689281996,7.66570338165381,0.0187927885038771,0.99988016650531
"ENSG00000204564",1.07662621127018,2.03714284874737,7.65472155496045,0.018860607594496,0.99988016650531
"ENSG00000143476",0.66458698358951,5.11522280546851,7.64437423301431,0.0189185708536524,0.99988016650531
"ENSG00000267549",1.98499243617277,0.435259412794476,7.60447230944621,0.0192233453630998,0.99988016650531
"ENSG00000140105",-0.676710547631578,6.8291586313281,7.58271484692659,0.0192948510443685,0.99988016650531
"ENSG00000271133",-1.78889707300774,0.0878827724336752,7.58962941843944,0.0194003644964598,0.99988016650531
"ENSG00000167513",0.695103723889672,5.13860168540335,7.56145248007742,0.0194268758107233,0.99988016650531
"ENSG00000186827",-0.728949847636576,4.34389372907026,7.55180604164807,0.0194871971479861,0.99988016650531
"ENSG00000105173",0.713908006147497,3.66744237610382,7.51594903751225,0.0197132649102675,0.99988016650531
"ENSG00000241472",0.918202793483794,2.81881648208219,7.50475622107916,0.0197851954434033,0.99988016650531
"ENSG00000134343",-0.9062018863306,2.87197407115112,7.50166490668665,0.0198046103360209,0.99988016650531
"ENSG00000164070",0.574609470106115,3.95850180666447,7.49723452529384,0.0198320887798923,0.99988016650531
"ENSG00000154721",-1.89373768978387,0.272728754354837,7.49712920185017,0.0199568159514305,0.99988016650531
"ENSG00000177084",0.638073016628776,4.82461712163153,7.4724863727786,0.0199906960913353,0.99988016650531
"ENSG00000153044",0.575874370776862,3.98163858315198,7.33205313402141,0.0209214528640196,0.99988016650531
"ENSG00000164463",-0.464669249436064,4.83462507868296,7.31587238109107,0.0210317763911567,0.99988016650531
"ENSG00000108771",-0.891450709683509,4.95404117692238,7.28508535754942,0.0212439708708554,0.99988016650531
"ENSG00000146425",-0.64771658676638,6.46033605332669,7.26420014567337,0.0213892849790586,0.99988016650531
"ENSG00000231171",1.40576951636595,0.921095897182299,7.2531242265701,0.0215079155802997,0.99988016650531
"ENSG00000185760",0.556225687164545,5.83333999680872,7.23149239524405,0.0216195213913573,0.99988016650531
"ENSG00000128383",-1.32714632734008,2.32516770552503,7.23165902277299,0.0216215402182553,0.99988016650531
"ENSG00000113749",0.506539565311289,5.2697562653751,7.20755374461357,0.0217899270991498,0.99988016650531
"ENSG00000108846",0.743658847760997,4.96407548753549,7.20107270012307,0.0218364291928989,0.99988016650531
"ENSG00000267041",0.758061798071766,3.20892613376139,7.17211240480373,0.0220462084432855,0.99988016650531
"ENSG00000075429",-1.0084979113254,1.73571365797187,7.13795105783062,0.0223006087165848,0.99988016650531
"ENSG00000132000",-1.05725897501792,2.73938075570112,7.13216711039982,0.0223388702652401,0.99988016650531
"ENSG00000103353",-0.442354942220164,4.65254163012428,7.10152316580468,0.0225646370808342,0.99988016650531
"ENSG00000120337",-1.51217444957568,1.89536421276355,7.09280479890576,0.0226368497772429,0.99988016650531
"ENSG00000228043",0.454016219348616,5.35565410067716,7.0809278331941,0.0227186559502353,0.99988016650531
"ENSG00000168779",-0.445660938081468,6.64442258875274,7.07671245701347,0.0227503623631361,0.99988016650531
"ENSG00000138646",-1.1224540211219,4.80226563546206,7.07495460339793,0.022763837334485,0.99988016650531
"ENSG00000092470",0.562993871105622,4.59563238363036,7.05681623599258,0.0229011124424013,0.99988016650531
"ENSG00000132109",-0.55776899961997,5.49490375958472,7.04679041179666,0.0229771460124139,0.99988016650531
"ENSG00000196415",0.668778493758125,6.08302142510323,7.04303082186814,0.023006130190607,0.99988016650531
"ENSG00000143409",-0.731505930285345,2.78221574066158,7.04112551384268,0.0230221286272195,0.99988016650531
"ENSG00000069493",-0.411803931923434,4.97596241702151,7.02914740250175,0.0231122595583238,0.99988016650531
"ENSG00000168995",1.13556328931847,2.06569135720521,7.02231221831267,0.023169273687471,0.99988016650531
"ENSG00000306426",2.17628305234372,0.0796975342527066,7.02610563232383,0.0232793117585048,0.99988016650531
"ENSG00000102524",-0.826471714764473,6.7248925839824,6.99751137499933,0.0233565635414805,0.99988016650531
"ENSG00000101460",-0.515887026849521,6.12611675595043,6.97288958025064,0.0235489782686575,0.99988016650531
"ENSG00000203321",1.04212658490559,2.07338935001892,6.9655201993901,0.0236107349534366,0.99988016650531
"ENSG00000127415",0.516324380409711,4.13300493148584,6.9650161768367,0.0236112372981039,0.99988016650531
"ENSG00000198417",-0.512827186015557,8.57674272113762,6.96387068862277,0.0236199277318101,0.99988016650531
"ENSG00000161267",0.516994938066276,4.15304673307791,6.95987567744442,0.0236518180931924,0.99988016650531
"ENSG00000011485",0.478568942631718,4.87459048038511,6.95764365204748,0.0236692497778565,0.99988016650531
"ENSG00000151062",0.698768475761419,3.53679845589722,6.93798163497262,0.0238256469150727,0.99988016650531
"ENSG00000289470",-0.405805659211164,6.74943230123909,6.92817245086409,0.0239033330571881,0.99988016650531
"ENSG00000306248",1.72664741805042,0.805415452020061,6.9254683108535,0.0239560424556385,0.99988016650531
"ENSG00000187720",0.684070500481138,3.528944850245,6.91730937595769,0.0239910117508732,0.99988016650531
"ENSG00000103241",-1.12028374586561,1.21107247454157,6.91644685915066,0.0240140803732535,0.99988016650531
"ENSG00000134317",1.693238289332,0.727288648368395,6.91245843999836,0.0240486284585805,0.99988016650531
"ENSG00000149554",0.645699709302004,4.89893175908168,6.90288087211575,0.0241068029652638,0.99988016650531
"ENSG00000077150",-0.436875765535006,6.6184329125774,6.88281532933679,0.0242693567915193,0.99988016650531
"ENSG00000106665",-0.432270174030649,5.1974416460547,6.88270163172469,0.0242703060070199,0.99988016650531
"ENSG00000128335",-0.654575945513641,3.77792165471075,6.88252087418557,0.0242722664626033,0.99988016650531
"ENSG00000133216",-0.800243059435411,3.11400085503149,6.86871316347416,0.024385632282656,0.99988016650531
"ENSG00000160051",1.75602166149902,0.798904252995773,6.86479140464583,0.0244411571102192,0.99988016650531
"ENSG00000117228",-1.12099855391487,6.34096143513102,6.8589228922192,0.0244648852805098,0.99988016650531
"ENSG00000134207",2.13840968907084,1.40176240136794,6.84988232251065,0.0245640365898807,0.99988016650531
"ENSG00000276085",-0.83640290790368,8.74260122366883,6.84162842281026,0.0246075949890115,0.99988016650531
"ENSG00000196839",-0.747381230671223,5.75397704737227,6.83639387907717,0.0246510036171537,0.99988016650531
"ENSG00000154642",-0.850607309629724,2.80018893337983,6.83030940062554,0.0247030658546313,0.99988016650531
"ENSG00000138738",0.661389697193927,3.22686024888376,6.82572563159253,0.0247408039468698,0.99988016650531
"ENSG00000234883",-0.391076114731613,5.98699549958931,6.81211058426736,0.0248535185440484,0.99988016650531
"ENSG00000295993",0.934496885770481,2.55386433843339,6.79632729183665,0.0249881302412112,0.99988016650531
"ENSG00000149485",0.539528372615362,6.49906211644185,6.79078225622994,0.0250330464397305,0.99988016650531
"ENSG00000167595",0.613719351015232,3.32268084198024,6.78540987093119,0.0250793698861324,0.99988016650531
"ENSG00000174125",-0.448634018918648,5.45743517573691,6.77757291974752,0.0251450380238973,0.99988016650531
"ENSG00000158406",-1.42386465109651,0.530470134736166,6.77861919950729,0.0252170184752949,0.99988016650531
"ENSG00000124226",-0.394240078162594,6.34862263816201,6.75178050554252,0.0253654145999809,0.99988016650531
"ENSG00000236311",3.38022047278327,0.522605138366421,6.73859810976003,0.02552852584063,0.99988016650531
"ENSG00000290525",-1.34992384739741,1.47625527913964,6.7298263301359,0.0255661515484152,0.99988016650531
"ENSG00000007255",-0.50257094629848,4.8780752088625,6.71203803005028,0.0257098541232851,0.99988016650531
"ENSG00000173715",0.946319646023964,3.06264676733747,6.71070907580144,0.0257222448590308,0.99988016650531
"ENSG00000302848",2.09921303378068,-0.0266212551100512,6.72166867437352,0.025763841737369,0.99988016650531
"ENSG00000108700",-1.05850128940559,8.4493314940717,6.68990859698733,0.025903666610481,0.99988016650531
"ENSG00000150477",0.615430570845946,4.464321218895,6.68828330518598,0.0259182956334584,0.99988016650531
"ENSG00000134470",-0.806064213834751,5.34735264556174,6.68045058626859,0.0259871828357314,0.99988016650531
"ENSG00000108557",0.446401911297085,4.58125383873659,6.67496068246272,0.0260360617467783,0.99988016650531
"ENSG00000092621",0.64304953266008,3.8568640704842,6.65841522659824,0.0261834995521507,0.99988016650531
"ENSG00000197702",0.630876781633518,3.63238651599283,6.6562328148082,0.0262030933832513,0.99988016650531
"ENSG00000293313",0.496895667066326,4.22195641706516,6.6473434967652,0.0262823119063723,0.99988016650531
"ENSG00000103037",0.711483961348834,2.87898285627764,6.64551135361631,0.0262998559833538,0.99988016650531
"ENSG00000225751",-1.70416444117571,0.201619347374422,6.6523211886598,0.0263724801741057,0.99988016650531
"ENSG00000189060",-0.390706561605649,7.03659058767773,6.61166877349777,0.0266042036736744,0.99988016650531
"ENSG00000165480",0.610691786320353,3.628101547807,6.6042585247146,0.0266724121726027,0.99988016650531
"ENSG00000005486",-0.488099518762994,4.42622823260648,6.5901958858389,0.0268007553970234,0.99988016650531
"ENSG00000231705",2.90746053789792,0.181791934806061,6.5623267791072,0.0271676959910546,0.99988016650531
"ENSG00000167670",0.466312892753248,5.36069038600487,6.54440854590956,0.0272248141243597,0.99988016650531
"ENSG00000154016",-0.899984844802997,2.09006061776175,6.5443805898158,0.027229535012539,0.99988016650531
"ENSG00000078295",-1.32384374163734,0.563513310191697,6.54556612294005,0.027302580759256,0.99988016650531
"ENSG00000165806",-0.432543507596329,4.68372475523028,6.53302665950635,0.0273318087280028,0.99988016650531
"ENSG00000198554",0.622655357186646,4.77080441609202,6.5300411008576,0.0273598536991379,0.99988016650531
"ENSG00000123485",0.570067136712681,3.95636271312075,6.51500068838991,0.0275021038549038,0.99988016650531
"ENSG00000277632",-0.658725513589712,8.78023902702022,6.5140016696611,0.0275110702009674,0.99988016650531
"ENSG00000286728",2.33676236885521,0.145826853676593,6.51304400408957,0.0276473528454672,0.99988016650531
"ENSG00000125878",2.08326990771934,0.423611376275282,6.50994787472031,0.0276716887595659,0.99988016650531
"ENSG00000117748",0.487920700655722,5.04504677004264,6.49460276433749,0.0276957472341189,0.99988016650531
"ENSG00000048028",0.642353625672387,3.27921771398811,6.47915181965146,0.0278444854894457,0.99988016650531
"ENSG00000118276",-0.532246583256096,3.70108622601953,6.4774278097465,0.0278608522131018,0.99988016650531
"ENSG00000075340",0.660506742336801,4.08172516466386,6.47369090148701,0.0278966416001782,0.99988016650531
"ENSG00000010322",0.534856107461931,5.14783304667882,6.46114933379529,0.0280174197115875,0.99988016650531
"ENSG00000101003",0.643412940767906,4.2928104573725,6.45697033973744,0.0280582937451674,0.99988016650531
"ENSG00000136235",-0.480665867780503,3.99392053796883,6.45637684034107,0.028064103757557,0.99988016650531
"ENSG00000115687",0.915812412617527,2.664303132231,6.45537925140581,0.0280753261771911,0.99988016650531
"ENSG00000245322",-0.944582210599096,2.43464595981187,6.44919077636794,0.028136080517751,0.99988016650531
"ENSG00000231609",-0.588090308571164,3.62085064059263,6.435957285909,0.0282633589044592,0.99988016650531
"ENSG00000159202",-0.500077923587708,7.09740493213526,6.43344729626642,0.0282872671598664,0.99988016650531
"ENSG00000151746",0.427378809157823,5.94287277463898,6.41905284787557,0.0284287485330584,0.99988016650531
"ENSG00000281091",1.55765209183474,1.42800340056638,6.38725028317621,0.0287529294098296,0.99988016650531
"ENSG00000088305",1.02981601413165,1.94180418467563,6.37996979387324,0.0288222168478762,0.99988016650531
"ENSG00000277443",-0.714103684624982,9.1042078110335,6.36055236528869,0.0290125711363886,0.99988016650531
"ENSG00000270558",1.45875168469754,1.125969443597,6.36120265709255,0.0290223968315808,0.99988016650531
"ENSG00000137752",-0.437159700926638,7.61162353851246,6.35799708051147,0.0290384025467305,0.99988016650531
"ENSG00000157873",-0.56548291615603,4.13097857898783,6.34848340791014,0.0291351948044755,0.99988016650531
"ENSG00000135899",-0.680977103573274,7.37744701626808,6.34469487994776,0.0291733198263307,0.99988016650531
"ENSG00000233608",0.609455894528478,3.85293256083088,6.34134867173009,0.0292078782847784,0.99988016650531
"ENSG00000162654",-0.919721114254508,5.45655319112401,6.33730360116472,0.0292486355332818,0.99988016650531
"ENSG00000115009",-0.603438212623626,6.17014411836839,6.33156738904506,0.0293072161240809,0.99988016650531
"ENSG00000187068",1.52883777584636,1.31705278366778,6.33054703617633,0.0293318134011852,0.99988016650531
"ENSG00000204428",1.38296389458248,0.769329034523863,6.30906404873989,0.0296077734116269,0.99988016650531
"ENSG00000235100",1.29721996980379,0.992448254688735,6.30379205272234,0.0296099715336483,0.99988016650531
"ENSG00000159685",0.851877170739634,3.31696692963823,6.28347597774093,0.0298049283112773,0.99988016650531
"ENSG00000188636",0.857758419452745,2.34126119975883,6.27248396389376,0.0299221508304187,0.99988016650531
"ENSG00000101868",0.513856650749389,5.30133602540212,6.26838094614367,0.0299622153790574,0.99988016650531
"ENSG00000073111",0.541515073952656,6.26803204999407,6.2663596727863,0.0299833943694787,0.99988016650531
"ENSG00000308185",0.62704808983748,3.73921318783725,6.26051320267993,0.0300456054136461,0.99988016650531
"ENSG00000115840",0.489679422819731,5.17153401318155,6.2494800196627,0.0301615161998048,0.99988016650531
"ENSG00000157514",-0.479981853674575,4.16928383620101,6.24677387333065,0.0301905417156387,0.99988016650531
"ENSG00000141994",-0.696764477381099,2.99561319167305,6.24565780969671,0.0302034090159554,0.99988016650531
"ENSG00000169136",-0.593737383204645,8.21739071722511,6.24491915644397,0.0302098244409871,0.99988016650531
"ENSG00000175573",-0.627546724918474,3.13801859476825,6.24250513043486,0.0302366893319091,0.99988016650531
"ENSG00000179965",0.877457933249278,2.45799755872905,6.2404472746202,0.0302597749100461,0.99988016650531
"ENSG00000112149",-0.731619468114539,5.71843814156373,6.23799252635061,0.0302834372961325,0.99988016650531
"ENSG00000165490",0.691345862066502,2.98183684111565,6.22148833513828,0.0304610626591934,0.99988016650531
"ENSG00000127954",-0.644752943908739,3.67132753128573,6.21230038708428,0.0305588645073174,0.99988016650531
"ENSG00000133069",-0.789705057038782,3.27276515116203,6.21153703422737,0.0305673435291396,0.99988016650531
"ENSG00000204287",-0.826654449523554,5.84085582386353,6.20652230197116,0.0306205534313799,0.99988016650531
"ENSG00000156587",-0.681818644141291,6.61043582908234,6.20462325269655,0.0306410307714238,0.99988016650531
"ENSG00000157224",1.50288805236595,0.708717319865233,6.204698240595,0.0306750016438261,0.99988016650531
"ENSG00000127418",0.813327145997157,4.17352960002358,6.18847506661553,0.0308163113783916,0.99988016650531
"ENSG00000185361",-0.557159819710155,3.70933178719625,6.17713586783438,0.0309400341977371,0.99988016650531
"ENSG00000099860",-0.580559575212743,4.98120568634959,6.17274661555447,0.0309875322199336,0.99988016650531
"ENSG00000198939",0.937788267324858,2.48326060944201,6.15989877884476,0.0311303932734567,0.99988016650531
"ENSG00000187210",0.446295701740583,6.1455610531799,6.15957598617829,0.0311319287759655,0.99988016650531
"ENSG00000149131",-0.877380249479078,2.3173011295715,6.15666589802675,0.0311672738440362,0.99988016650531
"ENSG00000146263",0.586688792099284,5.54605633329925,6.14770482506649,0.0312628891159959,0.99988016650531
"ENSG00000097021",0.487225952687391,4.43694462215856,6.14145108531343,0.0313324637981643,0.99988016650531
"ENSG00000233975",-1.38398667243679,0.785836136496075,6.14169853941495,0.0313660426692002,0.99988016650531
"ENSG00000154451",-0.583560435825281,5.09340324277023,6.13511495604468,0.0314025527013507,0.99988016650531
"ENSG00000303686",-1.73295241914469,0.262202029641003,6.12653899772932,0.0316252851195757,0.99988016650531
"ENSG00000090674",-1.06454589141616,0.99817703841987,6.11140470623939,0.0316937249625992,0.99988016650531
"ENSG00000168394",-0.703742073600989,7.09887492020573,6.0982931566981,0.0318151117002294,0.99988016650531
"ENSG00000213949",-0.471625891377308,5.21108926721105,6.08719354066306,0.0319408135785696,0.99988016650531
"ENSG00000266208",-0.618803795017267,3.02223625184364,6.08610215206955,0.0319548058064441,0.99988016650531
"ENSG00000128408",0.941590590521294,2.06844162899938,6.03912361142655,0.0324975500291673,0.99988016650531
"ENSG00000005189",0.723070634882352,2.98089377569263,6.02021211940606,0.0327135861463862,0.99988016650531
"ENSG00000231389",-0.851951716170741,2.80074183595879,6.00172399647568,0.0329306946110535,0.99988016650531
"ENSG00000184260",-0.571930897047983,3.2701116179943,6.00018093556258,0.0329481041218273,0.99988016650531
"ENSG00000100342",-0.718134503616954,3.64555514564614,5.99373496701478,0.0330238032199851,0.99988016650531
"ENSG00000180539",0.90194193143821,2.55998626332852,5.98638241942926,0.0331125998454566,0.99988016650531
"ENSG00000152443",-0.728536102670388,2.71362970004609,5.98439294939299,0.0331357358514646,0.99988016650531
"ENSG00000106605",-0.635854724779104,6.18461685889391,5.98024187203962,0.0331830586627454,0.99988016650531
"ENSG00000124201",-0.442760172318083,6.98365962447927,5.97248104665427,0.0332754521144095,0.99988016650531
"ENSG00000240065",-0.534445346850235,6.81461880556639,5.965718220822,0.0333562255920764,0.99988016650531
"ENSG00000198040",0.433907822886685,4.44094511794379,5.95990692180811,0.0334261546665026,0.99988016650531
"ENSG00000186174",-0.499803593385325,5.8285369288678,5.95866766870463,0.033440697118068,0.99988016650531
"ENSG00000156374",0.426694498373283,4.46468874995089,5.9578643337245,0.0334506628511584,0.99988016650531
"ENSG00000158050",-0.663693988001638,4.57248054677752,5.95780509326484,0.0334513586772644,0.99988016650531
"ENSG00000244682",-1.16996130899411,0.935199009769889,5.95680328422132,0.0334846667461483,0.99988016650531
"ENSG00000257242",-0.729041270495363,3.94096186610012,5.95093352062666,0.0335341383908688,0.99988016650531
"ENSG00000117226",-0.663305586402073,4.64991597234853,5.94965841444437,0.0335492945127104,0.99988016650531
"ENSG00000125726",-0.463829088086177,8.73946250064965,5.92928864461543,0.033795429532662,0.99988016650531
"ENSG00000112118",0.371524022065264,6.17452490497741,5.92648484555206,0.0338295346915958,0.99988016650531
"ENSG00000168297",0.370485469046945,5.71222615687894,5.9257901095437,0.0338379965516226,0.99988016650531
"ENSG00000249207",1.19632139348611,2.20951654297698,5.91551280950251,0.033966698881099,0.99988016650531
"ENSG00000113356",0.556742170354589,3.50680743898481,5.9001163596783,0.0341529831944525,0.99988016650531
"ENSG00000117419",0.387062013751904,5.43833879061522,5.88709579009057,0.0343129354067924,0.99988016650531
"ENSG00000105246",-0.58221697449099,9.38043235468417,5.88388157642698,0.0343527234809424,0.99988016650531
"ENSG00000303469",-1.25274999692294,0.526868318970776,5.87670253167641,0.0345232952772114,0.99988016650531
"ENSG00000117013",0.758192895516968,3.83290622876673,5.85745009207934,0.0346828169517171,0.99988016650531
"ENSG00000174307",-0.681109280347382,2.55924701299389,5.85716026875332,0.0346881733170498,0.99988016650531
"ENSG00000119917",-0.840251485207708,7.1476647171182,5.84774431165397,0.0348042215152235,0.99988016650531
"ENSG00000141560",0.514320499463608,3.79086248100349,5.84441069115175,0.0348469206101189,0.99988016650531
"ENSG00000130589",-0.527152748917195,6.22303657367225,5.8321025306114,0.0350018823300269,0.99988016650531
"ENSG00000177738",-0.368019591791962,5.77449942808442,5.8251888586387,0.0350896901924543,0.99988016650531
"ENSG00000245904",-1.00790449322304,1.77197935091886,5.82316019037326,0.0351226220027841,0.99988016650531
"ENSG00000260101",-0.867912916837876,1.93094351953996,5.81877491164206,0.0351768260379826,0.99988016650531
"ENSG00000121858",-0.887388931647134,6.76770632515885,5.81199696835787,0.0352579420941886,0.99988016650531
"ENSG00000135094",-0.989109962432777,2.02046895742747,5.81027600848128,0.0352855012100304,0.99988016650531
"ENSG00000149646",-1.22323465735881,1.06962522975793,5.80913949257753,0.0353230373478898,0.99988016650531
"ENSG00000147804",0.419642829512491,4.8905923062627,5.80212044220961,0.0353847735080021,0.99988016650531
"ENSG00000176890",0.414435403290243,6.08634452982034,5.80073227287312,0.0354024120759332,0.99988016650531
"ENSG00000027697",-0.400442564690195,6.97583491103276,5.79499151329164,0.0354762955815074,0.99988016650531
"ENSG00000008853",0.738379845556453,3.68070574103233,5.7788537775545,0.03568572439931,0.99988016650531
"ENSG00000277782",-1.15190012068357,0.308359824269545,5.78697173774849,0.0356958070145411,0.99988016650531
"ENSG00000117155",0.886357407609493,3.0560079232791,5.77502832600202,0.0357361686848533,0.99988016650531
"ENSG00000104267",0.474352311217904,7.99975466882842,5.77011214125466,0.0357987142752962,0.99988016650531
"ENSG00000152558",-0.382406638840286,9.07015238746462,5.76606034953049,0.0358515573753011,0.99988016650531
"ENSG00000164142",0.97892198625593,1.65319536348588,5.76557761526036,0.0358649603264706,0.99988016650531
"ENSG00000148572",-0.380879338775746,5.31962344655637,5.75548856090752,0.0359899151356562,0.99988016650531
"ENSG00000118412",0.441394170739795,5.78588878400455,5.75468477445365,0.036000443792225,0.99988016650531
"ENSG00000302876",1.34274943600878,0.922106902547681,5.754127274599,0.0360352972293416,0.99988016650531
"ENSG00000302820",1.08146734850882,2.45979899909404,5.75156733777516,0.0360435394104242,0.99988016650531
"ENSG00000137760",0.823694499614937,2.8405378578944,5.74497594368569,0.0361297843487618,0.99988016650531
"ENSG00000256789",0.828204028635337,3.19342629719443,5.74133909010349,0.0361773600241671,0.99988016650531
"ENSG00000245213",0.773184398026799,2.54789921601633,5.73995658248286,0.0361967072952297,0.99988016650531
"ENSG00000149930",0.42569760588312,4.59290824974453,5.70460381803668,0.036665132802024,0.99988016650531
"ENSG00000148357",2.13072006204547,0.0778149119773659,5.71556146773018,0.0366827120553216,0.99988016650531
"ENSG00000135913",0.50735878365241,5.05055366734137,5.68476993613226,0.0369321761936624,0.99988016650531
"ENSG00000276043",0.590910306760236,5.63383797275027,5.67964549868464,0.0370014807805029,0.99988016650531
"ENSG00000232098",-1.43238147203895,0.0968192095665176,5.69377465422519,0.0370458118657994,0.99988016650531
"ENSG00000160307",0.877456700189064,2.16724644531981,5.66830736269291,0.0371603634294509,0.99988016650531
"ENSG00000227706",0.661149054221764,6.15416120050533,5.6640557753368,0.0372138997011165,0.99988016650531
"ENSG00000086062",-0.467305685438396,6.68128335269573,5.65638592857764,0.0373185751961551,0.99988016650531
"ENSG00000169429",-0.656651839022026,10.804645726499,5.65140907558884,0.0373868518011374,0.99988016650531
"ENSG00000104998",-0.672591945893405,6.31101803747869,5.64632894890434,0.0374567142106291,0.99988016650531
"ENSG00000168765",-0.669127886557309,2.7206893345592,5.64395189087196,0.0374915962483614,0.99988016650531
"ENSG00000102096",-0.568208863676759,6.47913081098715,5.6433831167541,0.0374972917214747,0.99988016650531
"ENSG00000164604",-0.401942099530585,4.84219179917883,5.637686433224,0.0375761183335532,0.99988016650531
"ENSG00000144893",1.03375656091407,1.93256181276524,5.61753331579718,0.0378601454571835,0.99988016650531
"ENSG00000021355",-0.418242307266187,5.95870808341918,5.61278797106567,0.0379219218529861,0.99988016650531
"ENSG00000230426",0.641647040125599,6.10888265775059,5.60248689528819,0.0380661980784106,0.99988016650531
"ENSG00000228340",1.15837418773906,4.76926777648145,5.60111458759607,0.0380857527189404,0.99988016650531
"ENSG00000161132",-1.35711627524726,1.19980040634297,5.60135202508652,0.0381028753333353,0.99988016650531
"ENSG00000253311",-1.41406504693491,0.334650540530562,5.60788888638404,0.0381384287237191,0.99988016650531
"ENSG00000126453",0.450180681169531,5.63522519565849,5.59147404737281,0.0382211952946069,0.99988016650531
"ENSG00000147206",0.586928818485985,3.81726102143596,5.585608283808,0.0383048003413855,0.99988016650531
"ENSG00000187116",-1.3165721468222,0.974959420276149,5.58837575355351,0.038311244909418,0.99988016650531
"ENSG00000169715",-0.463195759597596,9.9405196818333,5.57943946975786,0.0383914108078455,0.99988016650531
"ENSG00000205413",-0.676095301690549,6.473344376926,5.57601395512046,0.0384400422024605,0.99988016650531
"ENSG00000136811",0.380453383024574,5.4967886043655,5.57525135321366,0.0384508992364327,0.99988016650531
"ENSG00000261115",1.34689405616155,0.579664803972471,5.57896149663465,0.0384517014241016,0.99988016650531
"ENSG00000186818",-0.499009799911866,6.05643030909056,5.56917941206843,0.0385372889425114,0.99988016650531
"ENSG00000076003",0.525782721890831,6.14464565242984,5.5627171241342,0.0386295074757394,0.99988016650531
"ENSG00000272168",-0.732592895550577,3.01773945552408,5.54616580944626,0.0388682846765816,0.99988016650531
"ENSG00000289569",1.53588173654633,0.507162631137412,5.54812723075732,0.0388959358553359,0.99988016650531
"ENSG00000242048",-1.29807122163505,0.388032663471329,5.53495769996677,0.0391372185441313,0.99988016650531
"ENSG00000166704",0.878336528654832,2.55997184434916,5.52531360244612,0.03917074909709,0.99988016650531
"ENSG00000128951",0.340103051668736,7.29018365259544,5.52359889034591,0.0391934784628586,0.99988016650531
"ENSG00000076258",-0.365995620139674,4.88709414412336,5.51059248995027,0.0393834922253195,0.99988016650531
"ENSG00000146729",-0.348893752106493,6.23723930815035,5.50911568201563,0.0394048280690328,0.99988016650531
"ENSG00000137936",-0.609577280935717,5.37406821518113,5.50776060275009,0.0394246893456305,0.99988016650531
"ENSG00000150637",-0.695691254126035,3.01005803124444,5.50361084049689,0.0394868498826419,0.99988016650531
"ENSG00000291224",0.545197767631236,3.97000340275541,5.50086729543862,0.0395263518396861,0.99988016650531
"ENSG00000301087",1.62411706479822,0.416812194517829,5.48812186691108,0.0398056817016526,0.99988016650531
"ENSG00000295460",1.83606153588783,0.42775422290486,5.48480563667662,0.0398552423562181,0.99988016650531
"ENSG00000100376",-0.496510937737599,4.73313970031142,5.47596363121824,0.0398941385723637,0.99988016650531
"ENSG00000075213",-0.603913544213366,6.3247573111708,5.47106349805069,0.0399667225623532,0.99988016650531
"ENSG00000294734",-0.797226252957936,10.6844684663087,5.47020510934204,0.0399795022145282,0.99988016650531
"ENSG00000123473",0.508408742497638,5.32390040022276,5.46713984593109,0.0400252416996648,0.99988016650531
"ENSG00000133816",0.486712286156278,4.62426518156034,5.46149014623472,0.0401099701667992,0.99988016650531
"ENSG00000100320",-0.409048124430216,5.6919230117682,5.45959219952838,0.0401380307647679,0.99988016650531
"ENSG00000184916",0.706586280614923,2.89889487301953,5.44967065225173,0.0402883005786394,0.99988016650531
"ENSG00000070371",0.564962485131412,5.2109269985249,5.44815944867752,0.0403097445497446,0.99988016650531
"ENSG00000160949",0.514138683374893,4.12110010716739,5.44495340423563,0.0403583976079233,0.99988016650531
"ENSG00000174099",-0.932977015136814,2.99286416242196,5.43494017363789,0.0405108225469842,0.99988016650531
"ENSG00000073060",0.41158566405722,5.90199980672975,5.42385667563934,0.0406773986501867,0.99988016650531
"ENSG00000204642",-0.472977609757665,4.99546683220565,5.40985950199156,0.0408911431810008,0.99988016650531
"ENSG00000188313",-0.591591324261758,7.58850662010389,5.40353356295795,0.0409880591098165,0.99988016650531
"ENSG00000133958",-0.642862421554835,5.53586500340414,5.39541947171959,0.0411129246319464,0.99988016650531
"ENSG00000279822",-1.18420217654651,0.886708377356851,5.39647121944145,0.0411313331039192,0.99988016650531
"ENSG00000307331",1.43698136450984,0.722684094504947,5.39516798446436,0.0411619691310256,0.99988016650531
"ENSG00000151948",1.61286193086667,0.623705372072989,5.39296664602151,0.0412422737135069,0.99988016650531
"ENSG00000168283",-0.397230742394918,5.2323295573779,5.38614988493968,0.041256133189361,0.99988016650531
"ENSG00000196092",-0.584613790704497,4.78893596152716,5.38372185810564,0.0412939913356434,0.99988016650531
"ENSG00000167065",-0.457224655269483,3.75415447267869,5.38218428312976,0.0413182191529227,0.99988016650531
"ENSG00000064763",0.416681561321603,5.53013837202876,5.37188867107649,0.041477594483902,0.99988016650531
"ENSG00000171522",-0.533355981805107,6.70989976993743,5.35308088961401,0.0417718729628785,0.99988016650531
"ENSG00000185880",-0.82523952888673,3.18161800293689,5.35209701023739,0.0417884906640142,0.99988016650531
"ENSG00000272431",1.26221836231887,0.559423113378014,5.35603356503814,0.0417910840301588,0.99988016650531
"ENSG00000097007",0.328647690004323,6.18939398683243,5.34767655522546,0.041856912856428,0.99988016650531
"ENSG00000076513",-0.368547519600196,4.75218007567693,5.3445163958328,0.0419070300059568,0.99988016650531
"ENSG00000172724",-0.736498864914819,4.35089502271461,5.34412239809668,0.0419133514912432,0.99988016650531
"ENSG00000095794",-0.354129088727089,4.85396331983045,5.34385518902813,0.0419173733551713,0.99988016650531
"ENSG00000162073",0.411786571850675,4.9065009070834,5.34241593572627,0.041940109918223,0.99988016650531
"ENSG00000196663",0.411683999620877,4.8263463372981,5.3399707631965,0.0419787359833399,0.99988016650531
"ENSG00000293682",1.73272169846757,0.318624059236592,5.34697979995228,0.0420603569107938,0.99988016650531
"ENSG00000089177",0.635834126189681,2.89330522019221,5.30058699511134,0.0426085141465319,0.99988016650531
"ENSG00000288771",-0.518260168506292,3.56097553248749,5.29916796696483,0.0426303911869316,0.99988016650531
"ENSG00000135334",-0.359602517012793,5.75849763420522,5.29878460899537,0.0426358635053396,0.99988016650531
"ENSG00000185420",0.513298949650524,9.04121882173137,5.29724371406399,0.0426606799505666,0.99988016650531
"ENSG00000258227",1.3589648630184,1.011942100782,5.29410278850157,0.0427459548370586,0.99988016650531
"ENSG00000114315",-0.368765531989165,4.9594464233736,5.28778804477677,0.0428135589879745,0.99988016650531
"ENSG00000118596",0.551671678854762,4.46882722704367,5.28591555720837,0.0428441376603766,0.99988016650531
"ENSG00000087495",0.808346233222237,5.69932624394302,5.28426565687871,0.0428705744029045,0.99988016650531
"ENSG00000119922",-0.787996040155587,5.78733713507376,5.28095553162723,0.0429242927625862,0.99988016650531
"ENSG00000138069",-0.323177524262722,7.04372393320957,5.28043220535539,0.0429327799509561,0.99988016650531
"ENSG00000103855",-0.312050200831575,6.17914275490627,5.27890159507666,0.0429576645146601,0.99988016650531
"ENSG00000267383",0.458494353014957,4.64300790358986,5.27331244912866,0.043048979475094,0.99988016650531
"ENSG00000186318",0.481385788207952,4.38329194364582,5.26749467131132,0.0431440301264929,0.99988016650531
"ENSG00000174145",-0.959416167289012,2.36593183099919,5.25608179243546,0.0433336638527474,0.99988016650531
"ENSG00000138606",1.96127096836168,0.125547077689716,5.25346765330887,0.0435037671325333,0.99988016650531
"ENSG00000188163",1.11782982724899,1.86156718473149,5.24255376614217,0.0435596819770402,0.99988016650531
"ENSG00000294522",2.42356310001844,0.348951897696575,5.24481844331871,0.0435713630468757,0.99988016650531
"ENSG00000109685",0.455334881031888,6.43572654380478,5.24005862325253,0.0435949089646417,0.99988016650531
"ENSG00000135828",-0.426055330303385,4.58227621921609,5.23834685755977,0.0436236061211704,0.99988016650531
"ENSG00000255198",0.691788923384242,3.79815584317997,5.23038941838983,0.0437559749569139,0.99988016650531
"ENSG00000116514",-0.545472678020238,6.08060719011643,5.22675281044291,0.0438158438915922,0.99988016650531
"ENSG00000124496",0.377190241225802,7.04934537515014,5.21843269455778,0.0439546761411759,0.99988016650531
"ENSG00000129347",0.379656824968374,4.94379796545366,5.21054245839773,0.0440870293658241,0.99988016650531
"ENSG00000246214",2.82055924360738,-0.0497745324163033,5.20754918943204,0.0442830411666426,0.99988016650531
"ENSG00000224789",-0.828497546345877,1.54624517879888,5.18042728965802,0.0446075018548405,0.99988016650531
"ENSG00000138755",-0.998019074951234,2.51000254331699,5.17392107551515,0.0447094874342656,0.99988016650531
"ENSG00000198363",0.403543774701228,5.96317005448996,5.16523884627819,0.0448551166394474,0.99988016650531
"ENSG00000166508",0.392034389285001,6.10821443899319,5.14931278257915,0.0451290605051343,0.99988016650531
"ENSG00000134321",-1.00160883653722,6.19636290392299,5.14255857462135,0.0452458502883248,0.99988016650531
"ENSG00000160791",-1.03829629180343,0.565932131659453,5.14252685333179,0.0453375024820912,0.99988016650531
"ENSG00000157557",-0.369130285490046,6.57374171759429,5.13244641068245,0.0454213920129862,0.99988016650531
"ENSG00000114491",0.364208761758622,5.02626550796827,5.12767623692499,0.0455046538537043,0.99988016650531
"ENSG00000137496",0.537126352220398,3.29333269678395,5.12595746819185,0.0455355849850798,0.99988016650531
"ENSG00000187608",-0.959722902945873,9.27223174521618,5.12312697228419,0.045583907394396,0.99988016650531
"ENSG00000152661",-0.790853345604304,2.13208071442957,5.1197645846089,0.0456474379615126,0.99988016650531
"ENSG00000110324",-0.481285575115975,7.48893033516267,5.11795319689485,0.045674439196418,0.99988016650531
"ENSG00000113494",-1.17336488800336,2.9936958100127,5.11777998809883,0.0456792249322087,0.99988016650531
"ENSG00000260360",-0.933963920486802,1.3825062352504,5.11452743984977,0.0457524713409039,0.99988016650531
"ENSG00000136861",0.394714219427091,5.42610004383876,5.10920351237107,0.045828067407889,0.99988016650531
"ENSG00000240583",-0.804006065302449,1.5222395346601,5.10410808387793,0.0459276808849188,0.99988016650531
"ENSG00000137265",-1.03575271854316,0.666172909814508,5.1070318912028,0.0459316414645818,0.99988016650531
"ENSG00000274859",0.976581468616905,1.95827522262947,5.09833872331116,0.0460268482600579,0.99988016650531
"ENSG00000309259",-0.935865338352456,2.45224216183593,5.09775295534401,0.0460336689914023,0.99988016650531
"ENSG00000179583",-0.773955228723957,2.13797003989669,5.09142326329709,0.0461466843341746,0.99988016650531
"ENSG00000151490",-0.503525949033144,3.51878040562402,5.08743644851952,0.046213797981344,0.99988016650531
"ENSG00000182580",-0.678672647125641,3.17307386761855,5.08288213288815,0.046295143775088,0.99988016650531
"ENSG00000089127",-0.744324523138988,6.91188428396455,5.07892888688366,0.0463643878181457,0.99988016650531
"ENSG00000068308",-0.33032254864068,5.14636898462113,5.07785172713503,0.0463836498343335,0.99988016650531
"ENSG00000117877",0.385808425278391,4.83055837315852,5.07673848190656,0.0464037306368865,0.99988016650531
"ENSG00000286924",0.839472693078287,3.1382182792042,5.07633895378812,0.0464119139010105,0.99988016650531
"ENSG00000174842",0.378042047018539,5.82714848859346,5.07358598984027,0.046459849170143,0.99988016650531
"ENSG00000278259",0.390535197199144,5.24210218760384,5.06663046938078,0.0465844849398728,0.99988016650531
"ENSG00000142700",-0.318829842329191,5.66336770796729,5.06093422186324,0.0466868279842286,0.99988016650531
"ENSG00000107798",-0.360182774337519,5.5637925269272,5.05647854499804,0.0467670833906019,0.99988016650531
"ENSG00000177335",-0.539786721324168,3.73014997548409,5.04566956988803,0.0469631140820329,0.99988016650531
"ENSG00000246430",-0.828266018647712,1.56774386249528,5.04578991333216,0.0469694705857557,0.99988016650531
"ENSG00000144655",-0.450092965045541,4.1263271048028,5.0400846736359,0.0470642355648626,0.99988016650531
"ENSG00000165244",0.644934371569555,4.81967727009169,5.03566535161274,0.0471444978306653,0.99988016650531
"ENSG00000057019",0.452758523622219,4.61049556270594,5.03376773384951,0.0471791098603404,0.99988016650531
"ENSG00000170542",-0.362680978434323,6.29206216870259,5.03121877375447,0.0472252353799457,0.99988016650531
"ENSG00000130881",1.01714753371621,1.72298586803797,5.03052536576076,0.0472458248668529,0.99988016650531
"ENSG00000205903",0.435898657991954,4.3405761346389,5.02516113269145,0.047336311335237,0.99988016650531
"ENSG00000113441",-0.360774462615365,5.98263288114062,5.01425273949659,0.0475360486150956,0.99988016650531
"ENSG00000177098",0.790329805739122,2.55847767907103,5.00205566956473,0.0477637173944643,0.99988016650531
"ENSG00000272825",-0.551265022468824,2.97566870086703,4.98472402338484,0.0480843108928128,0.99988016650531
"ENSG00000102878",0.874090569941258,1.71747982168635,4.98490381484495,0.0480872767153275,0.99988016650531
"ENSG00000168071",0.53954882781647,3.81348037051316,4.98432651024475,0.0480911311803327,0.99988016650531
"ENSG00000271503",-0.484312636851443,9.1487097617245,4.98000629048019,0.0481710380376089,0.99988016650531
"ENSG00000134109",-0.480917962059909,7.49139697607998,4.9721548358292,0.0483180767328096,0.99988016650531
"ENSG00000255993",-1.16577077432137,0.219586246647971,4.97502140882421,0.0484721734894145,0.99988016650531
"ENSG00000221963",-0.512972183989615,6.20685515148286,4.96115919193804,0.0485249251006479,0.99988016650531
"ENSG00000216937",0.514294209377419,4.57121012077129,4.96089445444854,0.0485302730511868,0.99988016650531
"ENSG00000170456",0.496642070578227,4.41015401972881,4.94155222841303,0.0488968102692194,0.99988016650531
"ENSG00000117091",-0.510982964908076,3.41360445914276,4.93807157970634,0.0489636411830761,0.99988016650531
"ENSG00000169398",0.887823765304828,4.43503437361369,4.93663379113433,0.0489905425011906,0.99988016650531
"ENSG00000225762",0.986701100346743,2.11229835754377,4.93679992396897,0.0489918622377346,0.99988016650531
"ENSG00000069974",0.43428580701632,6.28343175595164,4.93499494489306,0.0490214609472764,0.99988016650531
"ENSG00000183044",0.547550820142817,3.84559748550918,4.93061168199542,0.0491058357017842,0.99988016650531
"ENSG00000170430",0.434109777581534,5.17788415863701,4.92968287280612,0.049123144871549,0.99988016650531
"ENSG00000140280",-0.519203430566081,5.23914593595921,4.9257178726941,0.0491990316529413,0.99988016650531
"ENSG00000113583",-0.321053362773872,6.01998204600113,4.92217234440353,0.0492670685696977,0.99988016650531
"ENSG00000163739",-0.573407331173332,7.56904076371056,4.91460511805359,0.0494127036603569,0.99988016650531
"ENSG00000189376",-0.387827559317363,4.45228090565348,4.9108283956064,0.0494859864311236,0.99988016650531
"ENSG00000259316",1.03001282024022,1.52519254860951,4.90851732113285,0.0495477814907238,0.99988016650531
"ENSG00000117480",1.35771325992032,0.917418111698876,4.90524278756021,0.0496191572189768,0.99988016650531
"ENSG00000169299",0.337845907096901,5.44642961189021,4.9031426341325,0.049634355231733,0.99988016650531
"ENSG00000136854",0.495669199751961,4.03595927106024,4.90296582558467,0.0496382039594363,0.99988016650531
"ENSG00000249084",1.29482184392553,0.410494238225486,4.91152723763928,0.0496592228303344,0.99988016650531
"ENSG00000138678",0.643280935196386,3.12839707180587,4.90009722157588,0.0496945629779896,0.99988016650531
"ENSG00000125144",-0.386208948330825,8.13432485418244,4.89807163185866,0.0497327559562652,0.99988016650531
"ENSG00000249036",-0.745070107151121,4.79463067598393,4.89758093313086,0.0497424439442715,0.99988016650531
"ENSG00000297007",-0.98630391555621,1.32777999003311,4.8974461988596,0.0497625011670879,0.99988016650531
"ENSG00000235750",-0.652209697197603,3.06969090340115,4.89202582343798,0.0498518629504348,0.99988016650531
"ENSG00000198947",-0.685799033731494,2.61240167632707,4.88780159705133,0.049935478959902,0.99988016650531
"ENSG00000068079",-0.687164432757749,6.3876059539287,4.88696611544275,0.0499491620885863,0.99988016650531
"ENSG00000086200",0.401650668088683,4.33419199141604,4.88691049609423,0.0499506586931686,0.99988016650531
"ENSG00000275496",0.910052380502215,1.76982553220572,4.88461308090329,0.0500032004733632,0.99988016650531
"ENSG00000272888",-0.633622786135152,3.29072868463445,4.88161811452507,0.0500549527977271,0.99988016650531
"ENSG00000233834",-0.659210325887187,2.8331422509514,4.88064516623096,0.0500749861466804,0.99988016650531
"ENSG00000306015",2.00297754902291,0.0862475007423086,4.88166386738296,0.0502544679293416,0.99988016650531
"ENSG00000100749",0.374598111149319,5.90735193329837,4.86751616180006,0.0503309421680406,0.99988016650531
"ENSG00000091436",0.37135889068051,5.84069100249251,4.86736480950175,0.050333927481713,0.99988016650531
"ENSG00000158481",0.989411532191388,1.20357932591459,4.86542025727411,0.0503874567879014,0.99988016650531
"ENSG00000113312",-0.34715591698686,6.44289452872175,4.86157878148045,0.050448182230743,0.99988016650531
"ENSG00000269973",-0.72739094375249,2.52486162631465,4.86011116037463,0.0504802479926651,0.99988016650531
"ENSG00000162645",-0.702386869696352,4.90740001548141,4.85248077918102,0.050628627895332,0.99988016650531
"ENSG00000239713",-0.475728109450232,5.19577977489486,4.85110877099379,0.050655789854905,0.99988016650531
"ENSG00000132182",0.534797369218159,5.50667173450137,4.85046315274911,0.0506686219480018,0.99988016650531
"ENSG00000163006",0.615613661939815,4.24640697006197,4.83950516967603,0.0508874532896583,0.99988016650531
"ENSG00000135643",0.956576660527957,1.62500506394904,4.83902918514898,0.0509061147048098,0.99988016650531
"ENSG00000132530",-0.610531794869991,6.77795361698143,4.83370525002924,0.0510030937020924,0.99988016650531
"ENSG00000143479",1.9916190030811,0.0353201450623948,4.84022579708807,0.0510475022587905,0.99988016650531
"ENSG00000175066",0.67639128160274,3.31137661534018,4.82996640727291,0.0510791551519938,0.99988016650531
"ENSG00000140379",-0.787549970430536,6.07591865349409,4.8290858647757,0.051095785140889,0.99988016650531
"ENSG00000141576",1.01469311587752,3.52819979730112,4.82840868163824,0.0511101846779501,0.99988016650531
"ENSG00000183726",-0.347665584616237,7.35776072029247,4.8190609938173,0.0512976186516121,0.99988016650531
"ENSG00000026508",-0.431394236960827,9.27025813245881,4.81891999314647,0.0513004625379098,0.99988016650531
"ENSG00000167693",0.342081827652171,5.00671613051988,4.81654556938168,0.051348649266044,0.99988016650531
"ENSG00000183484",-0.395746767728597,6.79693114575802,4.8144582598096,0.0513906199243422,0.99988016650531
"ENSG00000147799",1.32038977877295,0.652254242920145,4.81453508331741,0.0514711525305785,0.99988016650531
"ENSG00000259986",2.55735378546284,0.024317954999281,4.81698702907675,0.0515201761425521,0.99988016650531
"ENSG00000163909",1.20583329623223,2.87917009499611,4.8016328097343,0.0516527123002354,0.99988016650531
"ENSG00000135336",0.418247890172163,4.78663851905143,4.79590477984538,0.0517679395601675,0.99988016650531
"ENSG00000160285",-0.408221168411523,4.61331797194193,4.7956163745811,0.0517738437686963,0.99988016650531
"ENSG00000156504",0.416329088608929,4.53627094417582,4.79506643025969,0.0517850830483255,0.99988016650531
"ENSG00000281016",0.968538197365557,2.10793511016993,4.79523274299793,0.0517859937073418,0.99988016650531
"ENSG00000173559",-0.45936600133606,6.48673620648864,4.79405016632728,0.0518054599689064,0.99988016650531
"ENSG00000157869",0.346073063840942,5.50498268203198,4.79189112749337,0.0518496054450456,0.99988016650531
"ENSG00000149428",-0.403739865977576,7.1725983872954,4.79098965427896,0.051868019852598,0.99988016650531
"ENSG00000235257",1.19976778920389,1.77009140376476,4.78689914274441,0.051958953750545,0.99988016650531
"ENSG00000125731",1.64830441923318,0.710536083208972,4.77725295788443,0.0521842317326685,0.99988016650531
"ENSG00000163131",-0.596167957545424,8.68208219916415,4.77256624387401,0.0522465865860533,0.99988016650531
"ENSG00000121966",-0.507128872979298,3.98432110457827,4.77125594127129,0.0522742536960638,0.99988016650531
"ENSG00000196116",-0.418720342241737,6.06950868515615,4.75495957349395,0.0526115463045925,0.99988016650531
"ENSG00000175832",1.57248068269623,1.34767495981186,4.7547203125794,0.0526293043345071,0.99988016650531
"ENSG00000001497",0.322721684350589,5.8330029800034,4.75347061995826,0.0526425562160422,0.99988016650531
"ENSG00000185215",-0.568666984262675,9.01328810560087,4.7522161636944,0.0526686748695576,0.99988016650531
"ENSG00000267062",2.21474167571016,0.869333349870971,4.75153547997419,0.0527416814037656,0.99988016650531
"ENSG00000227507",0.337049923482913,5.06182949153783,4.74475306003019,0.0528246424420428,0.99988016650531
"ENSG00000177570",1.70757642675451,1.05063563333253,4.74538834897955,0.0528382154570282,0.99988016650531
"ENSG00000259536",1.01942657371287,1.95758361849853,4.74345399213293,0.0528577328249933,0.99988016650531
"ENSG00000198133",-0.560897577187765,4.19065141897778,4.7424209147488,0.0528738132289898,0.99988016650531
"ENSG00000251129",1.41497124885061,0.209353364671852,4.73185789782373,0.0532254904087227,0.99988016650531
"ENSG00000115415",-0.654665985154359,9.07240736261119,4.72487123269982,0.053242424698507,0.99988016650531
"ENSG00000134072",0.377267649734094,6.50746781200281,4.72463481456328,0.0532474259062159,0.99988016650531
"ENSG00000081041",-0.560515169041729,4.94084510496302,4.7211959537147,0.0533203177781523,0.99988016650531
"ENSG00000146674",-0.443984316537868,10.1095802360502,4.71807574452201,0.0533861897557807,0.99988016650531
"ENSG00000138780",0.438071959094084,5.26682084712461,4.70948295850148,0.0535687006811657,0.99988016650531
"ENSG00000225718",1.31567217613297,0.464681502418667,4.707911181723,0.0536770950302174,0.99988016650531
"ENSG00000160193",0.424562718973729,4.8099974345444,4.70361723881667,0.05369390991712,0.99988016650531
"ENSG00000120436",-1.28576760946773,0.503656188119104,4.70434853046505,0.0538707111641615,0.99988016650531
"ENSG00000276070",-0.739055456163983,8.97403327955364,4.69332249120646,0.053913895909483,0.99988016650531
"ENSG00000185989",0.58669858767946,3.85459576925908,4.69286454398307,0.0539243239483732,0.99988016650531
"ENSG00000230756",-0.840191076476755,2.77864026385257,4.69044249327191,0.0539778682857051,0.99988016650531
"ENSG00000199740",-1.25318696304735,0.157942457171059,4.69628823387058,0.0540227425929342,0.99988016650531
"ENSG00000116157",0.447869222700057,4.42735828064564,4.67538064060597,0.0543008033513842,0.99988016650531
"ENSG00000162236",-0.386736492836638,4.43810820155237,4.67184928184148,0.0543772667427104,0.99988016650531
"ENSG00000168062",-0.506895398543069,3.76504181590809,4.66887843976059,0.0544419642125597,0.99988016650531
"ENSG00000148291",0.470403635980174,3.94973262122982,4.66514184030435,0.0545230526226501,0.99988016650531
"ENSG00000152784",-0.886945321537485,1.84428767226369,4.66447511041922,0.0545454448224215,0.99988016650531
"ENSG00000296451",-0.575516154823794,2.93459703400902,4.6622822190785,0.0545863555850376,0.99988016650531
"ENSG00000187860",1.5709784501036,0.186481282913953,4.66327876497672,0.0547273999651316,0.99988016650531
"ENSG00000197429",0.801089795079661,2.00703095682641,4.6554031785843,0.0547399320735836,0.99988016650531
"ENSG00000197694",0.36384450278266,4.59052799202462,4.64787038646628,0.0548999534194881,0.99988016650531
"ENSG00000248309",0.447572924331794,4.35916201122008,4.64723844963051,0.054913848321151,0.99988016650531
"ENSG00000256262",-1.34396433167332,0.582633653018053,4.64815036442595,0.055007641363889,0.99988016650531
"ENSG00000137310",0.64115096626958,3.22826164414344,4.64294025232668,0.0550092793792317,0.99988016650531
"ENSG00000166398",0.842139853127107,2.31829785512562,4.64235931191491,0.0550234579695447,0.99988016650531
"ENSG00000128284",-0.741668226677789,3.05273802879582,4.63950028416946,0.0550849932097823,0.99988016650531
"ENSG00000290926",0.34929305132267,5.38054921714083,4.63328137616383,0.0552206503243696,0.99988016650531
"ENSG00000078900",0.690830763818586,3.3547873150038,4.63300475673936,0.0552283743606653,0.99988016650531
"ENSG00000111335",-0.707445839918773,7.14846669810386,4.62796952350585,0.0553380783430107,0.99988016650531
"ENSG00000148019",0.519454241210102,4.56348728653833,4.62476678828808,0.0554094420740343,0.99988016650531
"ENSG00000013573",0.605029267739941,4.03947101823421,4.6241436178683,0.0554234627897907,0.99988016650531
"ENSG00000138642",-0.811809429665713,5.66507350152886,4.620599233814,0.0555015826090278,0.99988016650531
"ENSG00000059588",0.360654579357614,6.61779441670213,4.61277315747753,0.0556758082928829,0.99988016650531
"ENSG00000104213",-0.883037390438426,4.39148840484543,4.61199124072525,0.0556936717059078,0.99988016650531
"ENSG00000119326",0.674886687999624,3.07852862475942,4.60845843397464,0.0557739394898265,0.99988016650531
"ENSG00000127423",0.838105558235307,2.28960289293637,4.6025572008592,0.0559080833466685,0.99988016650531
"ENSG00000148154",-0.531719684547153,7.68297598829971,4.59945525079379,0.055973857337939,0.99988016650531
"ENSG00000058804",0.357320182644916,6.25443870345824,4.59873697905697,0.0559899975737561,0.99988016650531
"ENSG00000164619",0.862898774793785,1.53629809630437,4.58608907188265,0.0562840033654583,0.99988016650531
"ENSG00000232533",-0.635093236799801,2.77109090860448,4.58450354995573,0.0563128783087103,0.99988016650531
"ENSG00000299819",-0.822763807105998,2.8889946449608,4.57499374198551,0.0565281525712153,0.99988016650531
"ENSG00000110090",0.466295001171166,5.16009641879898,4.5682902336877,0.0566791298156198,0.99988016650531
"ENSG00000234832",-1.08909242554056,0.699104178557965,4.56074284013132,0.0569244648185146,0.99988016650531
"ENSG00000123240",-0.371214293343797,6.85842489969344,4.54313710268425,0.0572560424721972,0.99988016650531
"ENSG00000149927",1.15892306326922,2.13263200397608,4.54210818577983,0.0572846270247239,0.99988016650531
"ENSG00000077152",0.459296810299798,5.39747485859142,4.54030150238351,0.0573215816041439,0.99988016650531
"ENSG00000104814",1.11525975939847,2.86915794059739,4.5370579739482,0.0573995220538472,0.99988016650531
"ENSG00000159921",0.48140639849488,3.52615655280553,4.53115983024329,0.0575342795655228,0.99988016650531
"ENSG00000198142",-1.07312112684005,0.323435336672333,4.53497064271396,0.0576036910675816,0.99988016650531
"ENSG00000204136",-0.946881846080301,1.35404292606757,4.52840253798183,0.0576134285563915,0.99988016650531
"ENSG00000137814",0.37961353935659,4.69672334510626,4.52679315309611,0.0576352229249832,0.99988016650531
"ENSG00000223598",1.24398399847154,1.14193744799668,4.52786213912253,0.0576385385673229,0.99988016650531
"ENSG00000304056",1.14505248904315,0.798037560212268,4.52665237254896,0.0576766350057465,0.99988016650531
"ENSG00000139734",0.385522263990928,5.5337817585806,4.52486042179492,0.0576798772742317,0.99988016650531
"ENSG00000233237",-0.704254817534559,2.18706561508723,4.5240098335239,0.0577044442770455,0.99988016650531
"ENSG00000109667",0.395377674058906,5.7713546654181,4.52199257308875,0.0577467215879827,0.99988016650531
"ENSG00000151503",0.388887559627736,5.8958460097641,4.52141760898368,0.0577601264449039,0.99988016650531
"ENSG00000130684",0.657213024258198,3.04890244367998,4.51593781998456,0.0578895420562632,0.99988016650531
"ENSG00000262413",1.11897424422581,2.22588409667167,4.50794090487478,0.0580833939097194,0.99988016650531
"ENSG00000105612",-0.386385939038966,5.11654010796749,4.50579535795017,0.0581261103335239,0.99988016650531
"ENSG00000092330",-0.38439371973128,4.38566183951602,4.50524582817528,0.0581393819036061,0.99988016650531
"ENSG00000258731",-0.466929030172391,3.3636998087709,4.50337273888029,0.0581841955942031,0.99988016650531
"ENSG00000287242",1.94587960415153,0.371730217637296,4.50638211534116,0.0582605635633975,0.99988016650531
"ENSG00000118257",-0.817716469019051,5.65866194922633,4.49964034690642,0.0582710065854559,0.99988016650531
"ENSG00000163719",-0.302582864278719,6.55378319182793,4.49458232405556,0.0583904369357256,0.99988016650531
"ENSG00000105472",0.375274346287268,7.30318094514891,4.48470451545943,0.0586245688410919,0.99988016650531
"ENSG00000224699",0.369574462298171,4.95725470802703,4.48449599295672,0.0586297686159193,0.99988016650531
"ENSG00000126561",-0.415471415937262,4.95509499028907,4.48320871773679,0.0586602912433071,0.99988016650531
"ENSG00000168411",0.441603669441899,5.93591297961245,4.4741738680175,0.0588754556658658,0.99988016650531
"ENSG00000112699",0.346143610524289,5.4987504233254,4.47285714802156,0.0589069307288992,0.99988016650531
"ENSG00000100139",-0.460065616134497,3.75639208510212,4.47031524091758,0.0589684514638837,0.99988016650531
"ENSG00000137601",0.488893000956301,4.13089009109319,4.46498585601616,0.0590958782081045,0.99988016650531
"ENSG00000300042",-1.2573564341564,0.63639072630367,4.4682080701055,0.059100414457999,0.99988016650531
"ENSG00000131669",-0.506397099331061,6.65492051051758,4.46464530765494,0.059103582400833,0.99988016650531
"ENSG00000179399",-0.475566983214253,7.68163150686858,4.46457307606763,0.0591053114996008,0.99988016650531
"ENSG00000184408",0.521577341957618,4.13611312580864,4.46203960485079,0.0591675418491666,0.99988016650531
"ENSG00000289151",1.19912990568942,0.704469714382663,4.46275113078263,0.0591847350946895,0.99988016650531
"ENSG00000165304",0.459291961176019,4.72661285221435,4.46023601222497,0.0592098684452101,0.99988016650531
"ENSG00000298667",1.29893657338222,0.600791928492209,4.46007360132614,0.0592862431554121,0.99988016650531
"ENSG00000164045",0.575614352613825,4.03212230150701,4.45537886262101,0.0593271099077295,0.99988016650531
"ENSG00000066294",-0.569123313069634,4.85073542242478,4.45117240346481,0.0594283329392838,0.99988016650531
"ENSG00000188505",-1.01659241004007,0.270395874753016,4.45331114976952,0.0595581292735308,0.99988016650531
"ENSG00000204577",-0.994262785303377,2.20184501052611,4.44216176067896,0.0596506119920892,0.99988016650531
"ENSG00000120686",-0.370202502370105,5.90482922816882,4.441750493129,0.0596561919519323,0.99988016650531
"ENSG00000288528",-1.31516087217362,-0.189330520050659,4.43052090875706,0.0596998857629333,0.99988016650531
"ENSG00000137502",1.52627307977124,0.256132951138666,4.44135197693742,0.0597680773871487,0.99988016650531
"ENSG00000118785",-0.599028539191791,2.70050421788207,4.42956865350167,0.059954878335787,0.99988016650531
"ENSG00000188290",-0.593159071894632,3.41743020058389,4.42778544488722,0.0599974528436404,0.99988016650531
"ENSG00000197208",1.02994035055533,1.8390156296878,4.42438402650017,0.0600875164595932,0.99988016650531
"ENSG00000182504",0.709603793880748,3.06292410467177,4.41983928004454,0.0601925519621111,0.99988016650531
"ENSG00000101331",-0.603548717834284,2.77526458428053,4.41663871036515,0.060271416591591,0.99988016650531
"ENSG00000272772",-1.07505154159017,0.600935864717654,4.41437588934137,0.06040905823878,0.99988016650531
"ENSG00000162783",-0.368504435331451,6.76412288223732,4.4071396603378,0.0605036307080626,0.99988016650531
"ENSG00000115255",0.719600618665118,2.31589031845289,4.40732284251185,0.0605039658705698,0.99988016650531
"ENSG00000267394",0.62286183005894,3.43456870621271,4.40461008662897,0.0605671239669412,0.99988016650531
"ENSG00000298331",1.26686678169132,1.46534556289664,4.39393379421605,0.0608432453959856,0.99988016650531
"ENSG00000204569",-0.296222085356316,5.45645893870495,4.39018960968886,0.0609240600881757,0.99988016650531
"ENSG00000111670",-0.30693246496359,5.14238496445171,4.38334495951733,0.061094853332312,0.99988016650531
"ENSG00000256811",-1.21241292613213,1.22466124261198,4.37872137246604,0.0612365790730237,0.99988016650531
"ENSG00000075336",0.435922594309794,4.00295052863268,4.37460179690233,0.0613144309829293,0.99988016650531
"ENSG00000111879",1.22510406686467,1.83559601538947,4.36979630453364,0.0614423693774407,0.99988016650531
"ENSG00000138658",0.533924176499564,3.8513680723001,4.36344963685309,0.0615953058826683,0.99988016650531
"ENSG00000291237",-0.473807129814992,10.3124855752204,4.34434407552066,0.0620791883907424,0.99988016650531
"ENSG00000135976",0.508189956583025,5.51948362691707,4.34378424138661,0.0620934918559714,0.99988016650531
"ENSG00000116031",0.82471216059586,1.73379489735967,4.34256950794842,0.0621372878548408,0.99988016650531
"ENSG00000006625",0.388802376725785,5.03391783992261,4.34017568338851,0.0621857673354581,0.99988016650531
"ENSG00000133111",0.530220036438713,3.15183450762054,4.33848106693685,0.0622302949058275,0.99988016650531
"ENSG00000141013",0.876904150336813,2.56647009256887,4.33746016809886,0.0622574532878864,0.99988016650531
"ENSG00000286533",-0.490226879167187,4.58621717729558,4.33528911735964,0.0623108228705422,0.99988016650531
"ENSG00000101745",-0.362255573738812,6.49514958301039,4.33504326256693,0.0623168127443078,0.99988016650531
"ENSG00000247157",-0.668638661914896,2.0076512685713,4.33480072212536,0.062328482102828,0.99988016650531
"ENSG00000154589",-0.501222719365674,3.95121137308038,4.33381215416994,0.06234889827655,0.99988016650531
"ENSG00000165323",2.11006520840824,0.0877700648732998,4.33442950356705,0.0624971765260549,0.99988016650531
"ENSG00000271335",-0.620140636602472,2.63821443300716,4.32532419142819,0.0625689542057462,0.99988016650531
"ENSG00000183784",-0.696510914807984,2.45116364566538,4.32390376446684,0.062606660462413,0.99988016650531
"ENSG00000116985",0.814665007522433,4.89596265371265,4.32174986330839,0.0626587383010884,0.99988016650531
"ENSG00000145375",0.420557284923317,5.45801880182939,4.32092211617981,0.0626797421241519,0.99988016650531
"ENSG00000026751",-0.658632962157465,5.31038445693079,4.32009287631424,0.0627011428832052,0.99988016650531
"ENSG00000290146",0.995541670771594,1.39419165842801,4.31920071217185,0.0627366355995615,0.99988016650531
"ENSG00000144827",0.379963402622064,4.69807708615136,4.30844151591092,0.0630029980461658,0.99988016650531
"ENSG00000290928",0.39625301312139,6.4168389441465,4.30537029632081,0.0630823943483542,0.99988016650531
"ENSG00000147257",0.574906149666074,4.11622461254793,4.3052946338829,0.0630849986249321,0.99988016650531
"ENSG00000134871",-0.576452475727012,5.53694225142902,4.30220311720991,0.0631648031688618,0.99988016650531
"ENSG00000259590",-1.30523011495953,0.275616853714241,4.30749834121261,0.0631721834585355,0.99988016650531
"ENSG00000251834",-1.29521875720567,0.0730881094442199,4.30857969363168,0.0632501429829118,0.99988016650531
"ENSG00000091317",-0.339947159562327,7.81236604429357,4.29843470635925,0.063262988752918,0.99988016650531
"ENSG00000309262",1.66007622396447,0.233077149794717,4.29740842956908,0.0634131778983082,0.99988016650531
"ENSG00000301554",1.95620149147823,-0.039441940048202,4.29934180014389,0.0634357573376127,0.99988016650531
"ENSG00000297775",1.52078514308262,0.789440807994583,4.29232223563417,0.063457264043967,0.99988016650531
"ENSG00000110002",-0.647218264485096,2.0961205609873,4.2910657601587,0.0634604053647176,0.99988016650531
"ENSG00000242973",-1.00847973092517,0.829345915841482,4.28805694975235,0.0635799987224004,0.99988016650531
"ENSG00000182985",-0.700275473720407,5.35888085339593,4.28517838697951,0.0636099828547868,0.99988016650531
"ENSG00000138101",0.551631461148482,4.5044315189466,4.28308103889123,0.0636654695582549,0.99988016650531
"ENSG00000078804",-0.575876062954108,5.12407266930006,4.28290068421263,0.0636698512449392,0.99988016650531
"ENSG00000013374",-0.5240149827661,5.69384161249095,4.28178993246931,0.0636990372621235,0.99988016650531
"ENSG00000178773",0.794490088374695,2.83152745395638,4.28101696563406,0.063721363272892,0.99988016650531
"ENSG00000249738",-0.49346294663736,6.52565544764495,4.280403838235,0.0637354948931959,0.99988016650531
"ENSG00000101412",0.493653128101803,4.44943381574206,4.27977100631864,0.0637526522836614,0.99988016650531
"ENSG00000225830",0.494964567103238,3.37227239514475,4.27912183515129,0.0637703611777146,0.99988016650531
"ENSG00000123610",-0.541828033785419,6.3164640961621,4.27689497825071,0.0638279508378628,0.99988016650531
"ENSG00000145604",0.422263183486905,5.04771076847881,4.26812481374767,0.0640599699604975,0.99988016650531
"ENSG00000137947",-0.404521388405173,6.53140528411641,4.26616941353558,0.0641115731461333,0.99988016650531
"ENSG00000236528",0.91310562748506,2.12366849903354,4.26365831665663,0.0641832848190111,0.99988016650531
"ENSG00000170379",-0.950720305435165,0.629960871237729,4.26533315565221,0.0641881771722344,0.99988016650531
"ENSG00000163565",-0.665674377265106,7.89699976637946,4.26117024642025,0.0642442917325751,0.99988016650531
"ENSG00000168268",0.446207301253877,5.34851655173442,4.26088162020667,0.0642520009400906,0.99988016650531
"ENSG00000136108",0.386793422914432,4.97971298504822,4.25911569164631,0.064299126103723,0.99988016650531
"ENSG00000002549",-0.478854306490342,7.88236119959377,4.25891368597287,0.0643043126379484,0.99988016650531
"ENSG00000251493",-0.325577042216016,7.1161469728375,4.2508676545499,0.0645188876230604,0.99988016650531
"ENSG00000166710",-0.611299643057704,11.5722613366227,4.24789447986221,0.0645983956476525,0.99988016650531
"ENSG00000109184",0.46743492634456,4.80417910865284,4.24456714510462,0.064687839424419,0.99988016650531
"ENSG00000223865",-0.793537566553841,1.99624321737531,4.23821047028068,0.0648653051690967,0.99988016650531
"ENSG00000129667",-0.346227601937891,6.42240890071355,4.23540436399554,0.0649337422501069,0.99988016650531
"ENSG00000258441",-0.743363927991453,2.03136997320262,4.23170391475218,0.0650394609604989,0.99988016650531
"ENSG00000163644",-0.679640581742062,5.41550651274381,4.22756260334625,0.065145399555196,0.99988016650531
"ENSG00000180917",0.606886342137859,3.3929646717475,4.2246529334394,0.0652251755489982,0.99988016650531
"ENSG00000013364",-0.347155388437111,5.97605436449465,4.22168219600533,0.065304635288659,0.99988016650531
"ENSG00000099139",1.20806133758599,1.34757884542369,4.22127048148669,0.065327199205993,0.99988016650531
"ENSG00000226803",1.00954122180923,1.16356806767889,4.22085976530592,0.0653511045755129,0.99988016650531
"ENSG00000306953",-1.15451656615184,0.673547325805699,4.22116849026982,0.0653893507035055,0.99988016650531
"ENSG00000260830",0.989904394086187,2.3970370660643,4.21522532736546,0.0654838618813952,0.99988016650531
"ENSG00000130803",-0.364560906834494,4.16545946005208,4.21489534790538,0.0654895221429796,0.99988016650531
"ENSG00000186185",0.455161965778468,4.27937552316124,4.21146861883662,0.0655828411446492,0.99988016650531
"ENSG00000113569",0.384775446935108,5.21055568207244,4.21109641288967,0.0655926514522178,0.99988016650531
"ENSG00000138078",0.474414307621934,4.036102577358,4.20251599012453,0.0658275652224143,0.99988016650531
"ENSG00000101955",1.74634826180098,0.563413227439979,4.19769808807399,0.0660249581800105,0.99988016650531
"ENSG00000117009",-0.376254963133393,4.54370390566316,4.1930274230399,0.0660879341403496,0.99988016650531
"ENSG00000177045",-0.407385944098941,3.99784472920424,4.1909218605245,0.066146109243007,0.99988016650531
"ENSG00000188522",1.3022321711096,1.15703885479216,4.18352015573566,0.0663686916229134,0.99988016650531
"ENSG00000113761",0.456370434203059,4.4298040944242,4.18121566270574,0.0664140364373317,0.99988016650531
"ENSG00000270882",-0.590079883377562,3.0304111684106,4.17827378473918,0.0664968601991692,0.99988016650531
"ENSG00000160932",-0.685751220562938,8.3086505504494,4.17579244175418,0.0665639877979388,0.99988016650531
"ENSG00000309686",-0.498432629697948,4.5418157930259,4.17526258436588,0.0665790719517614,0.99988016650531
"ENSG00000008516",-0.398276476554073,3.87777183709402,4.17069801945425,0.0667062679660455,0.99988016650531
"ENSG00000204764",0.417610703973868,5.68520055251263,4.16791925268312,0.0667830672292899,0.99988016650531
"ENSG00000135114",-0.800098104464455,5.36139348407234,4.16482136775972,0.0668695145885479,0.99988016650531
"ENSG00000136783",-0.468587046637355,4.8160802780879,4.16250021053218,0.066934717455421,0.99988016650531
"ENSG00000129596",-0.633532271059772,2.39643782347782,4.1602981809286,0.0669996521363185,0.99988016650531
"ENSG00000135541",0.498301885207991,4.97331301604004,4.15968464885964,0.0670133221285108,0.99988016650531
"ENSG00000249917",-1.09710026374487,0.649483168577966,4.15624980702617,0.0672329521805074,0.99988016650531
"ENSG00000153574",0.38163383669931,4.70751968171063,4.1499847082381,0.0672857388727965,0.99988016650531
"ENSG00000109089",1.30752596219207,1.06747017154051,4.15057302030713,0.0673025948743675,0.99988016650531
"ENSG00000050628",2.04423880313891,0.180016821968664,4.15315226326069,0.0673790900385788,0.99988016650531
"ENSG00000109270",-0.330024115820765,5.22068619605687,4.14619993988462,0.067391992529748,0.99988016650531
"ENSG00000267199",1.36222569984799,0.301980762913369,4.14659396164262,0.067505642481445,0.99988016650531
"ENSG00000070061",0.486979537016424,4.0331630916157,4.13851958713005,0.0676094536125614,0.99988016650531
"ENSG00000092010",-0.422317147107202,7.7073315255119,4.13502602123536,0.0677078685711204,0.99988016650531
"ENSG00000055950",-0.419947211791781,4.35674965523611,4.13459395377522,0.0677205991303739,0.99988016650531
"ENSG00000173545",-0.402368351020833,4.59135116744105,4.12740684922939,0.067924745137626,0.99988016650531
"ENSG00000246982",-0.814448499567205,1.94411815528735,4.12339200536642,0.0680464668342872,0.99988016650531
"ENSG00000295110",1.43689166759074,-0.0922489875372296,4.13190780606988,0.0680639913996322,0.99988016650531
"ENSG00000103496",-0.360869963028693,5.05486656647653,4.12205496464261,0.0680769946658468,0.99988016650531
"ENSG00000168124",0.770133852296148,1.94731907172467,4.11855982783169,0.0681828840632622,0.99988016650531
"ENSG00000160223",-0.484572748292812,4.88680258544368,4.11809278784096,0.0681903571487104,0.99988016650531
"ENSG00000226172",1.42254864575863,0.474997233778201,4.11939505257237,0.06820763625555,0.99988016650531
"ENSG00000204525",-0.458315107002858,8.41106542017965,4.1157957613376,0.0682558405048936,0.99988016650531
"ENSG00000260269",0.904046205000464,2.24783337018318,4.11554433889114,0.0682668873411581,0.99988016650531
"ENSG00000291032",-0.585009365069705,3.04852568820284,4.11325766485682,0.0683301674741548,0.99988016650531
"ENSG00000271553",1.24224358228048,0.415612797105449,4.11264259233466,0.0684210818452358,0.99988016650531
"ENSG00000226624",1.38628136847424,0.677651396819288,4.10280484982492,0.0686932457538955,0.99988016650531
"ENSG00000221955",-0.668880167085787,2.51692102613151,4.09955820976846,0.0687259752427897,0.99988016650531
"ENSG00000165533",0.591967650025396,2.90954358316682,4.09257233380153,0.068926923373235,0.99988016650531
"ENSG00000294822",1.37690821235716,0.207239085716085,4.09389426109984,0.0690510208273009,0.99988016650531
"ENSG00000240571",1.01274545023853,0.948121596826364,4.08618413745987,0.0691417833849018,0.99988016650531
"ENSG00000177409",-0.762334732723352,7.11143458104542,4.08402500697119,0.0691731628588424,0.99988016650531
"ENSG00000303721",1.72752404812793,0.010987294622599,4.09262856597406,0.0691742994507127,0.99988016650531
"ENSG00000141542",0.695776116460642,2.05300138018299,4.07425977877892,0.0694647484475105,0.99988016650531
"ENSG00000286507",0.712117104563565,2.20322488510775,4.06864983356637,0.0696262689772833,0.99988016650531
"ENSG00000225963",-0.709991801469849,3.15273877919961,4.06765634404589,0.0696531201931637,0.99988016650531
"ENSG00000118960",-0.412837580690476,3.85031971954174,4.06691756275429,0.0696741065073115,0.99988016650531
"ENSG00000135709",1.64342455659833,0.664570185748848,4.06167647134381,0.0698625625742791,0.99988016650531
"ENSG00000090470",-0.287786001748642,5.75118422452576,4.05452739811186,0.0700384825743316,0.99988016650531
"ENSG00000181634",-0.824852505179529,2.46220780827742,4.05264697595248,0.0700978309135746,0.99988016650531
"ENSG00000131042",-0.684427608275611,4.99026631284823,4.05179003608643,0.0701195461050713,0.99988016650531
"ENSG00000179104",0.531008895605754,6.00648332571298,4.04755245751635,0.0702450229803537,0.99988016650531
"ENSG00000158517",-0.353473118137974,7.71759473359152,4.04114569665936,0.0704353975275492,0.99988016650531
"ENSG00000132274",-0.854149866964502,6.07811115615723,4.03704115641979,0.0705577164008739,0.99988016650531
"ENSG00000160360",0.704215119768579,3.75767857963118,4.03451986805312,0.070633754597346,0.99988016650531
"ENSG00000184678",-0.735988416384793,3.08444400444283,4.02876842204648,0.070806566271498,0.99988016650531
"ENSG00000113448",0.381172335592014,6.39517616041391,4.02537306686687,0.0709068335906881,0.99988016650531
"ENSG00000277511",-0.800351908096326,2.31318236167185,4.02515649651647,0.0709173743775378,0.99988016650531
"ENSG00000101017",-0.528639771708799,6.37221694817271,4.02281560195093,0.0709836288509769,0.99988016650531
"ENSG00000113456",0.395217428996034,4.25628384340984,4.016334821964,0.0711791975900773,0.99988016650531
"ENSG00000002919",-0.488729295530128,5.47070586025038,4.01251230605025,0.0712941133306567,0.99988016650531
"ENSG00000155363",-0.459057603841051,5.33249390191696,4.00961686623664,0.0713816663419039,0.99988016650531
"ENSG00000068024",0.339372419175771,6.25067980932759,4.00945072733884,0.0713866659088093,0.99988016650531
"ENSG00000198483",0.872977483870625,2.1484449280404,4.00785025734773,0.0714422271153283,0.99988016650531
"ENSG00000156110",0.451922513228217,7.62813041279677,4.00338105473341,0.0715706271311657,0.99988016650531
"ENSG00000297177",-0.749202213414697,4.00563195280977,4.003212137339,0.0715763412531615,0.99988016650531
"ENSG00000154274",0.72861836818404,3.27796011073583,4.00102051748708,0.0716435014331098,0.99988016650531
"ENSG00000125657",-0.489681323063599,4.99145460197097,3.98690028753277,0.0720732206087742,0.99988016650531
"ENSG00000288785",-0.71357055948651,1.47572131664386,3.98691714777405,0.0720843800046949,0.99988016650531
"ENSG00000144566",-0.329629030101978,5.84248894696016,3.98566731269003,0.0721108894624482,0.99988016650531
"ENSG00000115568",0.49768741688524,3.16130904838788,3.98298390319005,0.0721945169426586,0.99988016650531
"ENSG00000126581",-0.309209693929221,5.79287081558241,3.97593376796717,0.0724098907708218,0.99988016650531
"ENSG00000205659",0.437973935571797,4.82978502268113,3.9752236626762,0.0724320784988269,0.99988016650531
"ENSG00000203709",0.740603649195048,2.81244491004005,3.96974447286884,0.0726028382206253,0.99988016650531
"ENSG00000255666",1.1466322793359,0.540302704795201,3.97238538566903,0.0726054959153444,0.99988016650531
"ENSG00000112308",-0.330515419411715,7.05449181125491,3.96811013861325,0.0726513103403507,0.99988016650531
"ENSG00000182173",0.458265003697024,4.06188778172357,3.96736439166459,0.0726749955816997,0.99988016650531
"ENSG00000274767",-0.64400908575532,3.20560095304355,3.96685091563473,0.072691705452787,0.99988016650531
"ENSG00000128791",-0.314901901189657,5.1776691905811,3.9666086268867,0.072697803761043,0.99988016650531
"ENSG00000304603",1.19992318223438,1.01987641918282,3.96214342228014,0.0728666959296448,0.99988016650531
"ENSG00000165644",0.563019377699989,3.01716781203764,3.96072235959065,0.0728820881115422,0.99988016650531
"ENSG00000146094",0.390346356039214,5.68101468482889,3.95997075984815,0.0729035641401551,0.99988016650531
"ENSG00000106617",-0.391180567131354,6.56543413511672,3.95897395654066,0.072934512917377,0.99988016650531
"ENSG00000048471",0.323517074328201,5.56909591028261,3.95689063171213,0.0729992996656347,0.99988016650531
"ENSG00000259357",1.0311125612954,0.761412026230453,3.9451865391714,0.073419374316793,0.99988016650531
"ENSG00000110436",-0.874761448516902,1.36552274951911,3.9404336130258,0.0735272275894137,0.99988016650531
"ENSG00000110944",-0.324548496906422,7.7473175116885,3.93457830250009,0.073697406249773,0.99988016650531
"ENSG00000167333",0.798053037028184,1.45883254807731,3.92986946308549,0.0738588075727983,0.99988016650531
"ENSG00000268650",-0.888395186773476,0.966918456872063,3.9255757187743,0.0740225038552859,0.99988016650531
"ENSG00000149577",-0.432523343072333,4.01006014331298,3.92422563766253,0.074024697738468,0.99988016650531
"ENSG00000244405",-0.381369484459887,7.07200061980519,3.92103310878001,0.0741252395276145,0.99988016650531
"ENSG00000165521",0.685814687083036,2.54019740161928,3.9194111565842,0.0741801531015626,0.99988016650531
"ENSG00000301041",1.41566955530361,0.84293831633334,3.91795026796455,0.0742491094234513,0.99988016650531
"ENSG00000157077",0.452076864010724,4.36167350224183,3.91393535535599,0.0743510865991465,0.99988016650531
"ENSG00000254929",0.449832119131064,3.98763040189565,3.90673710803832,0.0745806762642187,0.99988016650531
"ENSG00000233554",-1.01819069796141,0.397044962202626,3.90991916461108,0.0745901002229905,0.99988016650531
"ENSG00000307088",0.488889581928352,3.9268801102197,3.90214524232039,0.0747276377319061,0.99988016650531
"ENSG00000167971",2.3302232332594,0.0683601320105756,3.9058198126378,0.0747911848485641,0.99988016650531
"ENSG00000230782",1.26962121388259,0.386757980053075,3.90232373984348,0.0748266797210809,0.99988016650531
"ENSG00000100226",-0.434739670314936,4.67509577909621,3.89867988089679,0.0748383926407091,0.99988016650531
"ENSG00000272562",1.33714726679601,0.332341681300462,3.89918979121506,0.0749889255857347,0.99988016650531
"ENSG00000066382",1.66321372901476,0.522786855783579,3.89370815888971,0.0750871049559787,0.99988016650531
"ENSG00000020922",0.345400874669116,5.08587829452024,3.89001596741847,0.0751166303252432,0.99988016650531
"ENSG00000258162",0.817322407077999,2.12884499210513,3.88961851644919,0.0751347884126551,0.99988016650531
"ENSG00000273145",-1.11200811905427,0.173252205999869,3.89650699041387,0.0751705097436187,0.99988016650531
"ENSG00000138166",-0.704854145888341,4.10169014585447,3.88250044828668,0.0753597186000012,0.99988016650531
"ENSG00000130038",0.726504703476646,2.52321875165218,3.88228404475052,0.0753689677928515,0.99988016650531
"ENSG00000178814",0.480315361313865,3.5686288854797,3.88171437054817,0.0753854785241494,0.99988016650531
"ENSG00000142156",0.396350861153214,6.00653146795756,3.87981124286941,0.0754462412376543,0.99988016650531
"ENSG00000090447",0.393140883092156,4.43982777626815,3.87894952995278,0.0754746174304487,0.99988016650531
"ENSG00000299871",1.51656653662335,0.493061455233851,3.87741247734582,0.0756421647954084,0.99988016650531
"ENSG00000010803",0.469231619348534,8.24005284908277,3.87165565784858,0.0757110111450763,0.99988016650531
"ENSG00000255004",-1.17289931532637,0.305469441950151,3.87270424877364,0.0758025793176176,0.99988016650531
"ENSG00000150630",-0.642949809326794,2.20396787309234,3.86768726853057,0.0758450646606893,0.99988016650531
"ENSG00000291003",0.324451755051125,4.95334699948591,3.85742818931934,0.076175864604604,0.99988016650531
"ENSG00000156398",0.558037876540457,3.18443668673693,3.85612581008628,0.076220091123106,0.99988016650531
"ENSG00000173786",-0.375541671859502,6.09735264364146,3.85120360453935,0.0763800925459451,0.99988016650531
"ENSG00000178860",-0.436644515714989,6.78526228309278,3.8475449480623,0.0765005406586459,0.99988016650531
"ENSG00000168795",-0.451177388246351,3.41957586502305,3.84679080987112,0.0765264878428322,0.99988016650531
"ENSG00000146192",-0.452650299021378,5.62071711253175,3.84495219815023,0.0765860660453834,0.99988016650531
"ENSG00000285692",0.820893608928644,2.18076607412527,3.84220878588136,0.076682335032453,0.99988016650531
"ENSG00000179218",-0.350074555231029,9.8481966986302,3.83908329403884,0.0767800264327946,0.99988016650531
"ENSG00000180376",0.367291774867034,4.70088453991824,3.83825404319284,0.0768078808230977,0.99988016650531
"ENSG00000185753",-0.285402002559902,5.72478283825192,3.83620084003537,0.0768755433469561,0.99988016650531
"ENSG00000270276",-0.571527595748482,3.00381575656275,3.83072526886385,0.0770591574653943,0.99988016650531
"ENSG00000012048",0.422484275697379,5.71801766401242,3.82911293428153,0.0771109968432984,0.99988016650531
"ENSG00000206503",-0.439113703590499,8.79270667266664,3.82817703886964,0.0771421247941368,0.99988016650531
"ENSG00000184602",-0.439709602422282,4.17746391411761,3.82755506246952,0.0771633323368581,0.99988016650531
"ENSG00000178573",-0.339831277316148,4.56380539913035,3.82730358422935,0.0771716227186185,0.99988016650531
"ENSG00000142856",0.435594661619301,4.59862133782967,3.82434709666156,0.0772701777307691,0.99988016650531
"ENSG00000183688",0.468838925708526,4.62255774936552,3.82342560742957,0.0773010019101395,0.99988016650531
"ENSG00000169519",0.343959344186776,5.30171224124229,3.82287453270375,0.0773189745230897,0.99988016650531
"ENSG00000184988",-0.43722892186215,5.61399521610437,3.8193536467366,0.0774366375709713,0.99988016650531
"ENSG00000139289",-0.429823419653362,4.97541778617672,3.81719244834513,0.0775091014331997,0.99988016650531
"ENSG00000174370",1.1335654178156,1.48303681094278,3.8171667328719,0.0775272260217045,0.99988016650531
"ENSG00000196611",-0.469947643964907,2.96676783830755,3.81349425577053,0.077634739882715,0.99988016650531
"ENSG00000042088",0.392025606294791,4.12708149529676,3.81225029562965,0.0776752757831043,0.99988016650531
"ENSG00000197124",0.696109094711154,2.44708108839765,3.81195661132637,0.0776881002629941,0.99988016650531
"ENSG00000188483",0.573488054908928,4.11022395110297,3.80620259282047,0.077878634129445,0.99988016650531
"ENSG00000121594",-0.744262609983046,4.77218271782608,3.80580049243457,0.0778920315612079,0.99988016650531
"ENSG00000279692",-0.971134129141208,1.35713916674919,3.80459901038771,0.077949914128839,0.99988016650531
"ENSG00000109881",0.455831836554145,3.43905942636437,3.80106606998711,0.0780526567836759,0.99988016650531
"ENSG00000068697",-0.313843608882903,6.75578726473782,3.79910984566335,0.078117537775372,0.99988016650531
"ENSG00000008130",-0.300461191387171,5.86111435284257,3.79799239229364,0.078155351999478,0.99988016650531
"ENSG00000109943",-1.24754000437606,-0.0245581910889044,3.8018298990044,0.0782421695976547,0.99988016650531
"ENSG00000069667",0.998387505036171,1.99669868181828,3.79521914802968,0.0782563844708371,0.99988016650531
"ENSG00000118503",-0.375009464438649,7.74566498782891,3.79276503028944,0.0783324679451474,0.99988016650531
"ENSG00000178913",-0.289027456796222,6.69915238027638,3.79261992463316,0.0783373965907117,0.99988016650531
"ENSG00000255587",0.948102989002904,3.58947440482045,3.78988594041963,0.078431464486357,0.99988016650531
"ENSG00000104081",-0.453389263449456,4.5863219494445,3.78937274113407,0.0784480898237304,0.99988016650531
"ENSG00000100906",-0.376310139260499,10.5298221179902,3.78707417589039,0.0785258695700814,0.99988016650531
"ENSG00000170537",1.33976900157057,0.944028657750819,3.78127417260565,0.0787510138279772,0.99988016650531
"ENSG00000100911",-0.41956844392133,6.9340461571756,3.78004784603682,0.078765477134912,0.99988016650531
"ENSG00000106804",0.386758189436281,4.42352876963139,3.77993262710558,0.0787699437607989,0.99988016650531
"ENSG00000163568",-0.883793977398338,2.23182801668145,3.77914875869329,0.0788011589659667,0.99988016650531
"ENSG00000289056",-0.966095976572625,0.583263406840481,3.78162691205726,0.0788111923448624,0.99988016650531
"ENSG00000156603",-0.297029251958257,5.91254125043471,3.77744470350285,0.0788544888128563,0.99988016650531
"ENSG00000271646",-0.567676686465922,2.98831306901875,3.77530939285886,0.0789292146617021,0.99988016650531
"ENSG00000294781",-1.11519208818988,1.1126422029011,3.77492864039976,0.0789802637954661,0.99988016650531
"ENSG00000164109",0.372174797748717,5.52958251012394,3.77303173797427,0.0790056673095751,0.99988016650531
"ENSG00000174106",-0.331657544179688,4.83357894886453,3.77107732946116,0.0790730513857663,0.99988016650531
"ENSG00000164236",-0.330711025385483,5.18983231307353,3.76861538023847,0.079157304598108,0.99988016650531
"ENSG00000167601",-0.483791489998035,4.40933212936206,3.76773752289792,0.0791879096546393,0.99988016650531
"ENSG00000144802",-0.314718075225452,5.67408374465985,3.7648498286439,0.0792868564355391,0.99988016650531
"ENSG00000272690",0.89706478417733,1.9149064774185,3.76219099684227,0.0793870868950822,0.99988016650531
"ENSG00000205302",-0.286775746187044,6.92688454127174,3.7545487755613,0.0796426378747857,0.99988016650531
"ENSG00000076650",0.471210079671225,3.583278322754,3.75143496767207,0.0797514742522646,0.99988016650531
"ENSG00000131378",-0.530781332406367,6.68525753569665,3.74626017411846,0.0799303619059616,0.99988016650531
"ENSG00000303101",1.08782432003409,1.45618128217742,3.74626815543466,0.0799443184243937,0.99988016650531
"ENSG00000047634",1.06850319939794,0.992917099340614,3.74540268259222,0.0799943164486472,0.99988016650531
"ENSG00000112541",1.9600149820745,-0.0937736175446981,3.74940576902624,0.0800222100734904,0.99988016650531
"ENSG00000166016",-0.490833390946777,5.67315288076542,3.7422066501976,0.0800715604958736,0.99988016650531
"ENSG00000133028",0.393135960852619,3.75083202763325,3.73813332047521,0.0802144774380957,0.99988016650531
"ENSG00000061337",0.73128366467926,2.23592168558589,3.73754875849173,0.0802387926776069,0.99988016650531
"ENSG00000110042",-0.6043148075845,5.88196344248954,3.73591243872326,0.0802913804450301,0.99988016650531
"ENSG00000148057",0.624057643526346,3.51148001366258,3.73491205862324,0.0803273541212459,0.99988016650531
"ENSG00000072422",1.10895424606971,2.50889414178439,3.73333116190752,0.0803848294969063,0.99988016650531
"ENSG00000174837",-0.436278637208911,4.94486987706638,3.72679784186077,0.0806110750464019,0.99988016650531
"ENSG00000151693",0.384324237045815,5.16443483700697,3.72521479218466,0.0806667420596863,0.99988016650531
"ENSG00000284240",1.30322455288549,1.20546348519086,3.72485204374565,0.0807037616720112,0.99988016650531
"ENSG00000288859",-0.658057270275912,5.11087612375596,3.72239875694025,0.0807659815357876,0.99988016650531
"ENSG00000176720",1.25399599948561,0.926695024614559,3.72059971255375,0.0808650743085979,0.99988016650531
"ENSG00000157870",0.81492823706624,1.65787531180688,3.71940322642303,0.0808828770520081,0.99988016650531
"ENSG00000227117",1.83264098696749,0.676841763175253,3.71838863113529,0.0809549964590778,0.99988016650531
"ENSG00000004975",0.693878123684989,2.77030840192854,3.71592659096053,0.0809965201543098,0.99988016650531
"ENSG00000011114",-0.312183211210832,7.27084980937892,3.71578028660025,0.0809995223226566,0.99988016650531
"ENSG00000166920",-0.570764255254204,6.35584720989152,3.71496595480804,0.0810283385095765,0.99988016650531
"ENSG00000264672",2.41048898075014,-0.049838237246966,3.72138745425037,0.0810431816937859,0.99988016650531
"ENSG00000249526",-0.616074415352263,2.18076925628904,3.71112487844007,0.0811689048846797,0.99988016650531
"ENSG00000070190",-0.394334662001217,6.49766877973246,3.71082816812431,0.0811749016776654,0.99988016650531
"ENSG00000229983",1.23295486625876,0.282527873579651,3.71478439109937,0.0812026727513561,0.99988016650531
"ENSG00000280239",0.763696554746944,2.50405317403477,3.70632908943237,0.0813377347764176,0.99988016650531
"ENSG00000288825",-0.655299502566955,5.11125015680165,3.70578631874507,0.0813540481094501,0.99988016650531
"ENSG00000183486",-0.745802327951,7.78401314970692,3.70505242925053,0.08138003219558,0.99988016650531
"ENSG00000152782",0.541072609899801,3.05686816298598,3.70425964011206,0.0814098393790672,0.99988016650531
"ENSG00000276077",0.700615840750709,2.0891797881432,3.70160345431725,0.0815086760599657,0.99988016650531
"ENSG00000116701",-0.285056044642265,5.89051729297332,3.70032157999228,0.0815485526676592,0.99988016650531
"ENSG00000124635",-1.04975626040182,0.852129370429329,3.70167316423178,0.0815524431547216,0.99988016650531
"ENSG00000074416",-0.632787244015157,5.86025813498257,3.69903772504206,0.0815943547513787,0.99988016650531
"ENSG00000258461",-0.907827555301416,0.862108114189485,3.69917827925654,0.0816480030919064,0.99988016650531
"ENSG00000159055",0.381700593294657,4.44209516739242,3.69412173866406,0.0817704955865375,0.99988016650531
"ENSG00000241258",-0.386179127749753,4.06431962315465,3.69347130733536,0.0817938808697516,0.99988016650531
"ENSG00000178537",-0.377081907777968,4.14469586532884,3.69318455070549,0.0818040726214875,0.99988016650531
"ENSG00000249992",0.606209625377722,3.69001263361721,3.6917952364321,0.0818541424537188,0.99988016650531
"ENSG00000296872",0.964726733258948,1.25057293645662,3.68875233895958,0.0819817906650017,0.99988016650531
"ENSG00000126216",0.300982226340122,5.51190174055263,3.68816915965024,0.0819833925095666,0.99988016650531
"ENSG00000104299",-0.296294961019036,5.97061092835828,3.68587632798023,0.0820657375403689,0.99988016650531
"ENSG00000286739",2.29287529130666,0.23264838726585,3.69098622477731,0.0820700910948014,0.99988016650531
"ENSG00000229953",2.14382775488321,0.164853057239794,3.69119099863268,0.08210485179064,0.99988016650531
"ENSG00000102098",0.836074258349003,2.00409801327344,3.68432510044894,0.0821300939207995,0.99988016650531
"ENSG00000235560",1.41223897612299,1.05164571214201,3.67995824697506,0.0823020474351223,0.99988016650531
"ENSG00000277067",0.699512530527814,2.08838748777374,3.67887500784622,0.0823237064314866,0.99988016650531
"ENSG00000023902",-0.491648826388133,8.46266709143194,3.67827464922068,0.0823395171051026,0.99988016650531
"ENSG00000044446",0.526782092570287,3.54075529661741,3.67123859712975,0.0825949684616208,0.99988016650531
"ENSG00000183783",0.780998054037109,3.22372721316465,3.66549151474933,0.0828039613744733,0.99988016650531
"ENSG00000197329",-0.652574658508515,7.08004418173567,3.66525711612918,0.0828110120008572,0.99988016650531
"ENSG00000095970",0.752814043337874,4.43918417157796,3.66054536611993,0.0829831969958185,0.99988016650531
"ENSG00000168785",0.694420424964435,3.74134077626839,3.66000634380177,0.0830029911744309,0.99988016650531
"ENSG00000120784",0.5864774385135,2.37312280686496,3.65994736142931,0.0830079506923139,0.99988016650531
"ENSG00000146457",-0.404386867520015,7.44293676520097,3.65983876621978,0.083008246717834,0.99988016650531
"ENSG00000280164",1.20878816036635,0.493953833278126,3.66049543536083,0.0830761588699348,0.99988016650531
"ENSG00000115758",0.269028722571912,6.17712706085146,3.64801508853693,0.083440682691039,0.99988016650531
"ENSG00000224531",-0.700603103727691,1.69696897844665,3.64716233128863,0.0834819851443225,0.99988016650531
"ENSG00000173193",-0.60701808899203,7.89662867105543,3.64403029214066,0.0835870306462753,0.99988016650531
"ENSG00000109861",-0.440549519978325,8.77630043999488,3.64358746253461,0.0836033147473775,0.99988016650531
"ENSG00000166750",-0.41464146017724,5.42481081929585,3.64290191073918,0.0836285642897348,0.99988016650531
"ENSG00000185745",-0.822596319143212,6.39821126542206,3.64028473432906,0.0837249037549159,0.99988016650531
"ENSG00000105793",0.660094246646958,2.35003394548183,3.63857908691139,0.0837913911886247,0.99988016650531
"ENSG00000090104",-0.402352779069115,4.54394533937779,3.63175410264701,0.084040375938917,0.99988016650531
"ENSG00000122203",-0.304454481642813,4.79429013919362,3.62798793271537,0.0841798937427244,0.99988016650531
"ENSG00000289426",-0.324926967613739,6.36260054256455,3.62116568568491,0.0844330328861396,0.99988016650531
"ENSG00000116260",0.336907985580318,7.87178835486395,3.61709747945414,0.0845846595055805,0.99988016650531
"ENSG00000265451",-1.51633756481602,-0.0119307122598325,3.62597095179897,0.0846017239312081,0.99988016650531
"ENSG00000170312",0.292198455771752,5.3852900308817,3.61589280403229,0.0846296691575935,0.99988016650531
"ENSG00000310166",0.820146496729361,1.87521938351754,3.61110780512354,0.0848154214021981,0.99988016650531
"ENSG00000117906",0.322892814979799,5.26113018794733,3.61062508903362,0.0848266458255529,0.99988016650531
"ENSG00000140511",-0.561340613133811,3.59644155379338,3.60479783227955,0.0850460345696817,0.99988016650531
"ENSG00000115641",-0.360249473509481,4.22587817034914,3.60461073218204,0.0850527117331017,0.99988016650531
"ENSG00000125744",-0.611621881301889,2.96237641164111,3.60443089077355,0.0850608040561494,0.99988016650531
"ENSG00000134070",-0.37829835225353,5.47256424753745,3.60188440487766,0.085154720731757,0.99988016650531
"ENSG00000280693",1.39428555183257,0.00189594976133974,3.60604542119963,0.0852018930081354,0.99988016650531
"ENSG00000124875",-0.462625442096338,4.94899176071189,3.5990386253098,0.085261980333598,0.99988016650531
"ENSG00000300517",1.13761464461962,0.774641058489015,3.60086915817242,0.0852899122422249,0.99988016650531
"ENSG00000183066",0.606635950495845,3.06754162631134,3.59618571251495,0.0853709799653612,0.99988016650531
"ENSG00000285655",1.1609040388257,0.463035650076408,3.59374395351856,0.0855297864226396,0.99988016650531
"ENSG00000108688",-0.687058922193988,1.8538941172208,3.58970605185052,0.0856219901435417,0.99988016650531
"ENSG00000181544",0.570775622717683,3.62116771335098,3.58617214326088,0.085749522475996,0.99988016650531
"ENSG00000123095",-0.887945273982927,2.00911492713497,3.5857523253765,0.085770975389785,0.99988016650531
"ENSG00000187595",-1.07303744153884,0.207009030935425,3.59086070721294,0.0858063365678483,0.99988016650531
"ENSG00000309847",-1.18517172082827,0.232161426920918,3.5887976455828,0.0858292506608388,0.99988016650531
"ENSG00000298773",0.558854627099772,2.802429356353,3.58346052532477,0.0858540093879892,0.99988016650531
"ENSG00000146592",0.845705866587987,1.89074164254632,3.58279958741871,0.0858824829972908,0.99988016650531
"ENSG00000165949",-0.647586789349826,9.47563132377658,3.58257359017203,0.0858851405163468,0.99988016650531
"ENSG00000225280",-0.718971402751876,1.86117076208128,3.58244185989631,0.0859008599718919,0.99988016650531
"ENSG00000041357",-0.357078168082222,7.99618868250763,3.58089610860078,0.0859489595374829,0.99988016650531
"ENSG00000151332",-0.434455306317696,3.22630763744955,3.58031252095051,0.085972601619223,0.99988016650531
"ENSG00000077063",0.541296003066048,3.59142152095124,3.57966171064021,0.0859967811052694,0.99988016650531
"ENSG00000106346",-0.407573066684911,4.27446521097346,3.57902963847149,0.0860205244132395,0.99988016650531
"ENSG00000205323",-0.673459441683369,1.66320817167626,3.57922750879734,0.0860232264548096,0.99988016650531
"ENSG00000146966",1.69561585657943,0.610949207288326,3.57997423520283,0.0860647227156553,0.99988016650531
"ENSG00000267278",0.953994069616896,1.80006681672701,3.57717628442896,0.0860985145450361,0.99988016650531
"ENSG00000123595",-0.378900108382882,4.78840073473027,3.5765667585641,0.0861143378229499,0.99988016650531
"ENSG00000173530",0.702147016358886,3.70019957738282,3.57438179140885,0.0861981322069671,0.99988016650531
"ENSG00000197375",1.03350208831782,2.39802801644294,3.57294943549477,0.0862561756814953,0.99988016650531
"ENSG00000261798",1.78768579080627,0.724701310408344,3.57616024595129,0.0863085568550025,0.99988016650531
"ENSG00000117868",0.296268135096521,5.9284998000048,3.56935257960904,0.0863897392178253,0.99988016650531
"ENSG00000122299",-0.34018616469814,5.08491447909665,3.56867245101002,0.0864158674854004,0.99988016650531
"ENSG00000015532",0.70338924359909,3.24349058112821,3.56794236863194,0.0864451891207982,0.99988016650531
"ENSG00000128536",1.01614463913266,2.00198345330644,3.56715798297162,0.0864802420018742,0.99988016650531
"ENSG00000247199",1.25310880122809,0.387056098280917,3.56723945260869,0.0865571907590885,0.99988016650531
"ENSG00000305552",0.969828823308499,1.46783089002667,3.56184425267533,0.0866896862719058,0.99988016650531
"ENSG00000204116",0.473633220750536,3.08776497912936,3.55961033270977,0.0867654903593353,0.99988016650531
"ENSG00000299149",-0.683277861389166,2.49232723225404,3.55625302656268,0.0868978767046437,0.99988016650531
"ENSG00000163995",0.877392307229306,1.24316917331797,3.55533483929186,0.0869464076112357,0.99988016650531
"ENSG00000103528",-0.485838500761457,3.25665650233549,3.54985617898823,0.0871417554687221,0.99988016650531
"ENSG00000088881",-0.846926312689937,0.881553873502439,3.54975948303124,0.0871879706718326,0.99988016650531
"ENSG00000196584",0.691089022970904,3.36436057568773,3.54580479570457,0.0872988652392187,0.99988016650531
"ENSG00000113811",-0.345630905486189,6.17530558447644,3.5450578151856,0.0873265571636656,0.99988016650531
"ENSG00000145779",-0.405038378945708,7.73926523102518,3.54414595224081,0.0873619523574557,0.99988016650531
"ENSG00000176542",-0.412712831299901,4.94604211233056,3.54024299436505,0.0875139892960504,0.99988016650531
"ENSG00000214078",-0.290823144373024,5.99162634573087,3.53908791883843,0.0875586910775741,0.99988016650531
"ENSG00000114126",0.389541507351162,4.35539679964839,3.53438668179691,0.0877424838188242,0.99988016650531
"ENSG00000207751",1.30239407202459,0.818817689023007,3.53574826953909,0.0877578312847444,0.99988016650531
"ENSG00000101220",0.541135840731688,4.73045903217115,3.53238079092586,0.0878208289262925,0.99988016650531
"ENSG00000090339",-0.395821829206441,7.81450128877456,3.53226461176961,0.0878249260452605,0.99988016650531
"ENSG00000117593",0.373608834116822,4.74374304149815,3.53004777759489,0.0879119870901554,0.99988016650531
"ENSG00000144460",1.50459370942977,0.0702584189323267,3.53406090541939,0.0879989206323726,0.99988016650531
"ENSG00000171208",0.455577643122744,4.62656232866583,3.52601683644836,0.0880699778737914,0.99988016650531
"ENSG00000168038",0.445449886009819,3.71063870437263,3.52463545338173,0.0881246527516137,0.99988016650531
"ENSG00000164332",-0.265207511328735,5.7784619925365,3.52248597197279,0.0882082706397459,0.99988016650531
"ENSG00000132334",-0.300247407737505,7.04214038165849,3.52148886845582,0.0882474559614761,0.99988016650531
"ENSG00000163393",0.501698968986027,5.8266132578061,3.51747878842868,0.0884053593200253,0.99988016650531
"ENSG00000105552",0.351017338196051,4.92398174731563,3.51264368410838,0.0885964428177302,0.99988016650531
"ENSG00000138496",-0.484590054864294,6.96254789948515,3.5118622140802,0.0886270617753983,0.99988016650531
"ENSG00000103269",0.890916880988139,1.45181225930967,3.5070806483085,0.0888346896764081,0.99988016650531
"ENSG00000172348",-0.572666359475506,2.4540291344418,3.50593928074892,0.0888647133952349,0.99988016650531
"ENSG00000162704",-0.362259353284745,10.0776847671356,3.50403122474867,0.088937351275166,0.99988016650531
"ENSG00000105486",0.46529242555511,4.19993392243761,3.50387212451259,0.0889442688009674,0.99988016650531
"ENSG00000289942",-0.608141924095273,4.80735924501346,3.50329930643032,0.0889668620287369,0.99988016650531
"ENSG00000185697",0.783668084755579,2.36132554654246,3.50196203191876,0.0890245353568008,0.99988016650531
"ENSG00000295841",0.888961348613823,2.86031437042321,3.49907342325479,0.0891365306915558,0.99988016650531
"ENSG00000185633",1.31627758447224,0.477440933292909,3.49933335203627,0.0892254467439142,0.99988016650531
"ENSG00000131981",-0.344250161524564,7.2440386901086,3.49673727787848,0.0892275812689134,0.99988016650531
"ENSG00000011426",0.327137741786425,4.7172469045606,3.492527317467,0.089396056818235,0.99988016650531
"ENSG00000196597",-0.441909967508721,3.59411703509233,3.48818018324855,0.089570568252048,0.99988016650531
"ENSG00000203760",0.371448270539945,5.16043134527694,3.48789563965081,0.0895811174594519,0.99988016650531
"ENSG00000251138",0.595056918819911,2.54010882029726,3.48721726278544,0.0896111699101846,0.99988016650531
"ENSG00000285744",-0.85260313552105,5.18428886694094,3.48373632025206,0.089747931147527,0.99988016650531
"ENSG00000233635",1.56092267840408,0.531074563767951,3.48291875472858,0.0898439469268504,0.99988016650531
"ENSG00000149557",-0.327067754627661,7.11531295075451,3.48098678484737,0.0898583175143063,0.99988016650531
"ENSG00000107105",0.653245889323725,3.03087830163229,3.47853366172143,0.0899588628735283,0.99988016650531
"ENSG00000266602",1.30601372413881,0.167648237335869,3.47866139160468,0.0901118162520155,0.99988016650531
"ENSG00000100060",0.7558738934863,3.93613350511058,3.47415394781729,0.0901343973767359,0.99988016650531
"ENSG00000139880",-0.54297846351848,2.49078824424118,3.47149459121513,0.0902441286672442,0.99988016650531
"ENSG00000130844",0.583898739586448,2.83602291549757,3.47061024590839,0.0902791401733754,0.99988016650531
"ENSG00000100629",0.349926561874454,5.84311258102674,3.46988063973145,0.0903064179400138,0.99988016650531
"ENSG00000178917",0.695005182772984,2.42613039294354,3.46628361946399,0.090455796326844,0.99988016650531
"ENSG00000225138",0.688614755193058,3.5676590040929,3.46351576952071,0.0905653112098958,0.99988016650531
"ENSG00000267191",1.32713290199641,0.272776112242596,3.46317186924233,0.0907353004936512,0.99988016650531
"ENSG00000154889",0.391346314582934,3.9938696386549,3.45786316054019,0.090794982586669,0.99988016650531
"ENSG00000080839",0.38101988322467,5.75268358011219,3.45738879944945,0.0908137317188763,0.99988016650531
"ENSG00000181409",0.785924775503583,2.19627150566634,3.45662251344151,0.0908499558205732,0.99988016650531
"ENSG00000133106",-0.637428242183009,7.90295940684834,3.45599129638107,0.0908706801433597,0.99988016650531
"ENSG00000224328",2.50808050830336,0.481667535817439,3.43931597277396,0.0910558656354899,0.99988016650531
"ENSG00000111671",0.759381493966084,2.35356051881644,3.44919610403766,0.0911520840737679,0.99988016650531
"ENSG00000171657",0.574661586542131,2.70091956521576,3.44814745901374,0.0911939459044569,0.99988016650531
"ENSG00000127314",-0.317843088412427,7.81839107664603,3.44588842139796,0.0912838839319634,0.99988016650531
"ENSG00000144040",0.403560612613268,3.7251438005484,3.44427461564364,0.0913509125551929,0.99988016650531
"ENSG00000170581",-0.451044229436206,6.35901027812911,3.44364847117484,0.0913758206489626,0.99988016650531
"ENSG00000175489",0.420308380491627,3.7128406745202,3.44045859495437,0.0915076689831272,0.99988016650531
"ENSG00000233860",1.27968925190321,0.742317597115997,3.44142209327138,0.0915223785594087,0.99988016650531
"ENSG00000136867",-0.617945125327177,3.64378263405376,3.43943491949967,0.091549957473607,0.99988016650531
"ENSG00000302242",0.770020397959014,2.57746226222663,3.43935118606647,0.0915553888713942,0.99988016650531
"ENSG00000274333",0.670880273032803,2.1547089511008,3.438502438895,0.0915928827436427,0.99988016650531
"ENSG00000255730",1.3703815019118,0.160179828536916,3.44313334960179,0.0916004840247952,0.99988016650531
"ENSG00000275719",1.34719356072403,0.460179995603602,3.44048627120606,0.0916498695347294,0.99988016650531
"ENSG00000162390",0.413405190258088,5.77003129075652,3.43563212057565,0.0917057747152901,0.99988016650531
"ENSG00000164707",1.4741770357777,0.594441391885304,3.43643895536537,0.0917861579817541,0.99988016650531
"ENSG00000262061",-0.956988481647281,0.100497361384098,3.43800571385745,0.0918520588006956,0.99988016650531
"ENSG00000105514",1.08373201529902,1.20087494985771,3.4322577007482,0.0918676203867885,0.99988016650531
"ENSG00000071794",0.496186791055417,4.06417798530019,3.43155363620432,0.0918747803271962,0.99988016650531
"ENSG00000165181",0.725733551321611,2.97834823367295,3.42258031227861,0.0922478923672209,0.99988016650531
"ENSG00000225546",1.96263318515264,0.153011343665263,3.4265917000938,0.0922596992838638,0.99988016650531
"ENSG00000249937",0.390653798983598,5.59050465954966,3.41971813081586,0.0923651806252527,0.99988016650531
"ENSG00000104863",1.00333360382631,1.44103939894892,3.41887084615596,0.0924185821897592,0.99988016650531
"ENSG00000111269",-0.407373149114531,4.55264759269554,3.41487006901764,0.092567625250449,0.99988016650531
"ENSG00000299222",-0.733796682362184,1.38780035828381,3.41297169316699,0.0926629975064992,0.99988016650531
"ENSG00000137054",0.35254107498634,4.31497483836654,3.41205531987059,0.0926852863499618,0.99988016650531
"ENSG00000163840",-0.524096178659621,5.89774164968835,3.41166877864352,0.0927009316101898,0.99988016650531
"ENSG00000224957",0.624758435372076,3.84533661642005,3.40731295912826,0.0928839289165133,0.99988016650531
"ENSG00000134326",-0.728139134297563,6.58382339090721,3.4070359530005,0.0928948617483181,0.99988016650531
"ENSG00000109743",0.334967731275167,5.00656436340826,3.39983839073398,0.0931974108447085,0.99988016650531
"ENSG00000144677",0.55909915161093,4.96625318342283,3.39835262958552,0.093259992117404,0.99988016650531
"ENSG00000255355",-1.06852906096725,1.05655441234214,3.39807947008893,0.0932975630292184,0.99988016650531
"ENSG00000158470",-0.326065828839391,7.2965362111841,3.39640679872619,0.0933417276328945,0.99988016650531
"ENSG00000174442",0.29503548544692,4.99497244345848,3.39617184608128,0.0933518314464928,0.99988016650531
"ENSG00000144229",1.01543646372042,0.725656525241878,3.39669901780009,0.0933695363651343,0.99988016650531
"ENSG00000138587",0.584326332096969,2.64657225079184,3.3937201627877,0.0934582632020834,0.99988016650531
"ENSG00000185650",-0.265189382211356,8.00386248146555,3.39227673852432,0.0935160827821356,0.99988016650531
"ENSG00000104228",0.41354640954177,4.09048705551168,3.39180402852521,0.0935366136036191,0.99988016650531
"ENSG00000004961",-0.338936411215376,5.21312363473878,3.39057661124573,0.0935880216944734,0.99988016650531
"ENSG00000146143",0.333340340682883,6.1330350946947,3.38821683362829,0.0936878859672212,0.99988016650531
"ENSG00000167528",-0.647133097512403,2.10694204567838,3.38420203446794,0.0938639186599751,0.99988016650531
"ENSG00000169239",0.562816282867151,2.66186049549121,3.38355796088308,0.0938879066250875,0.99988016650531
"ENSG00000310469",-0.46561816038098,4.00508493223551,3.38295259424113,0.0939117806688626,0.99988016650531
"ENSG00000114209",-0.266755873621895,5.94680156432172,3.38271141705198,0.0939214724208842,0.99988016650531
"ENSG00000113532",-0.392596345248766,5.03416050698289,3.38248018973082,0.0939314321909864,0.99988016650531
"ENSG00000290927",0.725589552669503,1.69780684059879,3.38219545598679,0.0939520634445973,0.99988016650531
"ENSG00000139044",0.843622016663611,2.06767132960344,3.3813104908734,0.0939866309134482,0.99988016650531
"ENSG00000287180",1.1148154744196,0.901465353176564,3.38201873178004,0.0940022304810359,0.99988016650531
"ENSG00000277701",0.531837672037351,4.52196370970334,3.37887653421666,0.0940850490032136,0.99988016650531
"ENSG00000164211",-0.41267110610534,4.59277205350153,3.37741931843383,0.0941470959342789,0.99988016650531
"ENSG00000130052",0.706417854336393,1.80445220079356,3.37686971539705,0.0941779072904897,0.99988016650531
"ENSG00000273604",-0.291030305583497,4.95407850361619,3.37627869847528,0.0941954895415318,0.99988016650531
"ENSG00000165917",-1.21156829833321,0.160254841488926,3.3805373782467,0.0942060962600168,0.99988016650531
"ENSG00000250764",-0.591429171775429,2.1680409748383,3.37590780530251,0.0942166577258529,0.99988016650531
"ENSG00000101391",0.335674026862376,4.36912135205709,3.37389560279181,0.0942974726453686,0.99988016650531
"ENSG00000005471",0.55406285198921,2.94197596772892,3.37364947238157,0.0943090622608385,0.99988016650531
"ENSG00000215440",0.776716756249648,2.01115283504134,3.37307227505171,0.0943394161608105,0.99988016650531
"ENSG00000305263",1.35482789955983,0.908777107998942,3.37127251731836,0.094439266154622,0.99988016650531
"ENSG00000285847",-0.944044206673615,0.76700803161375,3.36898861737809,0.0945600711511351,0.99988016650531
"ENSG00000071575",-0.738972432460834,1.57211966880474,3.36547801677127,0.0946688813638724,0.99988016650531
"ENSG00000101773",0.320009266739587,4.45451281208033,3.36438520970259,0.0947047055644764,0.99988016650531
"ENSG00000139278",-0.352734945304596,7.28368909575362,3.36298071947758,0.094764562424048,0.99988016650531
"ENSG00000120262",0.723718419069358,2.09145139594493,3.36205073891314,0.0948107714810706,0.99988016650531
"ENSG00000130303",-0.404637906047548,9.02606414067631,3.3615410623258,0.0948264455410503,0.99988016650531
"ENSG00000141574",-0.540488372539384,4.25583231569749,3.36099300270621,0.0948505237776446,0.99988016650531
"ENSG00000040487",0.548748658473482,3.36132854721993,3.35957760100809,0.0949126447797136,0.99988016650531
"ENSG00000137745",-0.946907618904942,0.945570839385348,3.35812751104238,0.0950071818799757,0.99988016650531
"ENSG00000176225",0.366615481135202,4.52816637714474,3.35574696798882,0.0950764779019802,0.99988016650531
"ENSG00000116675",1.06827104484403,1.12328094288117,3.35543531806537,0.0951092698933175,0.99988016650531
"ENSG00000108001",0.957216040690124,0.857776061219331,3.35592592228225,0.0951186789010405,0.99988016650531
"ENSG00000180817",-0.385438305597858,8.69163021046901,3.35449493726147,0.0951300584205873,0.99988016650531
"ENSG00000160117",0.554147556918219,3.51716143725178,3.35198201278539,0.0952398412317848,0.99988016650531
"ENSG00000109320",-0.431602538729953,8.72252172909278,3.35042524035877,0.095305970223863,0.99988016650531
"ENSG00000188282",-0.581087199430635,2.87384411150101,3.34957743855507,0.095345320848875,0.99988016650531
"ENSG00000148516",0.456025111846651,5.75593366565717,3.34871183410942,0.0953801790255581,0.99988016650531
"ENSG00000167004",-0.333644529689344,9.33353388426436,3.34843825145094,0.0953920043499681,0.99988016650531
"ENSG00000310238",-0.362356698182212,4.81078839668458,3.34839984187952,0.095394040800939,0.99988016650531
"ENSG00000164197",0.668489445956537,2.49528035949102,3.34733494070625,0.0954428637971811,0.99988016650531
"ENSG00000107140",-0.557070048215485,2.60449028504909,3.34708020695334,0.0954537594921275,0.99988016650531
"ENSG00000232442",0.649181948376601,1.69583557817989,3.34647598601055,0.0954895953257076,0.99988016650531
"ENSG00000064692",-0.817219639184922,1.00054659869979,3.34454594700861,0.0956001442328152,0.99988016650531
"ENSG00000160710",-0.374494674331039,8.24571590591514,3.34024902182092,0.0957476110719439,0.99988016650531
"ENSG00000006576",0.325204946209714,4.86035879435262,3.33982366892959,0.0957664042849853,0.99988016650531
"ENSG00000266473",-0.705163333582692,1.22017245818364,3.3400005316745,0.09578102013748,0.99988016650531
"ENSG00000121281",-0.311994282836425,5.72265395250304,3.33856337893869,0.095821034743241,0.99988016650531
"ENSG00000204590",0.536772188338424,3.38380171161493,3.33857384184238,0.0958217329459123,0.99988016650531
"ENSG00000010030",-0.802374450350729,2.77087450840951,3.33795980095578,0.0958495664556763,0.99988016650531
"ENSG00000072134",0.566547720807142,3.38490566506733,3.33516695610356,0.0959702600231029,0.99988016650531
"ENSG00000229848",-1.02859120101747,0.752345324630761,3.33694928785984,0.0959703192740576,0.99988016650531
"ENSG00000023318",-0.280102280064713,7.73534216405279,3.33464038327312,0.0959921120203624,0.99988016650531
"ENSG00000232742",-0.75145548561583,2.71554975916938,3.33263354488597,0.0960824063056073,0.99988016650531
"ENSG00000175265",0.342723633545266,5.48635390501027,3.33241531344976,0.0960893550308309,0.99988016650531
"ENSG00000230490",-0.383224539920709,3.79996311826165,3.33136129083021,0.0961362670667952,0.99988016650531
"ENSG00000067066",-0.35961931359113,7.94629655602747,3.33011611022121,0.0961899072005271,0.99988016650531
"ENSG00000298363",-0.592814046089005,3.43618752184646,3.32909514619764,0.0962357855244347,0.99988016650531
"ENSG00000213859",1.1373254716903,0.712713874648076,3.32710386330338,0.0963848686382579,0.99988016650531
"ENSG00000101843",-0.302727863861238,4.81890702466524,3.32358072581997,0.0964769036465361,0.99988016650531
"ENSG00000054793",1.1156892732073,1.39747559487675,3.32286754398697,0.0965207417418922,0.99988016650531
"ENSG00000079102",-0.614501674765287,4.67542976011476,3.32150647432706,0.0965680875336805,0.99988016650531
"ENSG00000136052",-0.56442001856817,3.71208541968329,3.32098278540586,0.0965915349213803,0.99988016650531
"ENSG00000169684",0.820195747944832,2.27807340871854,3.32068815869825,0.0966083183516298,0.99988016650531
"ENSG00000084774",0.390772366682158,4.10211454067567,3.32019728451496,0.0966258823185601,0.99988016650531
"ENSG00000105851",-0.32042079919211,5.60770941059982,3.31782659054687,0.0967297842109657,0.99988016650531
"ENSG00000281103",0.569460694448889,4.39930606149353,3.31426646624968,0.0968872979360512,0.99988016650531
"ENSG00000219507",-0.506278942114878,2.76921179643085,3.31244462916508,0.0969695614226682,0.99988016650531
"ENSG00000130066",-0.418825929173057,6.67595409491985,3.31022647641446,0.0970655074317082,0.99988016650531
"ENSG00000121988",0.338587612359736,5.2402285181048,3.30909499604552,0.0971156568387768,0.99988016650531
"ENSG00000184357",1.11960557448755,0.447012046304487,3.30963440638788,0.0972655077523124,0.99988016650531
"ENSG00000146670",0.380008070952655,4.61443633723589,3.30456912545522,0.0973168137070556,0.99988016650531
"ENSG00000221926",0.70847598410914,2.00720124226173,3.30251853963316,0.0974139408615266,0.99988016650531
"ENSG00000240509",0.698040763923346,1.81746187049455,3.30218210980965,0.0974328373637733,0.99988016650531
"ENSG00000274070",1.06948259819197,1.2881974780112,3.3017174676085,0.0974583550784079,0.99988016650531
"ENSG00000117643",0.721857606816593,2.8679960169474,3.29941042338501,0.0975479864522888,0.99988016650531
"ENSG00000113812",-0.401513477365069,3.37819277852531,3.29741801976557,0.0976358539735042,0.99988016650531
"ENSG00000116667",-0.361495654831851,6.50580162005558,3.29733739231617,0.0976382270483159,0.99988016650531
"ENSG00000187498",-0.565844241517346,4.85216023722407,3.29669543629479,0.0976670324800566,0.99988016650531
"ENSG00000196739",0.314083070556402,5.33438854124882,3.29592841044503,0.0977011224888204,0.99988016650531
"ENSG00000180758",-0.611921377377038,4.92383384263426,3.29497198819401,0.0977440866293178,0.99988016650531
"ENSG00000138035",-0.386756605615205,6.87402310762472,3.29480693548732,0.0977511579200431,0.99988016650531
"ENSG00000106392",-0.347592222925772,4.8441513155025,3.2927454372442,0.0978436451881144,0.99988016650531
"ENSG00000130309",0.364793626371633,6.59861890586668,3.29139982664647,0.097903475858373,0.99988016650531
"ENSG00000143537",0.571115880248667,3.74742279579729,3.28650803079922,0.0981237312502646,0.99988016650531
"ENSG00000198105",0.480261664853322,3.5377222206148,3.28539341130124,0.0981736691668606,0.99988016650531
"ENSG00000308602",1.37388980312008,0.396646212367764,3.2881557551495,0.0981831466661212,0.99988016650531
"ENSG00000287985",-0.625794609997073,2.17691361039652,3.28335532251017,0.0982700599348054,0.99988016650531
"ENSG00000265491",-0.345622556170043,6.46721983544731,3.27814985891101,0.0984986380364148,0.99988016650531
"ENSG00000263465",0.320065856468503,4.68659726790393,3.27627132237933,0.0985837999196593,0.99988016650531
"ENSG00000107331",0.684533946792573,3.40190388609328,3.27557639260556,0.0986160999562448,0.99988016650531
"ENSG00000157538",-0.321535816872667,4.82918492720805,3.27550192962847,0.0986185104621334,0.99988016650531
"ENSG00000181938",0.387456845867766,4.11321723820034,3.27522644454668,0.0986312050909256,0.99988016650531
"ENSG00000173821",-0.496720840563054,8.64086333016794,3.27369763607529,0.0986996264859321,0.99988016650531
"ENSG00000259804",0.552767601211999,3.02233991917419,3.2723702629362,0.0987615034162742,0.99988016650531
"ENSG00000137831",0.523962186535012,3.86108573992405,3.27132673278258,0.0988075462660678,0.99988016650531
"ENSG00000073150",-0.692663022424517,2.2128379111452,3.26850868968948,0.0989395617463486,0.99988016650531
"ENSG00000254004",0.373245846704025,3.73576951004124,3.26838587066011,0.0989408999652231,0.99988016650531
"ENSG00000186479",1.68943401500049,0.11590685366011,3.27189039791336,0.0989477817720657,0.99988016650531
"ENSG00000185838",0.578618135052431,2.99238282927897,3.26795820687521,0.0989612643029,0.99988016650531
"ENSG00000179889",0.270731273870732,5.92943102980315,3.26787676537916,0.0989632001355483,0.99988016650531
"ENSG00000267742",-0.749972506635917,1.26795418167986,3.26672917840752,0.0990329951178651,0.99988016650531
"ENSG00000068383",0.366212303913614,4.51032970937988,3.26601664831941,0.0990480731994153,0.99988016650531
"ENSG00000101096",0.288727601143358,5.57925273819799,3.26580784132454,0.0990570969297268,0.99988016650531
"ENSG00000101871",-0.487022541235766,3.50827243039788,3.26490272067837,0.0990991555321008,0.99988016650531
"ENSG00000140534",0.481103342197617,3.56252752518552,3.26405077162003,0.0991381093985758,0.99988016650531
"ENSG00000249936",-0.27755022770636,6.0738632312215,3.2629437775625,0.0991872393061886,0.99988016650531
"ENSG00000167613",-0.425471726975112,6.61057310794222,3.26186662302738,0.0992362374366892,0.99988016650531
"ENSG00000289009",-0.492026106043453,3.10355529484059,3.26161250410787,0.0992493233856337,0.99988016650531
"ENSG00000232934",1.35288358454805,0.65948775714161,3.2624114674123,0.0992567841055907,0.99988016650531
"ENSG00000116035",0.399401727978948,4.12171394606009,3.25755336818672,0.0994332826208102,0.99988016650531
"ENSG00000196776",-0.343294482980753,6.31761563771144,3.25475252756482,0.0995606576158063,0.99988016650531
"ENSG00000003400",-0.628898259857008,2.84021764781902,3.25394726269582,0.0995997060563477,0.99988016650531
"ENSG00000204390",-0.983973491642076,0.479766051554154,3.2562866024547,0.0996376281776158,0.99988016650531
"ENSG00000127564",0.409761701939468,4.25833729692022,3.25028974674531,0.0997654722424354,0.99988016650531
"ENSG00000147789",0.362326075803628,3.92328145733397,3.24929942583261,0.0998108926404658,0.99988016650531
"ENSG00000172164",0.397602054821737,5.11736964414571,3.24576381358634,0.099972498836718,0.99988016650531
"ENSG00000135722",-1.04952390705428,0.199749232942516,3.24996155128944,0.100033352770535,0.99988016650531
"ENSG00000184898",-0.526888977731242,3.64557523689526,3.2407266942635,0.100205036051466,0.99988016650531
"ENSG00000133321",-0.726855586354081,1.71487816428722,3.24083479430276,0.100209168598074,0.99988016650531
"ENSG00000116991",0.460673459749127,3.44895900386688,3.23965553758082,0.10025449181225,0.99988016650531
"ENSG00000136982",0.520134019051058,3.52052312589149,3.23787283504983,0.100336976108545,0.99988016650531
"ENSG00000162702",-0.27501657748831,5.70845287849853,3.23773047704258,0.100342298840233,0.99988016650531
"ENSG00000076356",1.08784017893375,0.759185418236314,3.23716597310482,0.100408810978876,0.99988016650531
"ENSG00000137766",0.564090515305384,2.81594304219778,3.23375931514451,0.100527713061015,0.99988016650531
"ENSG00000291077",-0.978033088147711,0.980121463568309,3.23436390829151,0.10053426210603,0.99988016650531
"ENSG00000123094",0.317100464023082,4.43517280453363,3.23325142885646,0.100549652798192,0.99988016650531
"ENSG00000188112",1.36035930678124,0.375784350044155,3.23374310270932,0.100665601381838,0.99988016650531
"ENSG00000234961",1.93455764084011,0.441763723783244,3.23289667625427,0.100689096965855,0.99988016650531
"ENSG00000158169",0.398621641481064,4.98461130617458,3.22789433649135,0.100797662801965,0.99988016650531
"ENSG00000198466",-0.425813932289929,3.44710290396758,3.22757635074815,0.100813349558778,0.99988016650531
"ENSG00000204397",-0.52023203203606,5.53869701944753,3.22697577144652,0.100840093441728,0.99988016650531
"ENSG00000169189",0.355975892836031,4.93220376038949,3.22623706956025,0.100874603257957,0.99988016650531
"ENSG00000261649",1.41455451784274,0.0635343984397549,3.23102923975974,0.10089853453348,0.99988016650531
"ENSG00000178338",0.404497249722454,3.60117257752005,3.22313449023538,0.101019451056096,0.99988016650531
"ENSG00000136514",-0.642371486138006,4.38401440453024,3.21837139336844,0.101241039271971,0.99988016650531
"ENSG00000116815",-0.407108559159509,7.06931413221538,3.21697499077482,0.101305727034508,0.99988016650531
"ENSG00000064309",-0.449694767496439,3.94001935764272,3.21582271011541,0.101360220503232,0.99988016650531
"ENSG00000149932",-0.287580589782612,7.48863228985536,3.21571139589008,0.101364752548693,0.99988016650531
"ENSG00000287636",-0.716814629497572,3.58193868167401,3.21501104255084,0.10139849917926,0.99988016650531
"ENSG00000242798",1.9108286821519,0.37230142710422,3.21709390945072,0.10145723884037,0.99988016650531
"ENSG00000149418",0.272424763751498,6.0395374628045,3.21303550579212,0.101489910066513,0.99988016650531
"ENSG00000138279",-0.341463152270333,6.86153474730809,3.20930641426992,0.10166461574171,0.99988016650531
"ENSG00000137200",-0.294036370976448,5.25770416947106,3.20627612360635,0.101806909021438,0.99988016650531
"ENSG00000261261",-0.283376582429502,4.83324070983593,3.20618044295352,0.101811735409869,0.99988016650531
"ENSG00000287878",0.946295695894796,1.55139678460675,3.20517737687233,0.101868692061956,0.99988016650531
"ENSG00000261845",-0.97420176435606,0.448425148017731,3.20740316510943,0.101870028558541,0.99988016650531
"ENSG00000128708",0.278374277468969,5.37586788771656,3.20263937270707,0.101977960528432,0.99988016650531
"ENSG00000163214",0.385492941099479,4.20735850709117,3.20193848361167,0.102011422156507,0.99988016650531
"ENSG00000229644",-0.47833213930278,4.2783987708803,3.20174108359851,0.102020708442818,0.99988016650531
"ENSG00000261759",-0.764544557633032,1.03212008337378,3.19904506959465,0.102194314925194,0.99988016650531
"ENSG00000122729",0.485818797439441,3.71410650450593,3.19675181771101,0.102256451708953,0.99988016650531
"ENSG00000290683",-0.357372210530963,5.11663048771666,3.19618051540497,0.102282677480889,0.99988016650531
"ENSG00000171155",-0.388599903626641,4.2444870845559,3.19374317288974,0.102398385708231,0.99988016650531
"ENSG00000007341",0.291082229699866,4.91120095567572,3.19336262191376,0.102416121173534,0.99988016650531
"ENSG00000108797",0.751339996027616,2.02867715252764,3.19319703346621,0.102428095525792,0.99988016650531
"ENSG00000146281",0.338243880036637,4.35533862415402,3.1920553471746,0.102478274254358,0.99988016650531
"ENSG00000107863",-0.468197018753516,4.4829747215141,3.1920025206813,0.102480730474133,0.99988016650531
"ENSG00000276045",-0.326765360952622,5.92113637841239,3.19069752810733,0.102542142339885,0.99988016650531
"ENSG00000113555",1.5288772165829,0.431395985747039,3.19036481835592,0.102670850043045,0.99988016650531
"ENSG00000170385",-0.285243004489467,4.9224148109815,3.18782548812795,0.102678772239843,0.99988016650531
"ENSG00000253116",-0.909910318078558,0.145421125811255,3.19128282398571,0.102688939175267,0.99988016650531
"ENSG00000285230",1.11618463639676,1.19868567729921,3.18800370500647,0.102694086683602,0.99988016650531
"ENSG00000078081",-0.656242668277569,6.5764862478611,3.18396827357671,0.102861782617119,0.99988016650531
"ENSG00000120910",-0.285941420334608,5.5205120897343,3.18348070509278,0.102885015318641,0.99988016650531
"ENSG00000163806",-0.49337842740648,3.02028529876927,3.18264902615889,0.1029263342771,0.99988016650531
"ENSG00000271122",-0.470604149933524,3.01325352525375,3.18230472202817,0.102942778705843,0.99988016650531
"ENSG00000145365",-0.429890263026813,4.97457600015826,3.18176642492869,0.102966902398312,0.99988016650531
"ENSG00000144218",0.330669501749487,7.64929745013256,3.18065311187952,0.103019710971818,0.99988016650531
"ENSG00000285693",0.685734393299806,2.61538713277953,3.18040711915092,0.103034370589959,0.99988016650531
"ENSG00000286288",0.290956379267786,5.11139818821831,3.17687578477455,0.103200071997164,0.99988016650531
"ENSG00000183032",2.41318373921632,0.180815367740155,3.18025614776836,0.103205716202128,0.99988016650531
"ENSG00000165091",1.1345089171181,0.447722354334119,3.17655757248217,0.10328530367017,0.99988016650531
"ENSG00000289092",-0.858394810641031,0.496583916039972,3.17509491956675,0.103375296723708,0.99988016650531
"ENSG00000196735",-0.804536035859259,3.35201884329334,3.17236895264607,0.103416936374343,0.99988016650531
"ENSG00000103404",0.401364742937949,4.560550449181,3.1711295302378,0.103475547068447,0.99988016650531
"ENSG00000245164",0.951808819750986,1.15253702249275,3.16836533682037,0.103636757079226,0.99988016650531
"ENSG00000101966",-0.306588620533272,5.89163552697393,3.16593373448358,0.103724622694476,0.99988016650531
"ENSG00000097046",0.357082235644776,4.46420484225099,3.16335595816094,0.103849153555145,0.99988016650531
"ENSG00000248138",0.503209744932557,3.94454454028007,3.16251629334865,0.103889742197986,0.99988016650531
"ENSG00000236333",-0.481073115981821,3.10897394753567,3.16115860499474,0.103956323813732,0.99988016650531
"ENSG00000260059",0.912751418059626,1.18476363153792,3.16040904192354,0.104020599994793,0.99988016650531
"ENSG00000125675",-0.765188144352646,1.04593358388869,3.15970757593539,0.104076680844307,0.99988016650531
"ENSG00000162664",0.348667021601675,5.5556504667225,3.15853641149702,0.104081159083399,0.99988016650531
"ENSG00000139644",-0.268015859386987,8.14260992750241,3.15847374326954,0.104084158357232,0.99988016650531
"ENSG00000080200",0.350316641318782,4.44945844675563,3.15782605710908,0.104115898801549,0.99988016650531
"ENSG00000138443",0.562146429923441,5.16506313464559,3.15584420317402,0.104211313080208,0.99988016650531
"ENSG00000142089",-0.50968369212711,10.5745144423305,3.15376577654267,0.104311871877439,0.99988016650531
"ENSG00000294708",0.862789438066009,2.22180331144295,3.15253074436924,0.104376351822324,0.99988016650531
"ENSG00000294095",1.10653272585253,0.927918419161277,3.1527572379248,0.104398854605241,0.99988016650531
"ENSG00000170264",0.859068838042647,1.76086968015991,3.1518586454269,0.104416505454758,0.99988016650531
"ENSG00000156113",-0.851077496809132,1.69582554636225,3.14809028812307,0.104601311505479,0.99988016650531
"ENSG00000172954",0.330977946517764,5.24060049775958,3.14754489242506,0.104613765045349,0.99988016650531
"ENSG00000119703",0.754652039133048,2.04260576606135,3.1469925001623,0.104647165080109,0.99988016650531
"ENSG00000139832",-0.428846419750562,4.35687925352059,3.14518838525703,0.104728810793849,0.99988016650531
"ENSG00000232611",-1.26532155160851,0.822231949783804,3.14564433209948,0.104795042189947,0.99988016650531
"ENSG00000239917",1.75095094054561,0.312376854096495,3.14407639262714,0.104870295897286,0.99988016650531
"ENSG00000049323",1.03397702316185,1.33980080128866,3.14047113851894,0.104973340770239,0.99988016650531
"ENSG00000145362",0.36277111960929,5.30757064101904,3.14014834413544,0.104974071076896,0.99988016650531
"ENSG00000267100",-0.426997185513501,3.18321793451355,3.13994613204806,0.104985462474066,0.99988016650531
"ENSG00000100368",-0.336115376350447,4.82325434354136,3.13975115777903,0.104993770191759,0.99988016650531
"ENSG00000100416",0.342310962681645,4.05497900421105,3.13913550168112,0.105024048581949,0.99988016650531
"ENSG00000175416",0.287074492092073,6.1042773777154,3.13782589863908,0.105087504918956,0.99988016650531
"ENSG00000162493",0.532372020316833,2.95550413451988,3.13204560283917,0.105372387879468,0.99988016650531
"ENSG00000146416",0.491745159389139,4.91853191924171,3.13095071842374,0.105424650548997,0.99988016650531
"ENSG00000305400",0.937031044124074,1.54157076605128,3.12857507992103,0.105552523083206,0.99988016650531
"ENSG00000125741",-0.257576622020339,5.36302756438619,3.12774993945711,0.105581533532512,0.99988016650531
"ENSG00000106479",0.514479520975552,3.20079980810028,3.12752166311702,0.105594180096011,0.99988016650531
"ENSG00000159111",-0.330754384406149,4.20042711835769,3.12731029315879,0.105603655059691,0.99988016650531
"ENSG00000137767",-0.360431633144793,7.39107535743958,3.12587851820222,0.105673571021415,0.99988016650531
"ENSG00000137558",-0.707982417050029,4.30313683389027,3.12461699230917,0.105736199716564,0.99988016650531
"ENSG00000277688",0.783681040318558,2.01750812376215,3.12291546887381,0.105825687108949,0.99988016650531
"ENSG00000136630",-0.294353720404934,5.34600255454061,3.121866675606,0.105871324723494,0.99988016650531
"ENSG00000116016",-0.371577943760503,5.15063215405771,3.12116468901417,0.105905981347494,0.99988016650531
"ENSG00000176953",0.282811902327902,6.26163011636511,3.12114101637713,0.105907110516932,0.99988016650531
"ENSG00000177311",-0.320047643458324,4.46883526748026,3.12071350177725,0.105928673794793,0.99988016650531
"ENSG00000069482",0.499709692783627,4.38466988203049,3.12069903990995,0.105929421729834,0.99988016650531
"ENSG00000119801",-0.366755527106202,4.10963676216765,3.11524351276245,0.106199269458698,0.99988016650531
"ENSG00000260267",-0.857684203817182,1.21058637874139,3.11495668796077,0.106240778737856,0.99988016650531
"ENSG00000079385",-0.972350037246978,0.362304808945912,3.11706759516709,0.106308757567872,0.99988016650531
"ENSG00000197183",-0.327810797304585,7.14643340145939,3.11284310716768,0.10631769723856,0.99988016650531
"ENSG00000035687",0.435808463126882,3.57433159911439,3.11081108872464,0.106419483520059,0.99988016650531
"ENSG00000104419",0.753548593780159,2.15891298477872,3.10980828429327,0.106472432202038,0.99988016650531
"ENSG00000092871",-0.331035223051205,4.17775995501267,3.10921122288376,0.106498545741958,0.99988016650531
"ENSG00000159363",-0.759298806381573,3.01337290851912,3.10840071044883,0.106540268491973,0.99988016650531
"ENSG00000141499",0.522414915073669,2.70537572298362,3.10723130819198,0.106599747238754,0.99988016650531
"ENSG00000260256",-0.588221448946762,1.86755222810915,3.10460045743283,0.106734737867579,0.99988016650531
"ENSG00000286481",1.45974532871332,0.336778706431733,3.10630523164627,0.106747264564264,0.99988016650531
"ENSG00000107957",0.359715432414361,5.8772088599099,3.1038259044012,0.106766160626275,0.99988016650531
"ENSG00000226239",-0.513709743497922,2.4497510702284,3.1027054648129,0.106825036639958,0.99988016650531
"ENSG00000092020",-0.25797272933312,6.09014853280681,3.0985864998041,0.107027812745397,0.99988016650531
"ENSG00000300010",-0.931219357270297,0.69117235334857,3.09897313762904,0.107060985264748,0.99988016650531
"ENSG00000123992",-0.286441560625946,5.67855644343401,3.09760642811106,0.107076858862922,0.99988016650531
"ENSG00000205423",-0.463044060653933,3.13366554775735,3.0975280280827,0.107082342909075,0.99988016650531
"ENSG00000103253",0.39785509374053,3.79597875224291,3.09505513430228,0.107205695245524,0.99988016650531
"ENSG00000157985",0.401544858682862,5.09679163126029,3.09475949613515,0.107219663990452,0.99988016650531
"ENSG00000105894",-1.26834258743019,0.180025793300872,3.09915734793095,0.107259453148794,0.99988016650531
"ENSG00000183856",0.468623457469391,3.08647369528571,3.09102244580497,0.10740863661147,0.99988016650531
"ENSG00000091106",0.411234715492181,3.37668073930302,3.08602387508302,0.107659531033505,0.99988016650531
"ENSG00000135333",-0.962239191083821,0.894527745660668,3.08669969684199,0.107667636406349,0.99988016650531
"ENSG00000303357",1.15152694140757,0.417917779598856,3.08464814553175,0.107931046900719,0.99988016650531
"ENSG00000182749",0.826438660314969,1.55114165327938,3.07751496602391,0.108102076802189,0.99988016650531
"ENSG00000263766",0.405341103050814,4.22847110862439,3.07368828497827,0.108282740508795,0.99988016650531
"ENSG00000133302",0.290725470078036,4.89769389448032,3.07289398256113,0.108322916375927,0.99988016650531
"ENSG00000145685",0.437517019130502,3.22522041994877,3.07127816920506,0.108405905913792,0.99988016650531
"ENSG00000126746",-0.413300706846468,4.09418447777465,3.07124040400533,0.10840714565116,0.99988016650531
"ENSG00000279140",1.40654070766198,0.67232566241938,3.070492148871,0.108495544992133,0.99988016650531
"ENSG00000176531",0.586068812023489,2.89995036890064,3.06920984016679,0.108511821422235,0.99988016650531
"ENSG00000185862",-0.288578548969712,5.23457570652954,3.06753477787328,0.108595164286139,0.99988016650531
"ENSG00000178921",0.471636528823916,3.31294866589797,3.06541500525917,0.108704550552579,0.99988016650531
"ENSG00000168675",0.383538093674745,5.62596150418998,3.06524089357408,0.10871206053526,0.99988016650531
"ENSG00000154429",0.329700924303154,4.54551623557776,3.064796899092,0.108735145005973,0.99988016650531
"ENSG00000137216",-0.356555845659422,4.63832371464688,3.06327174060193,0.108812960044918,0.99988016650531
"ENSG00000178719",-0.289201402518446,8.35294582336167,3.06313833799828,0.108819340838432,0.99988016650531
"ENSG00000165138",0.47654057928814,3.80434209107517,3.06266020162005,0.108844522552879,0.99988016650531
"ENSG00000166582",0.312225206607689,4.3653182892027,3.05921130090867,0.109020745896332,0.99988016650531
"ENSG00000291149",-0.720228526242426,1.16645127879282,3.05698186311356,0.109156081824992,0.99988016650531
"ENSG00000261465",0.797579564398494,0.910840910677445,3.05724739392755,0.109180646995628,0.99988016650531
"ENSG00000114354",-0.245658538205389,6.31668094079247,3.05577855324092,0.109196010107545,0.99988016650531
"ENSG00000135124",-0.296836624725349,6.21177756925528,3.05464732207575,0.10925404984701,0.99988016650531
"ENSG00000140368",0.480276730630109,3.92651279321592,3.05315389719074,0.109331397482745,0.99988016650531
"ENSG00000205542",-0.417603013109447,14.1379410075297,3.05309944702461,0.109333516675229,0.99988016650531
"ENSG00000180549",0.726144194751529,3.35856351811936,3.05257189450483,0.1093619119826,0.99988016650531
"ENSG00000162852",0.314326472610454,5.33762979366736,3.05195389071559,0.109392421314755,0.99988016650531
"ENSG00000235749",0.69493629712925,1.79218919062896,3.05113566831474,0.109442774300666,0.99988016650531
"ENSG00000145860",-0.359058202130853,6.67211353335734,3.04759736709671,0.109616622444566,0.99988016650531
"ENSG00000272279",0.782208554935672,1.84450020760458,3.04695394644696,0.109657341337911,0.99988016650531
"ENSG00000301011",-1.09755720623878,0.310830776356358,3.05128489288703,0.109659467476881,0.99988016650531
"ENSG00000175895",-0.303929657954767,4.99829555250276,3.04195761095278,0.109907987799956,0.99988016650531
"ENSG00000309069",-0.36408258672102,5.61480548957773,3.04014535812915,0.110001539142349,0.99988016650531
"ENSG00000230472",-1.02329183696756,0.422823243551687,3.03814136717905,0.110224981534807,0.99988016650531
"ENSG00000234665",-0.827967518968952,0.645607589382071,3.03382956391271,0.110396203324039,0.99988016650531
"ENSG00000293514",0.550950746939864,3.21310887450953,3.0298233649266,0.110538822109673,0.99988016650531
"ENSG00000161011",-0.315665535557482,8.32851127181513,3.02883182542923,0.110589102154533,0.99988016650531
"ENSG00000173540",0.462593175822386,2.92668716453105,3.02782600780202,0.110643625045625,0.99988016650531
"ENSG00000095002",0.449029322748847,4.68760469028274,3.0277702129749,0.110644876722128,0.99988016650531
"ENSG00000166123",0.717157447406242,2.22446927406858,3.02692500321779,0.110694040397756,0.99988016650531
"ENSG00000034510",-0.377494705489305,10.4603186726384,3.02647270599644,0.110712122197988,0.99988016650531
"ENSG00000185507",-0.550774883469292,6.44169774627629,3.02538320629931,0.110769002532843,0.99988016650531
"ENSG00000019582",-0.328734979784036,7.89834062469311,3.02523295941944,0.110776840980095,0.99988016650531
"ENSG00000137821",1.08323172354288,1.2454584185089,3.02497237411116,0.110806857297243,0.99988016650531
"ENSG00000297619",0.751971959892087,1.59275462524781,3.0247537228647,0.110812590695765,0.99988016650531
"ENSG00000229131",-0.349087665758327,4.79027087010378,3.02301564179601,0.11089304776262,0.99988016650531
"ENSG00000165934",-0.270467884994316,6.11910524414787,3.02239514866151,0.110925172875673,0.99988016650531
"ENSG00000158691",0.867413781485397,1.43760642316587,3.01954560703319,0.111088720992852,0.99988016650531
"ENSG00000074410",0.776169853608476,1.67771490504315,3.01426220332148,0.111361025402911,0.99988016650531
"ENSG00000082269",0.308750527881985,4.70703314916633,3.01218077464841,0.111461462378459,0.99988016650531
"ENSG00000116251",0.907322593412297,1.24859897500832,3.00734197237429,0.111735142549876,0.99988016650531
"ENSG00000067992",0.70372859793427,3.14707094602683,3.00521976652226,0.111830193370862,0.99988016650531
"ENSG00000268350",0.461866491846434,2.87815616993144,3.00158914781531,0.112022299763641,0.99988016650531
"ENSG00000106823",1.16732581893372,0.931695337748596,3.00207350144729,0.112026411521539,0.99988016650531
"ENSG00000198740",0.285768070850076,5.38902257502598,2.99965188619221,0.11212292347833,0.99988016650531
"ENSG00000142528",0.450808965879687,3.19941807871122,2.99920590284543,0.112147959513603,0.99988016650531
"ENSG00000071539",0.334224948572585,4.29331223494534,2.99655057498011,0.112287987263141,0.99988016650531
"ENSG00000158402",0.480966547164152,3.05518929815567,2.99635047950988,0.112300060497545,0.99988016650531
"ENSG00000303853",0.577980608618929,3.23585931064613,2.99351667714403,0.112450344861394,0.99988016650531
"ENSG00000107614",-0.512169863180279,2.96591364430745,2.99216192652239,0.112522898980596,0.99988016650531
"ENSG00000286277",1.60738658677255,-0.0784001115766463,2.99672085787411,0.112526397812796,0.99988016650531
"ENSG00000152778",-0.649731321534237,4.41268024876002,2.99159750172439,0.112551406006922,0.99988016650531
"ENSG00000054690",-0.729914302200355,3.1029328707105,2.99104721750525,0.112581953425646,0.99988016650531
"ENSG00000122952",0.339716552075688,6.11738589674457,2.99071058090299,0.112598220917622,0.99988016650531
"ENSG00000196678",0.356359342028817,4.17774366153483,2.98893083621422,0.112693663420752,0.99988016650531
"ENSG00000290230",0.78577378076845,1.14072007036815,2.98640871177911,0.112854419450576,0.99988016650531
"ENSG00000226571",-0.414399722176693,3.73200052159746,2.98266781167474,0.113028715305102,0.99988016650531
"ENSG00000267248",1.21885336319585,0.457476704861176,2.98194442237193,0.113151364407339,0.99988016650531
"ENSG00000196118",1.02692098258231,1.44089643383633,2.98055519066312,0.113181567164514,0.99988016650531
"ENSG00000134256",1.35905950517765,1.30171906581881,2.97895521235529,0.113242993975995,0.99988016650531
"ENSG00000259354",-0.440150999090269,7.86258788438678,2.97810474701528,0.113272630654743,0.99988016650531
"ENSG00000285667",0.702687634710709,2.13012971372058,2.97170087034984,0.113622042949611,0.99988016650531
"ENSG00000121005",-0.325190724422951,4.3620323923285,2.97067616026708,0.11367295306981,0.99988016650531
"ENSG00000105726",-0.280871873076942,5.87245769225234,2.96896708380746,0.113764698597664,0.99988016650531
"ENSG00000166278",0.607070265714958,2.32617571661709,2.96625777998051,0.113915673137053,0.99988016650531
"ENSG00000286753",-1.0106150840763,0.437459313350439,2.9657794730633,0.11405529285913,0.99988016650531
"ENSG00000149380",0.873097848017967,0.834979202552998,2.96387860552174,0.1140998977933,0.99988016650531
"ENSG00000164466",0.297663756170451,5.69081310094142,2.96121732655641,0.11418412144814,0.99988016650531
"ENSG00000139220",0.469800042170578,6.15112979476101,2.95799951328544,0.114358825248586,0.99988016650531
"ENSG00000149591",0.62901273165022,2.45771293792081,2.95680295633109,0.114427183966838,0.99988016650531
"ENSG00000249171",-0.880479702947001,0.313385675539189,2.9585025479227,0.114473735340704,0.99988016650531
"ENSG00000147459",0.331258363746975,6.23908895484064,2.95514853126301,0.114513908448721,0.99988016650531
"ENSG00000157191",-0.278826840982995,6.88170110105576,2.95349795785078,0.11460380597506,0.99988016650531
"ENSG00000214184",0.393291942208371,3.84787104498,2.95253843077042,0.114656799143674,0.99988016650531
"ENSG00000183475",0.324253750527988,4.42210107895312,2.95224918405254,0.114672346051279,0.99988016650531
"ENSG00000300615",-0.780844122614497,1.37790956840507,2.95239530211091,0.114686114234288,0.99988016650531
"ENSG00000099715",-0.551317651710929,2.48654047152372,2.95024522621277,0.114785762286794,0.99988016650531
"ENSG00000158467",0.320207008926613,5.20232233020138,2.948556587106,0.114873530335852,0.99988016650531
"ENSG00000299064",0.960158267832463,0.692125139494634,2.94917075743507,0.114900020967975,0.99988016650531
"ENSG00000171467",0.291217389750964,4.5634594493381,2.94505608342153,0.115065449262531,0.99988016650531
"ENSG00000198189",-0.410390774562281,3.36099303174061,2.94484129820088,0.115078144748374,0.99988016650531
"ENSG00000114978",-0.312191027576846,8.43724863863514,2.94425355412319,0.115108978524302,0.99988016650531
"ENSG00000172382",-0.976491805873374,0.348824524393161,2.94690621863016,0.115121328629343,0.99988016650531
"ENSG00000148090",0.411203393063182,3.87010581331203,2.9387814504885,0.115410005296614,0.99988016650531
"ENSG00000186020",0.363421751293375,3.56526615264807,2.93285483675069,0.115736694624043,0.99988016650531
"ENSG00000170266",-0.277858864880086,6.59959469393872,2.92805136432616,0.116001151978402,0.99988016650531
"ENSG00000143643",0.30306110316349,4.89409103590628,2.92801750177095,0.1160032603509,0.99988016650531
"ENSG00000155158",0.438175656749636,3.29593314499643,2.92641211744931,0.116092968403363,0.99988016650531
"ENSG00000134253",1.64034748797928,0.584994922188378,2.92966929796663,0.116118288045706,0.99988016650531
"ENSG00000062282",0.443398835187995,4.75333809087881,2.92533903338578,0.116151708423331,0.99988016650531
"ENSG00000134028",-0.604290840802499,6.61264281022119,2.9210344775876,0.116390229838811,0.99988016650531
"ENSG00000023445",-0.55367232413201,5.76115051629578,2.91934375607445,0.116484238289176,0.99988016650531
"ENSG00000232807",1.68462824016601,0.243298472097932,2.92302020567951,0.116487726487731,0.99988016650531
"ENSG00000283360",0.41266642541138,4.41860008126934,2.91863187973802,0.116524299906921,0.99988016650531
"ENSG00000228526",0.609815365351267,2.22414603740615,2.91851560146237,0.116534713082741,0.99988016650531
"ENSG00000308202",-1.02915515297898,1.01811203077042,2.91623513124751,0.116684301593967,0.99988016650531
"ENSG00000119888",1.24400917795577,1.22150228269137,2.91531206818783,0.116744303589145,0.99988016650531
"ENSG00000012779",0.271672465911566,5.91052005631776,2.91404508405906,0.116779429136666,0.99988016650531
"ENSG00000168961",-0.451274195469574,7.77141654684714,2.91361784448307,0.116803255384401,0.99988016650531
"ENSG00000175550",-0.380419547441459,6.81353914399156,2.91335180023992,0.116818109887028,0.99988016650531
"ENSG00000104059",0.920735117991935,0.773572222563787,2.91422482818054,0.116837904680088,0.99988016650531
"ENSG00000091947",-0.284813179018811,5.18648233059357,2.91203572331401,0.11689165429745,0.99988016650531
"ENSG00000075275",0.72556841720904,3.23276345706695,2.91109498202294,0.116945642075139,0.99988016650531
"ENSG00000135269",-0.292417498082744,5.13114251875883,2.90482996556801,0.117295091343098,0.99988016650531
"ENSG00000165272",0.939693835853472,2.32375803017572,2.90416488866245,0.117336722281083,0.99988016650531
"ENSG00000172572",0.324004440767454,4.46833600796669,2.90342887813798,0.117374167894143,0.99988016650531
"ENSG00000204264",-0.291631240131916,7.85683820024861,2.90218042419258,0.117443822460728,0.99988016650531
"ENSG00000090565",0.308067693242335,4.96452563448312,2.90208707783275,0.11744930330813,0.99988016650531
"ENSG00000179304",0.519895296882305,2.54880498959752,2.90201931082419,0.117456044187762,0.99988016650531
"ENSG00000188676",-0.655513815406753,3.40802855184913,2.89918033206401,0.117613654532752,0.99988016650531
"ENSG00000168904",0.320229200587999,4.11627621801193,2.89857765924399,0.11764705993265,0.99988016650531
"ENSG00000131979",-0.397408111926464,3.87529714850674,2.89715365548217,0.117727419711211,0.99988016650531
"ENSG00000196547",0.453252188757162,3.47012314297237,2.89307575902859,0.117958097097228,0.99988016650531
"ENSG00000132024",0.352725555604694,3.96700931426513,2.89229942238092,0.118001373149211,0.99988016650531
"ENSG00000087074",-0.324650185616887,5.978870337366,2.89055848718211,0.118099272480402,0.99988016650531
"ENSG00000183665",-0.471995836469591,3.1530926890699,2.88992543858868,0.118136738651696,0.99988016650531
"ENSG00000117090",-0.59034106700186,2.02095960747439,2.88740955545194,0.118283401618234,0.99988016650531
"ENSG00000174652",-0.376244581527354,3.59129989471641,2.88704176717419,0.118299486318881,0.99988016650531
"ENSG00000295437",1.37204233504978,0.242812483381395,2.88905545506666,0.118304315305639,0.99988016650531
"ENSG00000119048",-0.309272568416928,6.755543628397,2.88679765561408,0.118312344885798,0.99988016650531
"ENSG00000172167",0.345351283127949,4.3225274174065,2.88413628274561,0.118463938328653,0.99988016650531
"ENSG00000115271",-0.521674267664014,5.14741817473844,2.88265627747055,0.118547596790541,0.99988016650531
"ENSG00000038427",-0.317890379574303,5.51298035702457,2.8825576109236,0.118553184552239,0.99988016650531
"ENSG00000161618",0.855062735506253,0.88632949238327,2.88103854594911,0.118678908604289,0.99988016650531
"ENSG00000293468",0.497767053657401,2.82350068220845,2.87947330140959,0.118730738273494,0.99988016650531
"ENSG00000072840",1.09080972690657,0.760221708518065,2.87323392436207,0.119132667906435,0.99988016650531
"ENSG00000108406",-0.353153680506208,3.99419900455806,2.87222521574278,0.119143231975892,0.99988016650531
"ENSG00000059573",0.368048467829428,4.74990201484238,2.87149923600812,0.11918448673979,0.99988016650531
"ENSG00000233058",0.465060083649875,4.10127161951257,2.8701769850948,0.119260515904233,0.99988016650531
"ENSG00000133315",0.480454650927411,3.21519291783717,2.86934147755297,0.119309210036965,0.99988016650531
"ENSG00000100504",0.508532631625021,5.75398525162289,2.86612053445582,0.119492589225134,0.99988016650531
"ENSG00000170231",-0.837385333062565,1.00633801882932,2.86604541970537,0.119525700427132,0.99988016650531
"ENSG00000171723",0.328171954320554,7.18463530341763,2.86466971385088,0.119575926752022,0.99988016650531
"ENSG00000104231",0.289420770798539,4.80841840728958,2.86199443377348,0.119730223369271,0.99988016650531
"ENSG00000100079",-0.69658850190736,3.39392305175407,2.86088154846253,0.119795106287852,0.99988016650531
"ENSG00000137413",-0.339903277033117,4.30214251681168,2.85916863359713,0.11989319121546,0.99988016650531
"ENSG00000305531",-0.649789595929204,3.37799912133396,2.85904785361534,0.119900743847547,0.99988016650531
"ENSG00000175866",0.393525960074179,4.79228677853299,2.8589408940029,0.119906179190846,0.99988016650531
"ENSG00000145087",0.304159803261481,4.87689488447796,2.85750087661117,0.119989243350779,0.99988016650531
"ENSG00000155324",0.312546324901553,4.42832757352447,2.85638796200533,0.120053663497834,0.99988016650531
"ENSG00000186635",-0.263905810364316,6.27829442293013,2.85601922003978,0.120074526457787,0.99988016650531
"ENSG00000299949",-0.280109976017851,5.76114933919088,2.85544798799637,0.12010755271326,0.99988016650531
"ENSG00000056558",-0.423124338384805,6.22777956674031,2.85481043952755,0.120144406859854,0.99988016650531
"ENSG00000124313",0.516109993422402,3.04524107107344,2.85390914850571,0.120198074619178,0.99988016650531
"ENSG00000287678",0.877336748017718,1.38271802359107,2.85346268123168,0.120239235120573,0.99988016650531
"ENSG00000169946",-0.439351091353358,3.43819529885377,2.85316035605304,0.120241005910644,0.99988016650531
"ENSG00000158079",0.431394210491498,3.52032035382762,2.85197884878879,0.120309265393171,0.99988016650531
"ENSG00000147324",0.376692904827164,5.35579911616852,2.85146901783494,0.120337870773517,0.99988016650531
"ENSG00000264630",0.886133829207431,3.52130901581765,2.8506216508331,0.12038821586516,0.99988016650531
"ENSG00000196182",-0.248530579393001,5.34365755446149,2.85049919288721,0.120394085412673,0.99988016650531
"ENSG00000139433",0.476276448235613,4.20260338492503,2.84873437601558,0.120496942959638,0.99988016650531
"ENSG00000159720",-0.249442288070365,5.6769392991706,2.8451357859563,0.120705562770429,0.99988016650531
"ENSG00000145147",-0.57235644777778,4.19048043690384,2.84412708729877,0.120764732699631,0.99988016650531
"ENSG00000305970",-0.711474457619376,1.84520244662844,2.83993879250289,0.121016438481231,0.99988016650531
"ENSG00000005007",-0.301748704119269,5.71444582062204,2.83898726256292,0.121063899352487,0.99988016650531
"ENSG00000149792",0.301984664524222,4.82624870616784,2.83668688926575,0.121198670215867,0.99988016650531
"ENSG00000112029",0.378120397214604,4.47624813303273,2.83545518534826,0.121270812778166,0.99988016650531
"ENSG00000102401",-0.292138724894309,5.54433032305614,2.83491490854596,0.121301981684396,0.99988016650531
"ENSG00000179241",0.277834207139161,4.97177664154323,2.8344346498057,0.121330182187,0.99988016650531
"ENSG00000183207",0.2596443620626,5.669221232979,2.83188509199958,0.121479493504599,0.99988016650531
"ENSG00000122861",-0.396119238003549,6.84684125469037,2.83086856977164,0.121539095658714,0.99988016650531
"ENSG00000257345",1.43941415085724,0.472385001204965,2.83072006920287,0.12162548409421,0.99988016650531
"ENSG00000177646",0.29514837243533,5.18163578736627,2.82912690252645,0.121641397349941,0.99988016650531
"ENSG00000186654",1.73810567240463,0.88738438640905,2.82891263402825,0.121679096318957,0.99988016650531
"ENSG00000074370",0.689554627201075,3.02266384646414,2.82841621551681,0.121684919446844,0.99988016650531
"ENSG00000285796",-0.748385668799566,1.3520287299905,2.82792504197175,0.121732081166185,0.99988016650531
"ENSG00000158480",0.377231586766807,3.70359245568552,2.82626285057406,0.121810585336538,0.99988016650531
"ENSG00000100116",0.560306730615209,2.69190192627804,2.82622013357741,0.1218148181913,0.99988016650531
"ENSG00000176248",0.631764406894102,2.19927859249388,2.82508994595243,0.121883986647003,0.99988016650531
"ENSG00000189079",-0.325152468438518,6.87470392300332,2.82291111966734,0.122007159707972,0.99988016650531
"ENSG00000035499",0.376275949900127,3.73069839045333,2.82062651144614,0.122142895727365,0.99988016650531
"ENSG00000105329",0.486023466130102,5.88873691619408,2.82014525915783,0.122170395053266,0.99988016650531
"ENSG00000157933",0.352588008721836,5.61551224898483,2.81821299547421,0.122284600458113,0.99988016650531
"ENSG00000163975",0.527828896267791,3.62265833208369,2.81741989236371,0.122332393167525,0.99988016650531
"ENSG00000018280",0.944675644854733,1.58919695571883,2.8166731124609,0.122389096100708,0.99988016650531
"ENSG00000138002",0.45414408975166,3.07695668543591,2.8157572815614,0.122431480310023,0.99988016650531
"ENSG00000068028",0.347865992145657,5.04655591743827,2.81558414016894,0.122440343119986,0.99988016650531
"ENSG00000171067",0.424045969538461,4.48117927819721,2.81488835631362,0.122481821241677,0.99988016650531
"ENSG00000123728",-0.369760319126773,4.73559878348338,2.81425488062708,0.122519326856488,0.99988016650531
"ENSG00000275302",-0.555617027194638,8.85869036517983,2.81367074639466,0.122553536750909,0.99988016650531
"ENSG00000310296",2.13344656283601,0.246429426538095,2.81585188989107,0.122561073028984,0.99988016650531
"ENSG00000115604",-0.374478954249039,4.33716686584877,2.81054706987061,0.122739401061861,0.99988016650531
"ENSG00000273409",-0.979900839263182,0.155349355225639,2.81198183429099,0.12284716451239,0.99988016650531
"ENSG00000133789",-0.416156309140147,7.13385348021287,2.80870129594677,0.122848658911958,0.99988016650531
"ENSG00000278390",0.522285927289473,2.66294729100504,2.80635682662063,0.122990660857811,0.99988016650531
"ENSG00000265737",-0.298767306247036,5.27326207213816,2.80568427651743,0.123028315898729,0.99988016650531
"ENSG00000241098",1.03715186479569,0.363428002042418,2.80862344188047,0.12303578828412,0.99988016650531
"ENSG00000111252",-0.246320999180278,7.1954853898417,2.80504109444116,0.123066599378871,0.99988016650531
"ENSG00000101115",0.866000176170676,2.60345231533438,2.80316865547546,0.123180938556089,0.99988016650531
"ENSG00000141384",0.306884721429838,4.56945703118043,2.80067962199843,0.123327368871825,0.99988016650531
"ENSG00000187791",-0.548295255330593,3.93698002453923,2.79823321536317,0.123473956339863,0.99988016650531
"ENSG00000129460",-0.258188219063446,5.16206746075329,2.79571071574197,0.123624424809496,0.99988016650531
"ENSG00000116663",-0.351725870081147,5.51304865618873,2.79095735844331,0.123909783990211,0.99988016650531
"ENSG00000146278",-0.287182689069471,7.29413539895307,2.79088980559052,0.123913818563515,0.99988016650531
"ENSG00000294211",0.564783772545072,2.13776275357984,2.79047725634367,0.123943234392986,0.99988016650531
"ENSG00000268001",-0.46871727368839,3.9754658221539,2.78377595907642,0.124343171368274,0.99988016650531
"ENSG00000267011",1.08679532061191,0.162782554661133,2.78591039303839,0.124370272965021,0.99988016650531
"ENSG00000285632",0.650777482698579,3.30480864437984,2.78258948107118,0.124415733188042,0.99988016650531
"ENSG00000108932",0.822295679065611,0.952589426741435,2.78240192195211,0.124466387330779,0.99988016650531
"ENSG00000164066",0.575342813144544,2.61511624529639,2.78066335829312,0.124533507304669,0.99988016650531
"ENSG00000027869",0.540135084008715,2.71900120343067,2.77999318886497,0.124573321413738,0.99988016650531
"ENSG00000100055",-0.272826978856965,5.51329107222909,2.77988288707468,0.124577910810113,0.99988016650531
"ENSG00000255835",0.802960468270272,1.72451520337472,2.77901362857413,0.124639163899111,0.99988016650531
"ENSG00000167721",0.276095075738918,4.70506864123746,2.77823778512853,0.124677943638748,0.99988016650531
"ENSG00000165406",0.607523832385871,2.03728259955108,2.77801549620777,0.124696654564615,0.99988016650531
"ENSG00000225663",-0.301317381940553,4.90990512203426,2.77664407339548,0.124774485405091,0.99988016650531
"ENSG00000125901",0.373017307628953,4.68919922588625,2.77495341336842,0.124877175181336,0.99988016650531
"ENSG00000169255",1.0382769451734,0.896170046819604,2.7743726959732,0.124946428253023,0.99988016650531
"ENSG00000290767",-0.727026003886363,1.41142675951631,2.77346271656585,0.124985616298469,0.99988016650531
"ENSG00000174776",0.366683053834482,4.7765569034005,2.7720580847066,0.125053224483447,0.99988016650531
"ENSG00000255929",0.721462110597825,2.15333645817386,2.7716483760406,0.125082601024974,0.99988016650531
"ENSG00000183793",-0.602572393067865,2.14634027007127,2.77091922932006,0.125128893269018,0.99988016650531
"ENSG00000163666",-0.542520128915846,4.84618643403568,2.77075081462219,0.125132555566746,0.99988016650531
"ENSG00000181381",-0.471330691920098,7.18802895926694,2.77045804596693,0.125150074575564,0.99988016650531
"ENSG00000173432",1.18806855993852,0.178767206789695,2.77351597257524,0.125169231574491,0.99988016650531
"ENSG00000109534",0.247306773717546,5.76078910236711,2.76976210016908,0.125192479236545,0.99988016650531
"ENSG00000112576",0.401966313078256,6.79675804033603,2.76827380437872,0.125283157593446,0.99988016650531
"ENSG00000260219",1.18327807290683,1.01657348398686,2.76846455600739,0.1253003748823,0.99988016650531
"ENSG00000105221",-0.325384931687622,4.24316507895271,2.76766121811918,0.125321044152594,0.99988016650531
"ENSG00000242612",0.490579367898088,3.34855437638376,2.76767003402444,0.125321381109886,0.99988016650531
"ENSG00000150756",0.471002459203492,3.80937150449046,2.76382025813292,0.125555802813284,0.99988016650531
"ENSG00000287264",0.896553192224608,1.44576937703897,2.76358933632925,0.125583014438201,0.99988016650531
"ENSG00000100985",0.590002948916929,8.84882662153273,2.76143229152088,0.125701148271274,0.99988016650531
"ENSG00000135253",0.775316701594834,2.95183661758,2.76125183887544,0.125714084147033,0.99988016650531
"ENSG00000288098",-0.670941437368825,1.44781303594292,2.76032712784039,0.125786412343543,0.99988016650531
"ENSG00000078808",-0.307155706308264,7.39933065245486,2.75950993928081,0.125818917215705,0.99988016650531
"ENSG00000197818",-0.280787650074119,4.88011866597241,2.75941002562087,0.125825272097643,0.99988016650531
"ENSG00000169689",0.409042313546364,5.21014451670203,2.75800760089178,0.125911205458344,0.99988016650531
"ENSG00000255557",0.867377230911811,1.61093806460727,2.75658450204732,0.126009449379231,0.99988016650531
"ENSG00000130713",0.33634029164601,4.51189652620254,2.75606332458944,0.126030873552401,0.99988016650531
"ENSG00000156234",-0.755095241674939,11.5850927022118,2.75557013269588,0.126060710733892,0.99988016650531
"ENSG00000288025",1.14980119756939,0.477081381643119,2.75583154544766,0.126101628345789,0.99988016650531
"ENSG00000128298",0.982271666996571,0.670485956772295,2.75538547422946,0.126130966262526,0.99988016650531
"ENSG00000177294",-0.636853357429792,2.66378042166033,2.75436452122607,0.126137333150274,0.99988016650531
"ENSG00000204380",-0.794621641962178,0.693507242197379,2.75401849834387,0.126260068592825,0.99988016650531
"ENSG00000174796",-0.309432259965104,3.98574887345755,2.75020458711122,0.1263916282971,0.99988016650531
"ENSG00000012232",-0.344686162350006,4.0305216252731,2.74955848351409,0.126431482266392,0.99988016650531
"ENSG00000114853",0.400759563752077,3.39187508532631,2.74813090886088,0.126520101657545,0.99988016650531
"ENSG00000300496",0.82266067967783,1.54095689189844,2.74636111296916,0.126640785055828,0.99988016650531
"ENSG00000188312",0.400297217977978,6.74502939302434,2.74402084401839,0.126772918247927,0.99988016650531
"ENSG00000227110",1.18683824376911,0.0891944853063149,2.74681903738437,0.12678281706621,0.99988016650531
"ENSG00000287807",1.04601574085527,1.33169795951457,2.74379499003396,0.126801802837972,0.99988016650531
"ENSG00000171121",-0.465177739188206,3.07650205223033,2.74220134386413,0.126887300203755,0.99988016650531
"ENSG00000153029",-0.26996846691315,5.74315253646664,2.74020026551269,0.127009654332178,0.99988016650531
"ENSG00000204464",1.120056094426,0.481219104830173,2.73983089567058,0.127158603031488,0.99988016650531
"ENSG00000266877",-0.427515035355025,3.08525739050172,2.73747764582362,0.127180119956456,0.99988016650531
"ENSG00000102158",-0.239106646722948,6.09807123239767,2.73594843779435,0.127273742016608,0.99988016650531
"ENSG00000112561",-0.353168244974939,5.96889278522083,2.73515010862379,0.127323408664692,0.99988016650531
"ENSG00000183579",0.361928126246283,5.06568410657343,2.73485447513517,0.127341988303507,0.99988016650531
"ENSG00000105655",0.734614724916671,2.04189015458028,2.73474283695838,0.127354299326712,0.99988016650531
"ENSG00000290439",-0.729260070808659,0.90234586830653,2.73486081773037,0.127380130170807,0.99988016650531
"ENSG00000302195",1.30010406076161,0.433449358048219,2.73385940878116,0.127526736991703,0.99988016650531
"ENSG00000260278",-0.77481528232155,0.802033177508774,2.73163343508423,0.127584288878249,0.99988016650531
"ENSG00000107438",-0.350396301534267,4.57884322203468,2.72904004941383,0.127704798348685,0.99988016650531
"ENSG00000259992",0.613317737060397,2.43450789239571,2.7269040862802,0.127841235322452,0.99988016650531
"ENSG00000129173",0.612260763964327,3.04164342371917,2.72522660957593,0.127945104528563,0.99988016650531
"ENSG00000145088",0.271833829008826,5.51088071828826,2.72296700746528,0.128084397577962,0.99988016650531
"ENSG00000225107",-0.477545279557911,5.92822721380208,2.72260165534172,0.128107284783483,0.99988016650531
"ENSG00000104432",-0.489739062245697,2.86667516289968,2.72257417201295,0.128111103455412,0.99988016650531
"ENSG00000189308",0.310830046540559,5.01588146571608,2.72250025099521,0.12811382403552,0.99988016650531
"ENSG00000126001",0.302607003333941,4.36353001280063,2.7216483204237,0.128167551660818,0.99988016650531
"ENSG00000189362",0.444307106332677,3.39341433554895,2.7193952512722,0.128309700379585,0.99988016650531
"ENSG00000122863",0.64076169540377,2.0772708521647,2.71916618263216,0.128328764375504,0.99988016650531
"ENSG00000152669",-1.02150658006014,0.703606299305777,2.72049364233669,0.128348575012432,0.99988016650531
"ENSG00000185100",1.13484172868079,0.408017871441082,2.71337183452035,0.128963950219391,0.99988016650531
"ENSG00000196954",-0.370909266791623,6.34367598813496,2.70432312712727,0.129260060308178,0.99988016650531
"ENSG00000013810",0.296258887567794,6.3230903119565,2.70407274429721,0.12927594436631,0.99988016650531
"ENSG00000102547",-0.380444354756041,3.59490372847063,2.70219630580044,0.129395977655679,0.99988016650531
"ENSG00000144355",0.548134988004116,2.89590387139606,2.70162549712856,0.129433991863521,0.99988016650531
"ENSG00000077585",-0.325836954763079,5.35063024672461,2.69728695366131,0.129707340187529,0.99988016650531
"ENSG00000186952",0.900891102393493,1.91851141425714,2.69611214502137,0.12978815630122,0.99988016650531
"ENSG00000296499",-0.611272317165437,5.08616460815703,2.6957489792053,0.129805449655134,0.99988016650531
"ENSG00000172543",-0.641905835677079,1.59024834636311,2.69415162776402,0.129923872172522,0.99988016650531
"ENSG00000280018",0.793335787634682,1.13541683821567,2.6942853861696,0.129926898189295,0.99988016650531
"ENSG00000171246",0.90666330875191,7.45334462533646,2.6926066028865,0.130005893091479,0.99988016650531
"ENSG00000184205",0.786587254428741,1.17716828962064,2.68958280594087,0.130218452274757,0.99988016650531
"ENSG00000010327",0.82852529208023,0.805670505461698,2.68993370027828,0.130225411042026,0.99988016650531
"ENSG00000179988",0.487167066201848,2.54308683628348,2.68911954152123,0.130231803188155,0.99988016650531
"ENSG00000226491",0.988066965481463,0.457680278999174,2.69050974318841,0.13026206911446,0.99988016650531
"ENSG00000185842",0.281808680103062,6.28184397182993,2.68853486135374,0.130266372743698,0.99988016650531
"ENSG00000297093",0.406021911553529,3.48898289468268,2.68790782518992,0.130307760625575,0.99988016650531
"ENSG00000132199",0.322319128335954,5.48516956657,2.68754865301185,0.130329587379161,0.99988016650531
"ENSG00000088882",-0.724129189638344,1.6010990652859,2.68570639087368,0.130458678179314,0.99988016650531
"ENSG00000129749",-1.1092586586269,0.287135262275172,2.6870798029308,0.130521800203004,0.99988016650531
"ENSG00000123374",0.337207129634915,4.64543005311645,2.68438013949397,0.130533266271675,0.99988016650531
"ENSG00000248559",-0.918950313637582,1.34495094445664,2.68310884374373,0.13063570039696,0.99988016650531
"ENSG00000232072",1.53985460585851,-0.297133364729902,2.68556199039799,0.130731458971834,0.99988016650531
"ENSG00000095319",0.306912577716776,5.07204833385036,2.68095200094694,0.130753356307807,0.99988016650531
"ENSG00000253200",-0.79313626764885,1.18852251040598,2.68091979144104,0.130785115009958,0.99988016650531
"ENSG00000155592",-0.596643954479054,1.73578197744864,2.68026659936007,0.130806709960369,0.99988016650531
"ENSG00000177548",0.388148355446686,4.19966046236064,2.67919867389111,0.130866643422806,0.99988016650531
"ENSG00000159128",-0.249146560422997,8.28837227930433,2.67879927800218,0.130891836586867,0.99988016650531
"ENSG00000171729",-0.273465188221379,5.99660364531085,2.677211548731,0.130994216677558,0.99988016650531
"ENSG00000246095",0.920177306979166,0.988018362911855,2.67553933858864,0.131134722590504,0.99988016650531
"ENSG00000122557",-0.34460315092602,4.92249915779671,2.67229423376451,0.131312225487117,0.99988016650531
"ENSG00000274536",0.892088876126314,3.93727178857532,2.67168357054923,0.131352055464388,0.99988016650531
"ENSG00000167900",0.325997807689108,5.4216034873425,2.67159047773813,0.131357514995237,0.99988016650531
"ENSG00000141699",-0.27417713713897,4.57627289018007,2.67117304815251,0.131384887766128,0.99988016650531
"ENSG00000223665",1.085093952134,0.546131671724117,2.67204017731631,0.131401876043551,0.99988016650531
"ENSG00000229862",1.07219113620328,0.544771909771099,2.67166712524397,0.131404884602422,0.99988016650531
"ENSG00000006451",-0.266538338471953,6.47702125651797,2.67017731015408,0.131448951408293,0.99988016650531
"ENSG00000101846",0.406826806784208,3.48144583946412,2.6680979279708,0.13158469238003,0.99988016650531
"ENSG00000160072",0.372102568092031,4.24689563512248,2.66720189078803,0.131642404217081,0.99988016650531
"ENSG00000131100",-0.258981012875664,6.9441171866445,2.66603158591682,0.131717893382639,0.99988016650531
"ENSG00000178381",-0.417451363097065,4.0248471231188,2.66599848508743,0.131720700773644,0.99988016650531
"ENSG00000233822",-0.69580466134957,1.32009220657084,2.66555970254575,0.131772146077176,0.99988016650531
"ENSG00000170214",-0.551344362572655,4.26942639672087,2.6628980142489,0.131922119765409,0.99988016650531
"ENSG00000114796",-0.408552273929326,3.83009237770627,2.66283947099684,0.131926187762529,0.99988016650531
"ENSG00000123143",0.321598610099371,5.91311884333064,2.66155349260473,0.132009198358964,0.99988016650531
"ENSG00000185504",0.372542048013288,3.46238977082186,2.66144280827145,0.132017732285841,0.99988016650531
"ENSG00000175445",0.786633234295324,3.21461091425118,2.66126368387833,0.132029548407086,0.99988016650531
"ENSG00000114302",-0.260731143122834,7.19763441237474,2.66092574429425,0.132050081688189,0.99988016650531
"ENSG00000153048",0.428836974142347,4.44778295134933,2.66080896835463,0.132058183491046,0.99988016650531
"ENSG00000144559",0.404098082664075,3.49032591135715,2.66062884854845,0.1320704237396,0.99988016650531
"ENSG00000180628",-0.399493894028558,5.50518359446347,2.65933494310049,0.132153825266839,0.99988016650531
"ENSG00000182676",0.730707566196941,5.36341487358424,2.65757714839553,0.132268777981739,0.99988016650531
"ENSG00000291155",-0.680818751602552,1.93792041426901,2.65531926759498,0.132422275455144,0.99988016650531
"ENSG00000136738",-0.292099446475411,4.590126474089,2.65348673952096,0.132536380251277,0.99988016650531
"ENSG00000137101",-0.683902488957819,1.66622443893812,2.65362449910316,0.13253706079096,0.99988016650531
"ENSG00000141371",1.10187333374801,0.324849778267656,2.65677021226109,0.132556652302378,0.99988016650531
"ENSG00000253948",-0.312890308117429,4.25314011102896,2.65297639282792,0.132569897472646,0.99988016650531
"ENSG00000160606",0.926756372874895,0.972082205629779,2.65298683097382,0.132651106040265,0.99988016650531
"ENSG00000230937",1.72469113470201,-0.197793154294229,2.65485185017964,0.132768942439663,0.99988016650531
"ENSG00000134108",-0.289910251989552,7.59314500171145,2.64938871775963,0.132804607624791,0.99988016650531
"ENSG00000258376",0.89348137949754,0.689855208955127,2.64787225834826,0.132959251753798,0.99988016650531
"ENSG00000162676",0.452285131831744,5.34635032936428,2.64699836961587,0.13296181732829,0.99988016650531
"ENSG00000162929",0.503511378479661,2.82942519741864,2.64701547305989,0.1329626193538,0.99988016650531
"ENSG00000136636",0.259100272038126,4.84829201562613,2.64632283703815,0.133006413993908,0.99988016650531
"ENSG00000139899",0.580182570914941,1.87552567720696,2.64534223211101,0.133076839413337,0.99988016650531
"ENSG00000115896",-0.758971446836345,4.63722624186133,2.64524457707646,0.133077399241908,0.99988016650531
"ENSG00000223351",1.66790235829712,0.0471252541248722,2.64806732428136,0.13311592218583,0.99988016650531
"ENSG00000113580",-0.290386531098223,7.70925466304815,2.64453650395365,0.133123577035037,0.99988016650531
"ENSG00000127666",-0.258681020570986,4.99066200909553,2.64448323144206,0.133127276465557,0.99988016650531
"ENSG00000151445",-0.334502963590104,3.64084041426406,2.64362778730306,0.133184353190362,0.99988016650531
"ENSG00000142731",0.363337941843531,3.83444559838017,2.64146827159712,0.1333266725197,0.99988016650531
"ENSG00000099256",0.669661091821698,1.47038097094554,2.64082086671632,0.133381014173201,0.99988016650531
"ENSG00000099998",2.31815059416603,0.655732408021226,2.63946045402571,0.133521270079301,0.99988016650531
"ENSG00000167565",-0.377649873297397,4.89118177908958,2.6383927874736,0.133529254283882,0.99988016650531
"ENSG00000069424",0.32311156558998,7.62686009365669,2.63817404286904,0.133543299961871,0.99988016650531
"ENSG00000023892",0.330843276640586,5.54815923607219,2.63810078259637,0.133548174767295,0.99988016650531
"ENSG00000261512",-0.642397947663344,1.29488294299195,2.63793684816193,0.13357860933386,0.99988016650531
"ENSG00000163734",-0.565392632458355,3.4851987501185,2.63754995355031,0.133585651883938,0.99988016650531
"ENSG00000100532",-0.630966687497043,2.1626626596132,2.63739746855644,0.133600333989225,0.99988016650531
"ENSG00000165568",1.42242861767435,0.174951293160584,2.63832197758159,0.133668384926044,0.99988016650531
"ENSG00000140995",0.281929031736225,5.09275139462669,2.6362055737256,0.133673650403514,0.99988016650531
"ENSG00000176435",1.43180776161723,0.345680307099745,2.63670701940238,0.133774804034066,0.99988016650531
"ENSG00000134294",-0.318247100494259,6.6667404643147,2.63452919034311,0.133784506681197,0.99988016650531
"ENSG00000250410",1.15009378039245,0.225623926054043,2.63530141275465,0.133896287672185,0.99988016650531
"ENSG00000215068",-0.41787959059165,5.88027988064466,2.63190597906058,0.133958457506379,0.99988016650531
"ENSG00000104611",0.475592499441602,3.43382434729579,2.63152145797819,0.133985212633542,0.99988016650531
"ENSG00000115267",-0.62810799102953,6.94445102535507,2.63089442240883,0.13402558988244,0.99988016650531
"ENSG00000164330",-0.361011379315734,6.55536650348895,2.63079460854513,0.134032220141669,0.99988016650531
"ENSG00000187240",0.47505233710797,4.39534541781313,2.63017685422786,0.134073722891958,0.99988016650531
"ENSG00000055208",-0.316505373018385,6.4717663091395,2.62921988240517,0.134136847636181,0.99988016650531
"ENSG00000294238",-0.656735739260686,2.08386586305736,2.62857075802892,0.134185440551884,0.99988016650531
"ENSG00000140718",0.270434015226422,6.30148595675676,2.62836424854632,0.134193742016576,0.99988016650531
"ENSG00000164532",0.497202983861976,3.34924274879369,2.62814610850564,0.134209314670861,0.99988016650531
"ENSG00000112769",-1.02965563656336,0.755936142977406,2.62551540268234,0.134490343891258,0.99988016650531
"ENSG00000298322",1.48391067398231,-0.0220428534167699,2.62710051992248,0.134537756158802,0.99988016650531
"ENSG00000293507",-1.10384818136694,-0.108591734316024,2.62380983611334,0.134795051155704,0.99988016650531
"ENSG00000099849",0.490726063486863,2.73372576217233,2.61790606897289,0.134894466044805,0.99988016650531
"ENSG00000136758",-0.26645004127841,7.03523354532682,2.61758078055685,0.134913372949835,0.99988016650531
"ENSG00000057657",-0.330317096159357,6.57925130330158,2.61579251561907,0.135033188926812,0.99988016650531
"ENSG00000234148",-0.328205663164688,3.92055649011763,2.61045730917779,0.135392141258032,0.99988016650531
"ENSG00000162643",-0.525716225593584,5.3800227156863,2.610215527752,0.135407742215274,0.99988016650531
"ENSG00000134533",1.07205834139416,0.919149187431746,2.61048105597466,0.135417918001552,0.99988016650531
"ENSG00000286742",1.21384455901504,1.3808451201214,2.60597548822188,0.135709333362215,0.99988016650531
"ENSG00000135587",-0.410760555082624,3.19397841290176,2.60576288465323,0.135709340104034,0.99988016650531
"ENSG00000150347",-0.384478676012636,4.16462072360519,2.60307490430998,0.135889717156963,0.99988016650531
"ENSG00000198879",0.30229899354351,7.52690065408714,2.6029192686696,0.135899688705154,0.99988016650531
"ENSG00000274211",0.274175905222092,4.85947850024672,2.60249898222965,0.135928446759443,0.99988016650531
"ENSG00000248996",1.20921271108605,0.39032303205776,2.60374333614119,0.135929476866182,0.99988016650531
"ENSG00000205885",0.987670893052585,1.50917662263167,2.6023974396712,0.135945815394918,0.99988016650531
"ENSG00000170837",0.660634593403501,1.24598589817544,2.60072660725637,0.136065574409589,0.99988016650531
"ENSG00000154814",0.301033094668808,4.32131653860977,2.60012678002402,0.136089081222848,0.99988016650531
"ENSG00000307639",1.04254146613901,0.074938427171531,2.60342029365777,0.136090262091438,0.99988016650531
"ENSG00000135297",0.307930013544158,4.69968969386055,2.59935612395648,0.136141196500618,0.99988016650531
"ENSG00000136003",-0.271460819755457,4.87205072541487,2.59864712090889,0.136189100746789,0.99988016650531
"ENSG00000278071",-0.860473445893824,0.870280275991574,2.59935228708783,0.136212734456096,0.99988016650531
"ENSG00000115107",0.447551960308871,4.27896884335034,2.59790212476225,0.13623980773955,0.99988016650531
"ENSG00000185482",-0.307770737386464,4.64622436103996,2.59767966716883,0.136254822253885,0.99988016650531
"ENSG00000101333",0.70786070228307,2.26367140780382,2.59652531135602,0.13633728207818,0.99988016650531
"ENSG00000130414",0.26814950545272,5.80883020581649,2.59601900621286,0.136367076077262,0.99988016650531
"ENSG00000100731",0.345855035264828,6.21905374751366,2.59537780923858,0.136410596831275,0.99988016650531
"ENSG00000151835",0.29343876624538,4.12888126698242,2.59521008026121,0.136422596532265,0.99988016650531
"ENSG00000112186",0.851250885039142,1.99246954873385,2.59500007952372,0.136442738948465,0.99988016650531
"ENSG00000086666",-0.251224673059083,6.12068403604488,2.59449367553642,0.13647065599985,0.99988016650531
"ENSG00000124659",-0.348106934848616,4.49694809153644,2.59440249705604,0.136477311635514,0.99988016650531
"ENSG00000138778",0.296342073763737,5.52063029017276,2.59424032682371,0.136487891870758,0.99988016650531
"ENSG00000184305",-0.479654592592189,3.15882776686614,2.59389142776311,0.136513172922524,0.99988016650531
"ENSG00000107954",0.38356755970079,4.24810709868246,2.59367355535955,0.136526914290573,0.99988016650531
"ENSG00000184530",-0.808902098026252,0.958758188234926,2.59312472918305,0.136604667708156,0.99988016650531
"ENSG00000152766",-0.691927034319961,1.06413357854008,2.59166920484689,0.136692052292151,0.99988016650531
"ENSG00000135047",-0.31642048584184,6.96358397903941,2.58976612225936,0.136792341626702,0.99988016650531
"ENSG00000214960",0.439141858209724,3.17832099020105,2.58709794058138,0.136975833481263,0.99988016650531
"ENSG00000302686",1.00231010175365,1.1884928492436,2.58731191953052,0.136984018356765,0.99988016650531
"ENSG00000119523",-0.294764165287584,5.4157324113465,2.58669051842033,0.137002177014882,0.99988016650531
"ENSG00000203778",-1.24099117877708,0.70044716279129,2.58789944538366,0.137026247245165,0.99988016650531
"ENSG00000136842",-0.703995600308932,1.81169124558212,2.58685371218127,0.137040246919576,0.99988016650531
"ENSG00000197746",-0.339876819417679,10.4954511892896,2.58564979576245,0.13707322534975,0.99988016650531
"ENSG00000244128",-0.607868666991097,3.16311584360206,2.58537617383913,0.13709353806365,0.99988016650531
"ENSG00000296761",-0.832871287560633,0.45228079674526,2.58642646063053,0.137128671315395,0.99988016650531
"ENSG00000227591",1.01171055973367,1.02187399075607,2.58456591261168,0.13716955105366,0.99988016650531
"ENSG00000303901",0.552284012203722,2.50704462905152,2.5829732803136,0.137259422297328,0.99988016650531
"ENSG00000307479",0.559017564326976,1.79374712225017,2.58216911655782,0.137320602874031,0.99988016650531
"ENSG00000112335",-0.284290109206062,7.69505979575465,2.57863792107584,0.137553389942842,0.99988016650531
"ENSG00000299055",-0.444507932570943,4.13150458579327,2.5772991170257,0.137645836509653,0.99988016650531
"ENSG00000102172",-0.25171728059728,6.22520648786227,2.5762982425734,0.137714094313094,0.99988016650531
"ENSG00000135218",-0.369082924737715,6.38703557544107,2.57426184855648,0.137854147731109,0.99988016650531
"ENSG00000188042",-0.548844577699151,3.56533888796529,2.57352650252229,0.137905751425607,0.99988016650531
"ENSG00000274026",0.654485398926173,2.27388437757452,2.57355425701041,0.137907579947862,0.99988016650531
"ENSG00000196741",-0.847909441800462,1.01267217989342,2.57086037592836,0.138122625824912,0.99988016650531
"ENSG00000258603",0.485765618189397,2.3532527381071,2.56972908526426,0.13817047959299,0.99988016650531
"ENSG00000233230",1.50167101473174,0.754971471590373,2.56749419143706,0.138196730461753,0.99988016650531
"ENSG00000126822",-0.319862703425695,3.80957880960719,2.56827045172653,0.13826802642315,0.99988016650531
"ENSG00000260536",0.862347523973172,1.50681102114044,2.56740807126535,0.138340958164891,0.99988016650531
"ENSG00000303541",0.861919557656334,1.38093375446971,2.56688720134719,0.138376432073602,0.99988016650531
"ENSG00000129993",0.407466024418684,4.07617573476038,2.56324406094299,0.138615828748377,0.99988016650531
"ENSG00000231731",0.83906043505487,1.40535692900148,2.56341385382882,0.138619636187047,0.99988016650531
"ENSG00000213928",-0.317361621976452,4.40536580517197,2.56219866156754,0.138688000048124,0.99988016650531
"ENSG00000259673",0.436020674063047,2.89758014812771,2.56136127038798,0.138747593587513,0.99988016650531
"ENSG00000164087",0.450359847923375,3.69180606144165,2.56017360534363,0.138829079872678,0.99988016650531
"ENSG00000107036",-0.310290678873273,6.53201395168402,2.55684312001557,0.139059589909532,0.99988016650531
"ENSG00000106723",0.258978398057527,5.22881152180152,2.55564358829328,0.139143139273962,0.99988016650531
"ENSG00000299199",1.29923715787287,0.885091851386796,2.55483333002797,0.139244328944844,0.99988016650531
"ENSG00000151849",0.475193520140924,4.19371917370452,2.55398771907562,0.139259010675641,0.99988016650531
"ENSG00000176842",0.44442558984415,3.55547357177033,2.55334714219674,0.139304336726945,0.99988016650531
"ENSG00000113732",-0.312164328571957,8.41223916706927,2.55295433476537,0.139330530667137,0.99988016650531
"ENSG00000267007",1.95497070416247,0.23545133242232,2.5537534752314,0.139390865189966,0.99988016650531
"ENSG00000071242",-0.266600574326037,4.72532415708323,2.55204016357029,0.139394705787863,0.99988016650531
"ENSG00000137628",-0.447644453806812,6.32271771744867,2.55158509705419,0.139426099845338,0.99988016650531
"ENSG00000167637",0.485261004495449,2.77809951023451,2.54898346679758,0.139610087384082,0.99988016650531
"ENSG00000121297",0.53478741606135,4.05322014357939,2.54850196761213,0.139642126300154,0.99988016650531
"ENSG00000198898",-0.287543148406129,7.36285413446908,2.5479082175417,0.139683118250315,0.99988016650531
"ENSG00000121060",-0.328238126734117,6.49523159913923,2.54538905324851,0.139859569512988,0.99988016650531
"ENSG00000304801",-0.677473202279239,0.868692855916875,2.54531970198231,0.139907314051385,0.99988016650531
"ENSG00000186866",0.450026335311214,2.99421291862936,2.5437884576244,0.139973628602637,0.99988016650531
"ENSG00000289589",-0.755002765751953,1.88813689984352,2.54346713766761,0.140001362574805,0.99988016650531
"ENSG00000293268",-0.382817407161837,4.08231709071754,2.54277826200245,0.140043277018289,0.99988016650531
"ENSG00000285642",1.20770721139069,0.191119493623857,2.54580105663175,0.140053800554071,0.99988016650531
"ENSG00000231989",-0.814746359744905,0.59306190131475,2.54343600584091,0.140083025814086,0.99988016650531
"ENSG00000296812",1.50695158436993,0.0648516314887932,2.5437210850428,0.140277708266403,0.99988016650531
"ENSG00000134532",-0.317244871301104,9.71854686507201,2.53888020994699,0.14031676471968,0.99988016650531
"ENSG00000166963",1.34562786410667,0.25530190646627,2.54159812611757,0.1403284252964,0.99988016650531
"ENSG00000197670",0.834738156276023,1.86953649699674,2.53873105919043,0.140333869314804,0.99988016650531
"ENSG00000112874",0.374798562528819,3.27929405532438,2.53771804432681,0.140399971008039,0.99988016650531
"ENSG00000137700",0.410358098193095,3.39773486422122,2.53628881775173,0.140500623909107,0.99988016650531
"ENSG00000103494",0.647684825083973,2.30390157974761,2.5362846552616,0.140503717628294,0.99988016650531
"ENSG00000273398",0.408915134911137,3.18775824017468,2.53489735721029,0.140598930293948,0.99988016650531
"ENSG00000160326",-0.264290137442407,7.4284451089165,2.53439571988871,0.140632879723013,0.99988016650531
"ENSG00000159147",0.372394673899238,3.5740318434845,2.53439228911787,0.140634180975869,0.99988016650531
"ENSG00000141449",0.471661117724648,3.41308416790727,2.53291533608146,0.140738473592046,0.99988016650531
"ENSG00000295137",1.11012533623845,0.481771893817979,2.53408174255516,0.140756608089775,0.99988016650531
"ENSG00000213626",-0.361779611791666,3.48765491879691,2.53220206412832,0.140788833797267,0.99988016650531
"ENSG00000144597",-0.30087912996974,4.66740189095433,2.53155107150136,0.140834267130736,0.99988016650531
"ENSG00000255269",-0.284923496862009,5.03876583760867,2.5296050100153,0.140971812167722,0.99988016650531
"ENSG00000295842",1.24501959751187,-0.217572172725783,2.52238823635766,0.140999691359473,0.99988016650531
"ENSG00000106799",0.391664979189769,6.7626557382818,2.52853420604919,0.141047431140128,0.99988016650531
"ENSG00000234432",1.15280091049408,0.582948280546389,2.52917000966428,0.14108352647479,0.99988016650531
"ENSG00000235848",1.08077048490623,1.86807328237706,2.52724455171341,0.141145672930851,0.99988016650531
"ENSG00000182179",-0.453877552658394,4.50168498780017,2.5267907457476,0.141171495229579,0.99988016650531
"ENSG00000122877",-0.468352933404716,2.86260269078792,2.52643855733088,0.141198019460713,0.99988016650531
"ENSG00000125520",0.393759124128227,6.85947410842167,2.52449413403442,0.141334068784662,0.99988016650531
"ENSG00000310254",0.793925259628947,1.1036189064073,2.52373326558426,0.14141359567465,0.99988016650531
"ENSG00000075618",-0.292812017063076,9.01439651337513,2.52311673003996,0.141431955312561,0.99988016650531
"ENSG00000119943",0.428525613713133,3.10793547100734,2.52175125105851,0.141530644877468,0.99988016650531
"ENSG00000092964",-0.232895978276477,7.42582898231274,2.52127617206581,0.141562902556918,0.99988016650531
"ENSG00000105707",0.751329261417328,1.03460668804839,2.52030609193263,0.141650166900615,0.99988016650531
"ENSG00000145545",-0.316375048119016,3.888737753302,2.51864013507352,0.141751357249107,0.99988016650531
"ENSG00000142279",-0.963417298892631,0.438970741735415,2.52023409150256,0.141765844928764,0.99988016650531
"ENSG00000130202",-0.244852831784119,7.15648791010788,2.5166873584457,0.141890045242609,0.99988016650531
"ENSG00000105339",0.288048438222533,7.13860633432878,2.51586503789474,0.141948770813178,0.99988016650531
"ENSG00000080031",1.46594760117122,0.640094799107436,2.51399918264845,0.142135505548556,0.99988016650531
"ENSG00000074590",1.24827810835021,0.148640068613889,2.51645577050165,0.142142538640979,0.99988016650531
"ENSG00000162745",-0.96880204047036,0.522983383739891,2.51268639246575,0.14225103003379,0.99988016650531
"ENSG00000020256",0.324686559535608,4.2047324075505,2.51110916142403,0.142289542916031,0.99988016650531
"ENSG00000293482",-1.14573749008882,0.246324093453426,2.51021292663523,0.142568462329819,0.99988016650531
"ENSG00000288851",-1.10364613875826,0.0873857654424561,2.50890282719286,0.142685233332585,0.99988016650531
"ENSG00000139405",0.308957800441808,4.91362570901106,2.50422405784534,0.142783725468911,0.99988016650531
"ENSG00000119729",-0.359280352587565,7.66574467724218,2.50265616809195,0.142896337023525,0.99988016650531
"ENSG00000272994",0.696091959779635,1.38433728247017,2.50241271005226,0.142927526205537,0.99988016650531
"ENSG00000261221",0.602635696914527,1.7917919111878,2.50094112953661,0.143028205656439,0.99988016650531
"ENSG00000137275",-0.312591180847899,4.1502974563114,2.50014385868197,0.143078002693745,0.99988016650531
"ENSG00000142166",-0.276186746750822,5.96115616517816,2.49973303853514,0.143107136878509,0.99988016650531
"ENSG00000123130",-0.285919930879529,5.22674209714538,2.49930278187122,0.143138227362765,0.99988016650531
"ENSG00000189420",1.05082613868814,0.525307763158026,2.49719714789525,0.14337912880379,0.99988016650531
"ENSG00000242265",2.24466268593543,-0.119736886884267,2.49932345715667,0.143390106289538,0.99988016650531
"ENSG00000228262",-0.503052236865405,2.2222748769618,2.49217915366903,0.143658697457332,0.99988016650531
"ENSG00000101608",-0.347102739970451,9.78946089071426,2.49084933775551,0.143750158972018,0.99988016650531
"ENSG00000198420",0.599120791167954,3.40764882435504,2.48898088085841,0.143887048817383,0.99988016650531
"ENSG00000096968",-0.442108908289064,6.63182557753615,2.48838664652969,0.143929077125974,0.99988016650531
"ENSG00000160741",-0.275559103771235,4.73009202400323,2.48793339946206,0.143962410801844,0.99988016650531
"ENSG00000162039",0.341463284808281,5.08119536400016,2.48786950480128,0.143966922707506,0.99988016650531
"ENSG00000155850",0.34952964026212,4.76853988451176,2.48721886104863,0.144014395676788,0.99988016650531
"ENSG00000139174",0.392122502766787,6.68510740976475,2.48676383358956,0.144047127089486,0.99988016650531
"ENSG00000116005",0.329255400733718,4.27177106533015,2.48268615364722,0.144344829957765,0.99988016650531
"ENSG00000124215",-0.916697776143236,0.256636754608867,2.4839055512735,0.144470027555502,0.99988016650531
"ENSG00000144283",0.278494088030561,6.6766571265297,2.4789205983504,0.144619423929139,0.99988016650531
"ENSG00000304790",0.447969276823611,3.10753502496616,2.47822540748511,0.144671795416227,0.99988016650531
"ENSG00000173581",0.460472237982309,3.93176205220913,2.47731122309599,0.144737918268479,0.99988016650531
"ENSG00000253352",-0.232350758559563,6.74034600848706,2.47669576553652,0.144782289026185,0.99988016650531
"ENSG00000272221",-0.835660557862054,0.569737174502906,2.47777375471173,0.144801129732314,0.99988016650531
"ENSG00000100285",0.427368219209164,3.49340475855194,2.4758670640353,0.144843989455045,0.99988016650531
"ENSG00000174799",-0.53606614925097,6.19284645784957,2.47508021819751,0.144900706328094,0.99988016650531
"ENSG00000104320",-0.31767824150948,5.81151337786315,2.47370069462298,0.145001926118482,0.99988016650531
"ENSG00000175455",0.335668458283514,5.29264530956075,2.4731630550521,0.145041421974886,0.99988016650531
"ENSG00000260274",-0.836094266698474,0.388452030387613,2.47480184494599,0.145070232702171,0.99988016650531
"ENSG00000129028",0.766543779472297,1.90403087000792,2.47216222323324,0.145121764874783,0.99988016650531
"ENSG00000232591",-0.741554529134557,1.37226147903541,2.47202294282085,0.145140773732812,0.99988016650531
"ENSG00000175224",-0.259244577390665,5.28000132925228,2.47078864413271,0.145215893034709,0.99988016650531
"ENSG00000309618",0.783015292886638,1.2362827394103,2.47062313031424,0.145242630319415,0.99988016650531
"ENSG00000302642",-1.06108409515044,0.28987123346098,2.47241715512567,0.145296964765606,0.99988016650531
"ENSG00000184672",1.33800595030812,0.258639572355447,2.47123186646335,0.145364441097386,0.99988016650531
"ENSG00000151657",-0.256001434216515,4.84720182294942,2.46750742413619,0.145457801742231,0.99988016650531
"ENSG00000136286",-0.239327689929218,6.26101058653393,2.46734982780324,0.145469016440594,0.99988016650531
"ENSG00000140474",0.332704530054026,4.14467347368002,2.46728734655044,0.145474168593644,0.99988016650531
"ENSG00000072506",0.266066456250458,5.80313050961554,2.46622640617995,0.145551855290233,0.99988016650531
"ENSG00000065923",-0.617258867687483,1.89565715642782,2.46564190840496,0.145602818980471,0.99988016650531
"ENSG00000162947",-0.332207320747028,4.55219172218235,2.46544489743472,0.14560988315221,0.99988016650531
"ENSG00000075426",-0.249242872508794,5.01282781566419,2.46442343822353,0.145685164342495,0.99988016650531
"ENSG00000157212",0.34883876367392,4.46343879190404,2.4637213772699,0.145737205144406,0.99988016650531
"ENSG00000135535",-0.267855367838674,6.93983472547152,2.46347271273989,0.145755113807598,0.99988016650531
"ENSG00000187123",0.940108666069132,1.55529779062415,2.46228537451017,0.145856750613416,0.99988016650531
"ENSG00000285492",1.10415189777199,0.690924722170695,2.46081446805661,0.146035964958763,0.99988016650531
"ENSG00000140464",-0.377737623849545,6.03988760217386,2.45814813524266,0.146149212111133,0.99988016650531
"ENSG00000107719",0.470285022982454,5.09284161088336,2.45576306916727,0.14632637290857,0.99988016650531
"ENSG00000145476",0.763104465434896,1.46116112986028,2.45536208116,0.146368302397536,0.99988016650531
"ENSG00000175048",0.425841320207943,4.90696662530421,2.45488928525812,0.146391342079841,0.99988016650531
"ENSG00000108055",0.266159864807793,6.42822882801914,2.45484641570765,0.146394259507197,0.99988016650531
"ENSG00000102580",-0.228689312712845,6.1539592202063,2.45424129897072,0.146439232170773,0.99988016650531
"ENSG00000148339",0.360426989652397,3.41611942807748,2.45145988272707,0.146647177415604,0.99988016650531
"ENSG00000177822",-1.27208625534875,0.200099462605581,2.45440807798053,0.146667137776476,0.99988016650531
"ENSG00000147509",0.555263270380556,2.30405211920866,2.45105086641594,0.146680825654133,0.99988016650531
"ENSG00000287576",-0.77716469124083,0.316354164057247,2.45036447243415,0.146867195504998,0.99988016650531
"ENSG00000234745",-0.320509853792968,10.048717001428,2.44760575426216,0.146933491601757,0.99988016650531
"ENSG00000050767",0.277547458005814,9.07711274039612,2.44743261379391,0.146946417256554,0.99988016650531
"ENSG00000293992",-1.05965937847783,0.185207931439379,2.45004212775803,0.146964034009569,0.99988016650531
"ENSG00000157927",0.838808692189112,1.50913457064419,2.44710107971115,0.146985230935856,0.99988016650531
"ENSG00000116774",0.65376707262787,3.44762851377099,2.44569200169791,0.147078649154902,0.99988016650531
"ENSG00000124766",-0.391121691002218,7.05634400989845,2.44543461387354,0.147095682856187,0.99988016650531
"ENSG00000135596",0.270089968129308,4.92653526004953,2.4453856589925,0.147099754877658,0.99988016650531
"ENSG00000146576",-0.317045687956976,4.20763746848834,2.44469074310377,0.147151839409329,0.99988016650531
"ENSG00000102967",0.401679459421051,3.73068320209194,2.44351119542153,0.147240382980041,0.99988016650531
"ENSG00000254907",1.10287467637296,0.261796732292572,2.4450603461654,0.147253050641574,0.99988016650531
"ENSG00000211751",0.818878117797388,1.20134023770861,2.44169304952749,0.147392534650996,0.99988016650531
"ENSG00000108669",-0.28297047446605,5.89943693915696,2.4409963501783,0.147427954910923,0.99988016650531
"ENSG00000084628",-0.481470231190261,2.8912935986625,2.44057348496832,0.147461669917174,0.99988016650531
"ENSG00000106327",0.656304817197607,1.81552582674947,2.44036313516717,0.147484698141339,0.99988016650531
"ENSG00000158769",-0.271171026173978,5.14996187914654,2.43961705718563,0.147531471257922,0.99988016650531
"ENSG00000287022",0.904665531163374,1.08110705575081,2.4383339897332,0.147650897456005,0.99988016650531
"ENSG00000270106",-0.705416217245657,1.39682902902471,2.43752072233963,0.147706557973933,0.99988016650531
"ENSG00000165804",0.963744141125527,1.39975553267423,2.43743414059123,0.147708713379065,0.99988016650531
"ENSG00000248554",0.494353626873871,2.5130782375887,2.43580101962041,0.147821176200475,0.99988016650531
"ENSG00000196628",-0.321207938030543,6.71049126583765,2.43487534867616,0.147887749755275,0.99988016650531
"ENSG00000073008",-0.499618367446896,2.5083168892245,2.43488202903862,0.147890382749835,0.99988016650531
"ENSG00000235481",-0.61266466002333,2.35084947121836,2.43481020326475,0.147897523264536,0.99988016650531
"ENSG00000169504",-0.2199144634601,7.7265100250285,2.43463170752345,0.147906085754978,0.99988016650531
"ENSG00000227431",1.18165018319671,0.745602868954088,2.43478759186181,0.147943558377609,0.99988016650531
"ENSG00000231106",-0.601549118428796,1.83971150508319,2.43400956000203,0.147961493882956,0.99988016650531
"ENSG00000309084",0.863909783440133,1.27480649655659,2.43397803291602,0.147975427477106,0.99988016650531
"ENSG00000132323",0.242084504626081,5.44801089416555,2.43364927909805,0.147980100670819,0.99988016650531
"ENSG00000004455",-0.251925149922728,7.19940598178785,2.43211021855175,0.148096064178877,0.99988016650531
"ENSG00000302636",1.61618785751575,1.09749595309094,2.43223855828597,0.14810383967136,0.99988016650531
"ENSG00000303333",-0.308562870985925,6.61551130766004,2.43151159241574,0.148141215376936,0.99988016650531
"ENSG00000083290",0.620030318411346,2.45426506397389,2.43135787250085,0.148155900229722,0.99988016650531
"ENSG00000234546",-1.1492529177104,0.210907286822788,2.43371194466446,0.148230186812749,0.99988016650531
"ENSG00000302272",-0.722665189796105,2.99016506080452,2.4301859777444,0.148243439447566,0.99988016650531
"ENSG00000242908",-0.791170905949868,0.530283547218225,2.42847555516404,0.148453280364699,0.99988016650531
"ENSG00000140992",-0.222916720527507,5.62838768381647,2.4273781048787,0.14845346218903,0.99988016650531
"ENSG00000074660",0.712133930806795,1.71165988364189,2.42683606941933,0.148503818686111,0.99988016650531
"ENSG00000237188",-0.332498138373414,4.5841274600297,2.42644809473684,0.148524242431958,0.99988016650531
"ENSG00000079616",0.339219807175056,5.55719551039578,2.42642305579325,0.148525782375267,0.99988016650531
"ENSG00000309379",-0.804389154719736,1.57420757390311,2.42574253714354,0.148591154463946,0.99988016650531
"ENSG00000267040",-0.268377496529072,6.34074080101948,2.42531373944791,0.148609691311478,0.99988016650531
"ENSG00000289443",-0.616676625458402,1.35148135390305,2.42517455241681,0.14863446767032,0.99988016650531
"ENSG00000171823",-0.337935374091141,3.71377602071288,2.42498173385781,0.148635702956203,0.99988016650531
"ENSG00000129484",0.3982129543279,3.60040037940977,2.42481414279851,0.148648618833425,0.99988016650531
"ENSG00000238133",0.771890369807449,1.367472060659,2.42068702084998,0.148976066375625,0.99988016650531
"ENSG00000306471",0.651172727542469,1.502429567189,2.42021644978662,0.149008456881973,0.99988016650531
"ENSG00000243155",-0.78148871218668,0.320151169632436,2.42188579775427,0.149028632924907,0.99988016650531
"ENSG00000253831",-0.436333958851155,3.6015162741552,2.41963785641712,0.149041254654509,0.99988016650531
"ENSG00000228748",1.26337522507701,0.244178044825799,2.42140456003011,0.149058386956137,0.99988016650531
"ENSG00000124459",0.459957004283857,3.09344600555059,2.41919062533047,0.14907599859646,0.99988016650531
"ENSG00000230606",0.442266239338938,4.9126524866473,2.4189799072676,0.14909074087284,0.99988016650531
"ENSG00000144048",-0.342527167247896,3.76799996412595,2.41892466870936,0.149095452777235,0.99988016650531
"ENSG00000108702",-0.486742609308152,3.19493291192147,2.41879452983602,0.149106682462869,0.99988016650531
"ENSG00000144642",-0.900974747537252,0.587772035576597,2.42012197835958,0.149116198441504,0.99988016650531
"ENSG00000210156",-0.67763749853267,0.795878185648601,2.41792404361944,0.149223239895388,0.99988016650531
"ENSG00000132823",-0.380304873270443,4.7480618282731,2.41671680375181,0.149263055718524,0.99988016650531
"ENSG00000124181",0.578053460105459,2.43488916722395,2.41656446824138,0.149278064786558,0.99988016650531
"ENSG00000111331",-0.558594388421367,7.59902846880636,2.41624802207119,0.149298346513587,0.99988016650531
"ENSG00000104290",0.555227709887794,3.4551553092384,2.41549233755529,0.149357121480716,0.99988016650531
"ENSG00000272211",0.912626638416295,0.365635890130008,2.41660540533955,0.149416743712569,0.99988016650531
"ENSG00000055070",-0.234213611346515,6.20957922753938,2.41432341180101,0.149445082176774,0.99988016650531
"ENSG00000130635",0.921684157624127,0.457216672509902,2.41560480676363,0.149477176841106,0.99988016650531
"ENSG00000205189",-0.3213304829972,4.70032798799872,2.41366692889789,0.149495576652513,0.99988016650531
"ENSG00000257698",-0.478261432450775,3.82141557850857,2.41323830281432,0.149529670784585,0.99988016650531
"ENSG00000116604",0.274887297226542,6.67492751118668,2.41208593578847,0.149615887076216,0.99988016650531
"ENSG00000196976",0.301033483349624,5.44067720036473,2.41121499095977,0.149682473164656,0.99988016650531
"ENSG00000073921",-0.220511468159297,7.51155869034204,2.40987099122693,0.149785214370576,0.99988016650531
"ENSG00000120738",0.59243579770357,2.52711008445632,2.4085757778725,0.149887384368449,0.99988016650531
"ENSG00000289810",0.64958641221128,2.1555367973207,2.40860008569435,0.149887520206974,0.99988016650531
"ENSG00000168884",-0.296066568498682,5.76885054770644,2.40815421820841,0.14991665237651,0.99988016650531
"ENSG00000186193",0.43568515113321,4.58764115906403,2.40704565095567,0.150002033314425,0.99988016650531
"ENSG00000116771",0.448638182438636,3.41338597209828,2.40567283549569,0.150108041144843,0.99988016650531
"ENSG00000092208",0.393856649243529,3.78637521844827,2.4054662908679,0.150123537648429,0.99988016650531
"ENSG00000300396",-0.541389637134595,2.0009823943671,2.40452969347003,0.150200423833651,0.99988016650531
"ENSG00000128294",0.28652762310914,5.04134492087063,2.40423532005727,0.150217230461746,0.99988016650531
"ENSG00000102241",0.278665118255336,5.2177641372742,2.40390298706594,0.150242845806508,0.99988016650531
"ENSG00000164543",-0.309317833221114,5.56663455291391,2.40321539902878,0.150295543472362,0.99988016650531
"ENSG00000227502",-0.459512247237118,3.7895811903484,2.40252269867718,0.150349590310984,0.99988016650531
"ENSG00000162924",-0.421902169009042,6.5262341140148,2.40189589278573,0.150396957870301,0.99988016650531
"ENSG00000145416",-0.594327786044978,4.5350157360659,2.4014967078463,0.150428087399609,0.99988016650531
"ENSG00000132773",0.331967472398761,4.85401987723105,2.40031001574755,0.150519232297414,0.99988016650531
"ENSG00000136051",-0.337524951581218,6.32038554738207,2.40022509653668,0.150525525504439,0.99988016650531
"ENSG00000197860",-0.403588960367576,5.93188120233207,2.39979397354574,0.150558728660542,0.99988016650531
"ENSG00000289854",0.483588198939627,3.39336653715335,2.39924307766046,0.150602108272797,0.99988016650531
"ENSG00000115561",-0.282734261607245,5.98713854076513,2.39891498318205,0.150626442920574,0.99988016650531
"ENSG00000309629",1.14783617128353,0.0968996977080059,2.40131767976161,0.150642190150367,0.99988016650531
"ENSG00000167315",0.578898796745457,3.0284000494952,2.39751216749899,0.150736429376824,0.99988016650531
"ENSG00000177679",1.46460009177938,0.0365103848780906,2.39888142800738,0.150860088028249,0.99988016650531
"ENSG00000060069",-0.267419646410388,4.57459619022074,2.39393836122913,0.151010980596034,0.99988016650531
"ENSG00000136718",0.269262632215181,4.91540192828831,2.39391259760128,0.151012804545929,0.99988016650531
"ENSG00000176155",0.332474303958796,6.76409537068603,2.393048688305,0.151079335262918,0.99988016650531
"ENSG00000132646",0.269773170249146,6.45460949469906,2.3920364507342,0.151157666385904,0.99988016650531
"ENSG00000126003",-0.25710487491549,5.43140923871491,2.39189651825066,0.151168522856157,0.99988016650531
"ENSG00000196660",-0.516929291146574,2.79915654810178,2.39089240438256,0.151248692231924,0.99988016650531
"ENSG00000064545",0.3159797054252,4.92287911726699,2.39001589511951,0.151314437753859,0.99988016650531
"ENSG00000112658",-0.228694088565661,6.60743545782556,2.38939929970012,0.151361967707623,0.99988016650531
"ENSG00000163554",0.745667151158448,1.26095905003859,2.38926621674528,0.151389429009397,0.99988016650531
"ENSG00000147457",-0.226856783524838,5.92901061526423,2.38901549209698,0.151391742120369,0.99988016650531
"ENSG00000110911",-0.26102085616267,6.66146115571318,2.38865570361209,0.151419637397672,0.99988016650531
"ENSG00000197872",-0.455691761983033,5.5800121156588,2.38816321774501,0.151457870678883,0.99988016650531
"ENSG00000187653",-0.378850340654612,7.18620698170656,2.38738875913874,0.151517960629933,0.99988016650531
"ENSG00000139438",0.71093953519375,1.48391152112362,2.3871153527638,0.151556670717373,0.99988016650531
"ENSG00000214029",0.688777199690712,1.97814551307279,2.3864637555647,0.151595540053856,0.99988016650531
"ENSG00000127554",-0.356559418863797,4.05732649075952,2.38520649807047,0.151688171457669,0.99988016650531
"ENSG00000179915",-0.358785279402986,3.601921954915,2.38373863373471,0.151802933090801,0.99988016650531
"ENSG00000269825",0.31754021912204,4.8128701197675,2.38372125278915,0.151803430392285,0.99988016650531
"ENSG00000257286",0.837077730374747,0.595568201128724,2.38441867179741,0.15181104212769,0.99988016650531
"ENSG00000092094",0.314401778402092,5.28279849063452,2.38262326399638,0.151888582188618,0.99988016650531
"ENSG00000124357",-0.279511197449229,5.52225586191127,2.38213240995838,0.151926800735939,0.99988016650531
"ENSG00000186166",0.249589534877403,5.39507040592086,2.38100252057387,0.152014866288736,0.99988016650531
"ENSG00000278044",-0.617886623651516,2.53135237263979,2.38099858709373,0.152018285562982,0.99988016650531
"ENSG00000184990",0.293783217042389,6.42731912434096,2.38029058177667,0.152070363376914,0.99988016650531
"ENSG00000088854",0.256968656897058,5.90938261356574,2.38015550080276,0.152080906890031,0.99988016650531
"ENSG00000228144",-0.99983767783648,0.262039503460614,2.3806356762349,0.152257771353164,0.99988016650531
"ENSG00000307367",-0.543469074299176,1.709187655757,2.37718422527979,0.152323206884183,0.99988016650531
"ENSG00000139505",-0.274275905235252,4.51126815590479,2.37593439426303,0.152411081323094,0.99988016650531
"ENSG00000188021",-0.277217327989443,4.85107077367596,2.37591447991988,0.152412514135981,0.99988016650531
"ENSG00000261008",0.353216810951786,5.77286564158053,2.3756863914238,0.152430064430832,0.99988016650531
"ENSG00000166938",0.318033506812334,4.34043053870019,2.37469675607606,0.15250799311158,0.99988016650531
"ENSG00000131584",0.411178671512277,3.31836287411163,2.37221398227649,0.15270336985246,0.99988016650531
"ENSG00000172058",-0.389515547506859,3.02102572943285,2.37051770159092,0.152836820707161,0.99988016650531
"ENSG00000136715",0.331317246767297,4.84110230942108,2.3694037831134,0.152922896050155,0.99988016650531
"ENSG00000129691",-0.23340304217873,6.07080292143542,2.36849045706223,0.152994401957251,0.99988016650531
"ENSG00000132256",-0.690155501753132,1.98263549667177,2.36694146695099,0.153124035295437,0.99988016650531
"ENSG00000309971",0.802961044253351,1.25019693473064,2.36685921561865,0.153140856423377,0.99988016650531
"ENSG00000141965",-0.267474249659311,5.48724160281852,2.3654446440467,0.153234094503899,0.99988016650531
"ENSG00000130299",0.587176328281817,3.18454860600671,2.3635516074487,0.153384729329199,0.99988016650531
"ENSG00000152402",-0.459137929595723,4.11639439053805,2.36317414028177,0.153413581391916,0.99988016650531
"ENSG00000289019",1.28399526834721,0.73576722173281,2.36355322349838,0.153476576683278,0.99988016650531
"ENSG00000134371",-0.258065516582577,6.16773296649145,2.36128341482296,0.153562299375429,0.99988016650531
"ENSG00000101190",0.4050775824864,3.97211634409698,2.35905774541259,0.153738954852769,0.99988016650531
"ENSG00000302713",-0.973630350400576,0.00991362905275589,2.36212361856655,0.153777975334546,0.99988016650531
"ENSG00000205808",-0.40723868178427,3.02208541631011,2.3584570097809,0.153787694747425,0.99988016650531
"ENSG00000120699",0.250717198978408,4.86731482381374,2.35742328218228,0.153867923717226,0.99988016650531
"ENSG00000250362",0.846897823991809,2.02817027873391,2.35737291563005,0.153877340671712,0.99988016650531
"ENSG00000180902",0.462955636179618,4.54712876232305,2.35713915492122,0.153890512578407,0.99988016650531
"ENSG00000110057",-0.307462944258398,7.36947134408951,2.35704940268799,0.153897182917371,0.99988016650531
"ENSG00000185085",-0.317841392049595,4.82690473668458,2.3553448912273,0.154032618634849,0.99988016650531
"ENSG00000289985",0.292048424696422,5.0371659019116,2.35509453470145,0.15405235813091,0.99988016650531
"ENSG00000157823",-0.544089777210115,2.13047544280041,2.3540002460782,0.154144375755572,0.99988016650531
"ENSG00000141556",0.295562499908412,4.61385879168867,2.35338703724312,0.15418804761257,0.99988016650531
"ENSG00000307743",0.90839237213308,0.352994809004249,2.35437264821355,0.154218219741334,0.99988016650531
"ENSG00000299818",-0.712544299717565,1.28232827300619,2.35291839071709,0.154245386311894,0.99988016650531
"ENSG00000151893",-0.224694900111142,5.96970990581188,2.3518831275117,0.15430709822378,0.99988016650531
"ENSG00000163563",-0.364719051492052,4.98015433500807,2.35096789893282,0.154380262156247,0.99988016650531
"ENSG00000105642",1.46354638085479,1.43482564479695,2.35062719449523,0.15441900490553,0.99988016650531
"ENSG00000135845",-0.280411376514453,4.87546287499547,2.34964089872059,0.154485766272196,0.99988016650531
"ENSG00000184992",0.265089753081356,6.28404502022329,2.34920849603698,0.154519856626974,0.99988016650531
"ENSG00000303921",-0.722819875477385,1.51366296280737,2.3482095093281,0.154615791610689,0.99988016650531
"ENSG00000133193",0.296724138886417,4.72936313097453,2.34780889388115,0.15463175033005,0.99988016650531
"ENSG00000143622",-0.286878849454943,6.00638684874843,2.34679300575611,0.154712325960581,0.99988016650531
"ENSG00000248980",-0.44637158790341,2.6056260615881,2.34673591595744,0.154719957683291,0.99988016650531
"ENSG00000307578",1.33565465775841,2.03697066439286,2.34679962361361,0.154727706711144,0.99988016650531
"ENSG00000239282",1.45976715154648,-0.0221644515574626,2.34786473709001,0.154874753685279,0.99988016650531
"ENSG00000160785",-0.269147277296516,4.42273943545234,2.34250625861693,0.155055116321067,0.99988016650531
"ENSG00000262877",0.969624692936197,0.309463459372662,2.34395737320035,0.155076271312462,0.99988016650531
"ENSG00000166997",0.653144032467843,1.94871330801417,2.34204353952669,0.155098996578997,0.99988016650531
"ENSG00000158062",0.795324761392244,2.68371915340712,2.3418415271635,0.155110566593903,0.99988016650531
"ENSG00000275202",-0.780918598611567,0.478022847054781,2.34156068468546,0.155275362177479,0.99988016650531
"ENSG00000171456",-0.223955753486194,5.8289215630901,2.33927285125839,0.15531352065572,0.99988016650531
"ENSG00000136826",0.303248345134396,4.02260405357296,2.3377230463212,0.155438384424212,0.99988016650531
"ENSG00000137959",-0.77148717012496,8.63784497454205,2.33725182041109,0.155475580136249,0.99988016650531
"ENSG00000110876",0.373287720448983,3.42748442522015,2.33721024447965,0.155480521492338,0.99988016650531
"ENSG00000148468",0.521385250925687,2.47190848477827,2.3371143338894,0.155489923974924,0.99988016650531
"ENSG00000295473",-0.530520395148228,1.66156199834751,2.33633720781999,0.155559367544301,0.99988016650531
"ENSG00000275185",0.716061663903211,1.17626215633075,2.33549407088056,0.155638400993543,0.99988016650531
"ENSG00000213551",0.250867525174307,5.23113452184912,2.33456518563519,0.155691527866721,0.99988016650531
"ENSG00000152133",0.336584039382934,4.04311478525229,2.33256163234154,0.155853176491334,0.99988016650531
"ENSG00000174939",0.382245850719267,4.50013279991764,2.32937557849111,0.156109765496702,0.99988016650531
"ENSG00000300609",-0.510197627092545,2.15364110955846,2.32821847748405,0.156207213796945,0.99988016650531
"ENSG00000295329",0.763240810412201,1.15838492793621,2.3284137559644,0.156213590475383,0.99988016650531
"ENSG00000092841",-0.320874411651393,10.7091096874571,2.32779039023888,0.15623724647329,0.99988016650531
"ENSG00000158615",-0.240491321444476,5.84590445972957,2.32661284471131,0.15633239634758,0.99988016650531
"ENSG00000119866",-0.302731516676526,7.23490975193592,2.32653539030871,0.156338638859548,0.99988016650531
"ENSG00000151208",0.460557710645184,3.66006815043956,2.3265232381507,0.156340540089925,0.99988016650531
"ENSG00000127586",0.575449127457065,2.67457035346994,2.32606457811332,0.156380013933838,0.99988016650531
"ENSG00000267551",1.01979772209435,0.404898051503685,2.32787365043093,0.156404184690159,0.99988016650531
"ENSG00000196981",-0.526859990750692,2.46636799233585,2.32571539793258,0.156408449981013,0.99988016650531
"ENSG00000290792",0.704882143752215,1.83508746386147,2.32222743651261,0.156695026188102,0.99988016650531
"ENSG00000298338",2.20476940107799,0.253869686950474,2.32418730650619,0.156738103965039,0.99988016650531
"ENSG00000308554",1.19284439054615,0.710161880110388,2.32186335898612,0.156754845321005,0.99988016650531
"ENSG00000180336",0.581051726662477,2.76370790939279,2.32116555293435,0.156775780457719,0.99988016650531
"ENSG00000100982",-0.370739895546541,3.1188354853462,2.32062832536229,0.156818682577004,0.99988016650531
"ENSG00000123080",-0.276052030952013,6.74185954917754,2.32057933770564,0.156820979347609,0.99988016650531
"ENSG00000151726",-0.291065849817745,6.9281365913453,2.31955505798465,0.156904117257984,0.99988016650531
"ENSG00000211460",0.249715867800691,5.63464024449988,2.31948393110362,0.156909918740112,0.99988016650531
"ENSG00000132669",-0.623833747907953,3.31295416491927,2.31915764916782,0.156937729578506,0.99988016650531
"ENSG00000156127",-0.346281981154365,6.34017030624059,2.31737115381736,0.157081579926101,0.99988016650531
"ENSG00000229557",-0.74382909644003,0.923311127721877,2.31487591645759,0.157320851066376,0.99988016650531
"ENSG00000184402",0.315714661833876,4.54698243648894,2.31417954706125,0.157341825594831,0.99988016650531
"ENSG00000167523",0.439635991933167,3.29602483616516,2.31225388632757,0.157499857151292,0.99988016650531
"ENSG00000135605",0.28044578832026,4.7134068411997,2.31123061923403,0.157582346865943,0.99988016650531
"ENSG00000178999",0.427831681599936,3.38500755832109,2.31091077376329,0.157609383517879,0.99988016650531
"ENSG00000067167",-0.21987791021535,6.42509938092793,2.31055719022341,0.15763692165766,0.99988016650531
"ENSG00000150672",-0.252629368137823,4.53497904495424,2.31044974510144,0.157646147316487,0.99988016650531
"ENSG00000235706",-0.809020797591167,0.531694548741863,2.31088165690595,0.157724809803945,0.99988016650531
"ENSG00000043143",-0.371709246309685,4.96318328772369,2.3092169784567,0.157746602992399,0.99988016650531
"ENSG00000140090",-0.523439616700327,2.54072777922565,2.30870836851791,0.157791199148308,0.99988016650531
"ENSG00000183785",-0.70049491111007,1.04036485001791,2.30847643258461,0.15783391269487,0.99988016650531
"ENSG00000127838",-0.288042839173234,5.58076406420703,2.30784805799927,0.157858437565918,0.99988016650531
"ENSG00000171984",0.32691326959764,3.88452822065248,2.30743653463518,0.157892806693943,0.99988016650531
"ENSG00000067445",1.01674218034066,1.30811908962119,2.30709897330072,0.157933634159383,0.99988016650531
"ENSG00000076984",-0.262280941404422,5.69576461815745,2.30644770950226,0.157973082709637,0.99988016650531
"ENSG00000293060",-0.277651620385576,10.8052717949876,2.30549182186833,0.158051378266658,0.99988016650531
"ENSG00000189283",0.325062884513713,5.55201124605902,2.30528988573299,0.158067957285012,0.99988016650531
"ENSG00000105855",-0.439582153437757,5.13461489042317,2.3050007199717,0.158091688833291,0.99988016650531
"ENSG00000116497",0.308217601583992,5.1547159226217,2.30497054229219,0.158094259950917,0.99988016650531
"ENSG00000153531",0.42961132227125,2.86536798654624,2.30467919959408,0.158119974436655,0.99988016650531
"ENSG00000106144",0.302487417284837,5.10388071266273,2.30290514933285,0.158263768466323,0.99988016650531
"ENSG00000197857",0.312441792236147,4.03888323052312,2.30208372405792,0.158331618615607,0.99988016650531
"ENSG00000169599",-0.272088913974305,5.23293506563267,2.30163378853047,0.158368045688232,0.99988016650531
"ENSG00000289740",0.59472097759564,8.05642221737404,2.30139259629472,0.15838781761402,0.99988016650531
"ENSG00000259103",1.16086039056781,1.25758399221758,2.29977762115176,0.158539708051139,0.99988016650531
"ENSG00000178075",0.737776133313427,1.24000453308828,2.2968694408433,0.158777118375746,0.99988016650531
"ENSG00000154229",0.270452311445094,8.4957441411085,2.29514394332672,0.158902440339292,0.99988016650531
"ENSG00000132394",0.267340221443643,5.03444191137777,2.29369737329255,0.159022077192715,0.99988016650531
"ENSG00000119655",-0.333062698651003,6.64744455055096,2.29173823631321,0.159183837114591,0.99988016650531
"ENSG00000162437",0.941343393073074,0.315003761390633,2.29334250309596,0.159205884874553,0.99988016650531
"ENSG00000121152",0.314017622882798,4.1416119132336,2.29047572050795,0.159288964679196,0.99988016650531
"ENSG00000159261",-0.49977351574117,2.49419144228011,2.29010826995772,0.159322031715599,0.99988016650531
"ENSG00000178685",-0.476007970536776,6.17000039492268,2.28864382518123,0.159440069113189,0.99988016650531
"ENSG00000117600",-0.900039006353572,1.05432685057584,2.28750191342848,0.159560361288498,0.99988016650531
"ENSG00000250909",1.20212366470763,0.259136190235459,2.28826465958417,0.159638896415706,0.99988016650531
"ENSG00000115526",0.349527776562059,4.03548411628574,2.28516271389522,0.159729566345331,0.99988016650531
"ENSG00000169926",-0.246623016562303,7.29383666775322,2.28459932110336,0.159775756298315,0.99988016650531
"ENSG00000285830",1.19340943433392,0.0653986459080933,2.28709130161899,0.159795874876386,0.99988016650531
"ENSG00000137965",-0.592236268244879,7.37348529227106,2.28339040624765,0.159876273498878,0.99988016650531
"ENSG00000197119",0.945689580903982,0.986032797388382,2.28174334826439,0.16004221322283,0.99988016650531
"ENSG00000286062",-0.355679187110984,3.1657548885768,2.28101703093879,0.160075223242239,0.99988016650531
"ENSG00000081760",0.500590446005046,3.43248075811436,2.28058653650085,0.160110894383592,0.99988016650531
"ENSG00000139146",-0.316454074062289,7.06966565075268,2.27981650805314,0.160173908819493,0.99988016650531
"ENSG00000143390",-0.246816519354692,4.92573507236,2.2791453519885,0.160230246482389,0.99988016650531
"ENSG00000163950",0.258975594981275,5.94021679446581,2.27890088828874,0.160250293704701,0.99988016650531
"ENSG00000198954",0.356280015975939,3.42573380368252,2.27891217291382,0.1602504633723,0.99988016650531
"ENSG00000304991",1.10330510821914,0.333778104467066,2.28015397604041,0.16027274142007,0.99988016650531
"ENSG00000118961",0.238472439358898,5.93942422418159,2.27798143838407,0.160327023703866,0.99988016650531
"ENSG00000169188",-0.275328111835771,4.4647447919354,2.27686041747765,0.16042110006315,0.99988016650531
"ENSG00000152932",0.331579001460306,5.4456328835228,2.27617309775514,0.160478091066658,0.99988016650531
"ENSG00000230289",-1.38459203622479,-0.122506257004371,2.27963483532444,0.160489435194777,0.99988016650531
"ENSG00000016391",1.7947676780792,-0.0188893517177214,2.27712148808109,0.160528475352893,0.99988016650531
"ENSG00000111752",0.639659644591269,2.07147408022634,2.27540833954144,0.160547355995869,0.99988016650531
"ENSG00000247796",1.18005027036735,0.365783912571427,2.27661325719658,0.160554234731452,0.99988016650531
"ENSG00000166025",0.418298727311266,3.45022311389517,2.27474843998131,0.160598422769406,0.99988016650531
"ENSG00000100644",-0.328690350412215,5.28805391331097,2.27437918264396,0.160628135008775,0.99988016650531
"ENSG00000245482",0.853212051144704,1.45599849450751,2.27333095601664,0.160733046730427,0.99988016650531
"ENSG00000254166",0.947637878781285,0.486138106334137,2.27381780362264,0.160790961501594,0.99988016650531
"ENSG00000253729",0.292585898485892,8.2364205100166,2.27091848996698,0.160918036766319,0.99988016650531
"ENSG00000310148",-0.582334135968849,1.55597817229162,2.26997610189058,0.16101181546659,0.99988016650531
"ENSG00000260167",0.459691416687006,3.00714524604639,2.26937369875193,0.161049416830051,0.99988016650531
"ENSG00000104518",-0.389494650440105,5.11863415450536,2.26812768486199,0.161152539417624,0.99988016650531
"ENSG00000308366",0.87385190088302,0.9145018039647,2.2683753311035,0.161163853120801,0.99988016650531
"ENSG00000213468",0.432319329262012,3.71144372851057,2.26631951404318,0.16130521192871,0.99988016650531
"ENSG00000253535",-0.588208602413273,6.30606112805789,2.26611112078351,0.16132193130705,0.99988016650531
"ENSG00000115956",-0.538727496291384,7.91372316932577,2.26603462381091,0.161328360747299,0.99988016650531
"ENSG00000164117",-0.442560337496232,3.14836250643623,2.26563047423275,0.161363913066536,0.99988016650531
"ENSG00000162729",-0.246685020569082,4.71542359703862,2.26143396567007,0.161716544016203,0.99988016650531
"ENSG00000141977",1.3039282001281,0.471968148180249,2.26359821940328,0.161722768036472,0.99988016650531
"ENSG00000103811",-0.270338871241982,8.9480271506301,2.2601868771205,0.161821439091817,0.99988016650531
"ENSG00000231367",1.00498879954081,0.701247827541885,2.26087244289698,0.161824070819027,0.99988016650531
"ENSG00000254319",0.495448082227714,2.2863634898695,2.25954227728949,0.161880754579359,0.99988016650531
"ENSG00000039319",-0.259399498668218,5.25594545395399,2.25909356661116,0.161913881786034,0.99988016650531
"ENSG00000174953",-0.291379006249793,6.34059689462607,2.25856814668178,0.161958282506958,0.99988016650531
"ENSG00000141959",-0.225700367720882,5.80277739534437,2.25653187206503,0.162130635427862,0.99988016650531
"ENSG00000162804",0.805268261531677,1.30713279092462,2.25552615156631,0.162237172258297,0.99988016650531
"ENSG00000180287",1.17753109572611,0.386193941166455,2.25682231953606,0.162264437726361,0.99988016650531
"ENSG00000303870",-1.06444777016819,0.133505672191744,2.25721462583887,0.162299760199274,0.99988016650531
"ENSG00000276076",-0.871019397481348,0.387689775782603,2.25598786172731,0.162317973315912,0.99988016650531
"ENSG00000294998",0.349059916200724,3.55995779433827,2.25292961932737,0.162436951312383,0.99988016650531
"ENSG00000109906",1.18290533763457,0.0210179540307266,2.25243404739047,0.162481139784594,0.99988016650531
"ENSG00000224995",-0.737169177503327,0.654929267251154,2.25264582857777,0.162525398094937,0.99988016650531
"ENSG00000296481",0.310864539419491,4.34263761862108,2.25074578798452,0.162622114348419,0.99988016650531
"ENSG00000163918",0.305948070804441,4.7446396585622,2.25054007638371,0.162639510694599,0.99988016650531
"ENSG00000130511",0.296116001508,6.3950218438385,2.24911724262709,0.16276016209588,0.99988016650531
"ENSG00000084110",0.973109482418546,1.19939635927588,2.2491423692177,0.162801381744382,0.99988016650531
"ENSG00000157193",0.280428502848581,6.3786692632159,2.24577977518259,0.163044557285597,0.99988016650531
"ENSG00000267059",-0.885731805484027,0.6802342720565,2.24671985062003,0.163051036100277,0.99988016650531
"ENSG00000143862",-0.237337134243559,5.6335353595188,2.24464349243719,0.163141545761861,0.99988016650531
"ENSG00000235872",1.07156927096186,0.245491107661916,2.2451164657522,0.163230137965855,0.99988016650531
"ENSG00000100802",0.5902597388242,1.96791973909023,2.24355738240157,0.16324005018756,0.99988016650531
"ENSG00000105829",-0.386467574741558,3.97646176018838,2.24335403198813,0.16325230762835,0.99988016650531
"ENSG00000174282",0.308701683889191,4.19477452463545,2.24225732018852,0.163345920414259,0.99988016650531
"ENSG00000095303",0.282277798887209,5.13136037864946,2.24080148191349,0.16347004525081,0.99988016650531
"ENSG00000047346",-0.408802759344933,2.97811426273287,2.24001095472234,0.163539529378073,0.99988016650531
"ENSG00000293925",0.762117278745396,1.07976077979022,2.24019163287846,0.163544362570683,0.99988016650531
"ENSG00000176105",0.325470999804905,4.66075754691146,2.23976342785747,0.163559269232652,0.99988016650531
"ENSG00000128487",0.30735003108826,3.99192954316737,2.23938193394708,0.163592150081446,0.99988016650531
"ENSG00000224186",0.45318920069558,4.10631266911966,2.23913719916976,0.163613022581717,0.99988016650531
"ENSG00000100350",0.328929165646398,3.95157439061231,2.23850957064325,0.163666970930421,0.99988016650531
"ENSG00000263590",0.749456150188185,0.868210131960217,2.23715296838918,0.163814207305103,0.99988016650531
"ENSG00000117036",-0.371670307345736,5.79652273200868,2.23625881125213,0.163859405647221,0.99988016650531
"ENSG00000143155",-0.232389170168736,6.50958654406073,2.23618779004365,0.16386549129527,0.99988016650531
"ENSG00000153066",-0.225965214012275,5.46721894354791,2.23524070302823,0.163946863681294,0.99988016650531
"ENSG00000137807",0.344846001846143,3.66187620106143,2.23309961022345,0.164131944797887,0.99988016650531
"ENSG00000135439",-0.348453140869542,3.50596616397401,2.23268855500426,0.164167483000996,0.99988016650531
"ENSG00000178401",-0.860032975355498,0.796487597737488,2.23331584495736,0.164202316136058,0.99988016650531
"ENSG00000068078",0.877196928621366,0.290268061831078,2.23498319276782,0.164203244235926,0.99988016650531
"ENSG00000106524",0.392013812972328,3.70748272453543,2.23142557597619,0.164275958028577,0.99988016650531
"ENSG00000197905",0.470635590700767,2.78095712293852,2.23125402649241,0.164292340903079,0.99988016650531
"ENSG00000197045",-0.264006743515352,5.2176528559159,2.23086695726407,0.164323220204143,0.99988016650531
"ENSG00000093217",0.58648626021342,4.17144240158348,2.22991097773879,0.164406102760646,0.99988016650531
"ENSG00000285840",0.550633815715416,4.60235016721231,2.22977163151508,0.164418033653797,0.99988016650531
"ENSG00000108852",1.37252506080149,0.767464133980659,2.23043217889011,0.164442256621908,0.99988016650531
"ENSG00000182168",-0.511985730381118,3.40509247721233,2.22922076510419,0.164466252220352,0.99988016650531
"ENSG00000112739",-0.315094045813961,5.67994996797739,2.22896621801578,0.164487089209651,0.99988016650531
"ENSG00000293102",-0.798884002956985,0.485756278889411,2.22959617557471,0.164514832686234,0.99988016650531
"ENSG00000060642",-0.407842440866541,3.25345082314578,2.22828894679407,0.164547020919368,0.99988016650531
"ENSG00000082805",0.241920334970296,5.64859488656654,2.2273099853261,0.164630075206655,0.99988016650531
"ENSG00000275342",0.294093835954074,4.6760220152852,2.22720915130223,0.164639192252114,0.99988016650531
"ENSG00000302599",1.20683386838182,1.30049523958869,2.22493368534019,0.164857512126495,0.99988016650531
"ENSG00000229664",-0.832745034227438,0.997893285843356,2.224220370625,0.164930327697437,0.99988016650531
"ENSG00000259448",-0.539457331363366,1.64093590607348,2.2239657406686,0.164930893412723,0.99988016650531
"ENSG00000163823",-0.243600064158543,6.64059367644422,2.22348629764742,0.164960774084385,0.99988016650531
"ENSG00000110696",-0.220624738537455,7.49530014646273,2.22319495792947,0.164986003784583,0.99988016650531
"ENSG00000135801",-0.230066934955312,5.55102417224753,2.22307186281324,0.164996695975723,0.99988016650531
"ENSG00000230647",-0.221674020459858,5.84898748182882,2.22164455697,0.165120385909777,0.99988016650531
"ENSG00000135338",-0.555960245778002,1.41590720683116,2.22108911739059,0.165182403794284,0.99988016650531
"ENSG00000105849",-0.298726392117852,5.44177579157374,2.2201567678142,0.16524948121509,0.99988016650531
"ENSG00000223552",-0.689313429407228,2.80262523135844,2.22007257980908,0.165259106399539,0.99988016650531
"ENSG00000034152",-0.236052691694762,5.45199267643232,2.21976328984626,0.165283635128039,0.99988016650531
"ENSG00000162711",-0.210839836666784,5.67626557045367,2.21958263346662,0.165299313271957,0.99988016650531
"ENSG00000149243",0.565002107201004,2.25681318602151,2.2191373120407,0.165343050576444,0.99988016650531
"ENSG00000117262",0.260108985872122,4.54517882552118,2.21845891562158,0.165397345033812,0.99988016650531
"ENSG00000197024",0.331575592698102,4.63370357716999,2.21717352432902,0.165509078487977,0.99988016650531
"ENSG00000138722",1.5140802690694,0.245666388564764,2.21844430070781,0.165538721643679,0.99988016650531
"ENSG00000160013",-0.441303520487744,4.3652957842696,2.21670159057437,0.165550161335743,0.99988016650531
"ENSG00000169403",-0.281546638911976,8.30740536557633,2.2166502540748,0.165554170146486,0.99988016650531
"ENSG00000155256",-0.395493360999957,3.65638878637813,2.21654799062736,0.16556395913639,0.99988016650531
"ENSG00000234129",-0.321520467701651,4.44659546862702,2.21402777558243,0.165782996746402,0.99988016650531
"ENSG00000137871",-0.286686763387348,4.29787772901334,2.21280498701544,0.16588967013675,0.99988016650531
"ENSG00000128394",-0.400798834552516,2.96054641461826,2.21212316335749,0.16595049149395,0.99988016650531
"ENSG00000004468",-0.479257347043541,5.08641552910003,2.2117023534783,0.165985481556203,0.99988016650531
"ENSG00000170191",0.482718498564148,2.73972987250175,2.21094779879504,0.166053947233849,0.99988016650531
"ENSG00000138735",0.595900422543454,1.98960808438208,2.21027562868887,0.166116452003941,0.99988016650531
"ENSG00000254639",1.31995706960243,1.02155475844361,2.20950471741311,0.166202072647761,0.99988016650531
"ENSG00000271605",-0.206359737994371,6.70674859978444,2.20891186617511,0.166229232829717,0.99988016650531
"ENSG00000114656",0.67646005719797,1.85002345601186,2.20797753681955,0.166319573553481,0.99988016650531
"ENSG00000302098",-1.14240271907324,0.61840336169251,2.20662761092489,0.166521163783081,0.99988016650531
"ENSG00000123908",0.308259156986737,6.28941074675671,2.20524046934276,0.166550755116428,0.99988016650531
"ENSG00000170145",0.254094795023695,5.59307005721563,2.20470301219386,0.166597906878968,0.99988016650531
"ENSG00000110921",0.448468987399475,2.63267195726419,2.20284327543782,0.166763801200404,0.99988016650531
"ENSG00000100764",-0.22526455943719,5.75132180448167,2.202595263669,0.166782915990975,0.99988016650531
"ENSG00000184897",-0.269639583962475,7.08606368246424,2.20236123620839,0.166803455006845,0.99988016650531
"ENSG00000179454",-0.266978324943868,4.97249948895799,2.20193035914125,0.166841466924803,0.99988016650531
"ENSG00000126709",-0.504591250084886,7.40534952108478,2.20137907245223,0.166889770146745,0.99988016650531
"ENSG00000095739",0.834442523023657,0.817322684487814,2.2009448801639,0.166984888854238,0.99988016650531
"ENSG00000176171",-0.239262365857359,6.48128474124844,2.1982574402438,0.167164500534617,0.99988016650531
"ENSG00000197903",-0.510476818394968,4.62714399841495,2.1968841588506,0.167285968556894,0.99988016650531
"ENSG00000174501",0.346056018757683,5.64723991664296,2.19550350928789,0.1674073700767,0.99988016650531
"ENSG00000269910",1.27207621099841,0.0837078372322051,2.19748468800276,0.167419901786846,0.99988016650531
"ENSG00000241058",0.375204187399709,3.62655053132817,2.19501596168604,0.167451275257338,0.99988016650531
"ENSG00000169855",-0.449658423016901,7.3600137139608,2.19448449641344,0.167497320072778,0.99988016650531
"ENSG00000124383",0.306497063075216,5.63158480513538,2.19409755117629,0.167531526818861,0.99988016650531
"ENSG00000272936",0.930427113401463,0.829227140738897,2.19416843167242,0.167559952920687,0.99988016650531
"ENSG00000293470",0.784353810249189,0.933716457164034,2.19305197925124,0.167664165904381,0.99988016650531
"ENSG00000051382",0.252272140163751,6.80962848999845,2.19251403064239,0.167671485944957,0.99988016650531
"ENSG00000089685",0.252589604335426,5.32711809123815,2.19237646684708,0.167683693603022,0.99988016650531
"ENSG00000134759",-0.27576188198256,4.99343492963277,2.19202538571766,0.167714945806186,0.99988016650531
"ENSG00000099992",-0.762070506876701,1.25739829687148,2.19221013655372,0.167721449963949,0.99988016650531
"ENSG00000143344",-0.542821932818369,7.20206689900137,2.19183657836891,0.167731414484147,0.99988016650531
"ENSG00000186638",0.455057785189614,3.18114558011084,2.19045556752653,0.167855471293171,0.99988016650531
"ENSG00000163710",0.620239330777301,1.9576874371778,2.18969843055973,0.167927024394887,0.99988016650531
"ENSG00000163959",0.811435438430127,1.70625137220174,2.18930799413077,0.167964530729689,0.99988016650531
"ENSG00000158528",1.29161357379929,0.102893815316231,2.19162167522299,0.167965221947344,0.99988016650531
"ENSG00000225258",-0.927688235282378,0.140900385175915,2.19134515329309,0.167967074075243,0.99988016650531
"ENSG00000158055",-0.946912351294603,0.970804309821859,2.18902305762599,0.168023695529158,0.99988016650531
"ENSG00000150776",-0.25126888053856,5.19130678583188,2.18683597712421,0.168174705570826,0.99988016650531
"ENSG00000027847",0.299301124258569,3.76814932975002,2.18552269522777,0.168292152333149,0.99988016650531
"ENSG00000309647",-0.890743297851043,-0.0196868712491468,2.18537707970859,0.168553613765505,0.99988016650531
"ENSG00000290535",-0.5231353843535,2.15976453308188,2.18231359061965,0.168581942483583,0.99988016650531
"ENSG00000074657",0.32965596511273,4.25341048930209,2.18171147445633,0.16863093091221,0.99988016650531
"ENSG00000132436",0.418628602985623,3.3376733081533,2.1795596177269,0.168823671532939,0.99988016650531
"ENSG00000131203",-0.732515257737437,5.34758356148416,2.17903083934568,0.168869586199911,0.99988016650531
"ENSG00000088836",0.601452533857427,1.70633500703882,2.17869126597469,0.168910533345685,0.99988016650531
"ENSG00000131966",-0.233932355505292,5.23205888726274,2.17820967435375,0.168942880715748,0.99988016650531
"ENSG00000079387",-0.323948929867105,3.92944276805732,2.17623871179714,0.16911967903195,0.99988016650531
"ENSG00000164111",-0.325376400443013,7.41095287726884,2.17538984814315,0.169194926863905,0.99988016650531
"ENSG00000109674",0.590141517373282,3.22316249037196,2.17438308221623,0.169286757159959,0.99988016650531
"ENSG00000286873",0.76708659711114,1.15157753851105,2.17457137586217,0.169292215694838,0.99988016650531
"ENSG00000226237",0.538249073988261,2.62141391572464,2.1734777564623,0.169369516089118,0.99988016650531
"ENSG00000169860",-0.831523568379324,1.60220052267937,2.17251063247782,0.169470396236556,0.99988016650531
"ENSG00000304497",-0.548976832049644,2.4450155897334,2.17091741159125,0.16959936305148,0.99988016650531
"ENSG00000115761",0.23603857013336,6.14391035096204,2.17078305678059,0.169607830999903,0.99988016650531
"ENSG00000145723",-0.446869653805999,3.13784340515206,2.16953478973968,0.169721515027462,0.99988016650531
"ENSG00000140406",-0.232602742181117,4.85775656205395,2.16900199002027,0.169768109113192,0.99988016650531
"ENSG00000095585",-0.509763536684662,2.18720780286845,2.16744297428123,0.169912917469649,0.99988016650531
"ENSG00000035720",-0.567055586808931,2.72865254343499,2.1661410143047,0.170027672221535,0.99988016650531
"ENSG00000075651",0.362691935501646,4.41406712025802,2.16566837291695,0.17006824217168,0.99988016650531
"ENSG00000131379",0.789883334065985,0.739189743366915,2.16607703875116,0.17007501260351,0.99988016650531
"ENSG00000164366",0.47058698819341,2.87566340183287,2.16451588284002,0.170173426300275,0.99988016650531
"ENSG00000103642",-0.293302474528781,6.52157000270166,2.16412812121539,0.170206591878382,0.99988016650531
"ENSG00000198839",-0.248433450959217,5.36520533743915,2.16402084461094,0.170216296814279,0.99988016650531
"ENSG00000100417",0.378397390667059,3.36489025871717,2.16284427045467,0.170323845110724,0.99988016650531
"ENSG00000144554",0.281882551547006,4.64361492295389,2.16267954271072,0.170337661405367,0.99988016650531
"ENSG00000180914",-0.752592010440819,1.19524827461317,2.16234886348749,0.170389085813275,0.99988016650531
"ENSG00000257167",0.327993931098416,3.81970108805873,2.1612103562166,0.17047087303999,0.99988016650531
"ENSG00000302367",-0.791477576670568,0.258763133604189,2.16184308883486,0.170549946458885,0.99988016650531
"ENSG00000114738",0.304690353422144,4.77646614312864,2.15986105487679,0.170592337607481,0.99988016650531
"ENSG00000262655",1.1616372928378,0.557707873853501,2.15981579547289,0.170665389279094,0.99988016650531
"ENSG00000309434",1.19998098098245,0.648031789024587,2.159438812882,0.17070298671256,0.99988016650531
"ENSG00000127084",0.281840530307403,4.49053551165401,2.15824952512387,0.170738225718596,0.99988016650531
"ENSG00000112584",0.263117407577707,6.06423506838851,2.15631204836238,0.170913334974199,0.99988016650531
"ENSG00000170260",-0.361142414025358,3.42063734262587,2.15630771327991,0.170914843123918,0.99988016650531
"ENSG00000291336",-0.843287101235367,0.438087565192651,2.15796908952701,0.170918713662231,0.99988016650531
"ENSG00000059691",0.314776327784928,3.72198252472114,2.15609434894495,0.170933861035734,0.99988016650531
"ENSG00000139318",-0.257884767525593,8.025641497313,2.15595480236245,0.170945714982119,0.99988016650531
"ENSG00000073605",0.600016148618891,1.78664205617966,2.15539818422291,0.17100397247978,0.99988016650531
"ENSG00000266953",1.07011750996578,0.0500752945306915,2.15768482608253,0.171013713507973,0.99988016650531
"ENSG00000143793",0.325380538438311,5.25898555075802,2.15408734282526,0.171115225828723,0.99988016650531
"ENSG00000175643",0.389176523647968,3.07600838139058,2.15388499321614,0.171135386948465,0.99988016650531
"ENSG00000184489",0.588267453347764,3.11180371742573,2.15384968557916,0.171138670620341,0.99988016650531
"ENSG00000160469",-0.379437305446657,4.61498434677416,2.15378170925242,0.171143353702238,0.99988016650531
"ENSG00000123178",0.347420987853411,3.79129181031414,2.15341906708399,0.171176612164471,0.99988016650531
"ENSG00000272931",0.720339777361819,1.47743994163656,2.15355150326169,0.171181790329375,0.99988016650531
"ENSG00000237576",-0.97414386089326,0.211843986009198,2.15099172265624,0.171324839649816,0.99988016650531
"ENSG00000254431",1.14378183840187,0.311368743493716,2.15297129272483,0.171354890139666,0.99988016650531
"ENSG00000170684",0.253605597974142,4.43360821609415,2.15139564755391,0.171360289150166,0.99988016650531
"ENSG00000134996",-0.224345322712921,6.45309282538843,2.15038206868985,0.171452059333057,0.99988016650531
"ENSG00000129450",0.532663671532473,2.96081634877577,2.15030872540239,0.171460406476311,0.99988016650531
"ENSG00000176834",0.366420931571751,4.22607460986762,2.14905835865745,0.171573208174076,0.99988016650531
"ENSG00000256968",0.400230640899051,3.27717987652491,2.14807930853733,0.171663279029463,0.99988016650531
"ENSG00000303713",0.90974606626258,1.0803410952176,2.14763119933687,0.171721103540637,0.99988016650531
"ENSG00000174996",0.48494783435678,2.77091422187407,2.14542108598693,0.171906783617881,0.99988016650531
"ENSG00000189223",1.07706617102253,0.752190984063579,2.14554090119652,0.171943525992126,0.99988016650531
"ENSG00000304984",-0.93994187548651,0.977707554733463,2.14395757713464,0.172085443559007,0.99988016650531
"ENSG00000183010",0.429813803059488,4.52851792803445,2.14312536102564,0.172114764095656,0.99988016650531
"ENSG00000175161",-0.450739866326403,7.87942100670742,2.14075607933937,0.172331250369641,0.99988016650531
"ENSG00000141404",0.594981443554461,2.1032243362885,2.14030089764761,0.17237790102474,0.99988016650531
"ENSG00000005812",-0.252143498987601,4.81222436371243,2.13971934731134,0.172426662503389,0.99988016650531
"ENSG00000302323",-0.715492383138417,2.01560939539623,2.13960590279226,0.172442718658679,0.99988016650531
"ENSG00000164402",0.28038763327211,4.43988690694493,2.13938732005414,0.17245720485835,0.99988016650531
"ENSG00000165209",0.336706501192524,5.72658355947919,2.13928499120496,0.172466154654836,0.99988016650531
"ENSG00000177082",-0.29944466467714,4.52919547915535,2.13771983259155,0.172610230502549,0.99988016650531
"ENSG00000164182",0.246915667376044,5.13027763871639,2.13667379498732,0.172706022028065,0.99988016650531
"ENSG00000111885",0.294486925319506,4.23705482773717,2.13626530827095,0.1727439076268,0.99988016650531
"ENSG00000116205",-0.212622040554435,5.40374318681549,2.13518207328317,0.172843066421481,0.99988016650531
"ENSG00000130921",-0.227465060256155,5.12339120394593,2.13391818883027,0.172959404550668,0.99988016650531
"ENSG00000156049",-0.307542380386834,5.57704285367783,2.13376437522672,0.172973532060426,0.99988016650531
"ENSG00000257839",-0.79831800073416,0.680473179420885,2.13418411472405,0.173043778186651,0.99988016650531
"ENSG00000106683",0.2721614771571,5.03064897310358,2.13219270563057,0.173118363531028,0.99988016650531
"ENSG00000177105",-0.284056978087175,7.26599806982377,2.13210111708488,0.173126754026155,0.99988016650531
"ENSG00000161048",0.320192951379198,4.03713132866607,2.13145322669082,0.173187095381627,0.99988016650531
"ENSG00000291065",0.332040280390605,4.6539136237005,2.1310227584404,0.173226634242465,0.99988016650531
"ENSG00000149516",1.11845477078789,3.97230918021617,2.13064641859093,0.17329682807807,0.99988016650531
"ENSG00000085999",0.346355337088139,4.37386700622297,2.13021096604711,0.173301674119752,0.99988016650531
"ENSG00000138346",0.361504693625724,4.50450591358398,2.12979855581944,0.173339677951664,0.99988016650531
"ENSG00000147601",0.223463147799312,5.28429933687621,2.129586022238,0.173358856769519,0.99988016650531
"ENSG00000184162",0.334992833123004,3.603370092616,2.12871313178614,0.173440615359171,0.99988016650531
"ENSG00000198440",0.658117525530267,1.93678758678882,2.12792025511702,0.173519454521896,0.99988016650531
"ENSG00000268836",1.1367550382763,0.550321922598182,2.12713412240098,0.173667678435378,0.99988016650531
"ENSG00000294557",0.837518623941831,1.78955223290933,2.12612018341076,0.173688522195747,0.99988016650531
"ENSG00000278013",-0.60447633023917,1.01944915759012,2.12493508419408,0.173815231428503,0.99988016650531
"ENSG00000232656",-0.632827758867409,1.23947769926185,2.12361975759191,0.173931573598651,0.99988016650531
"ENSG00000161920",-0.378628516885659,3.18300876979961,2.12338150829949,0.173934631292801,0.99988016650531
"ENSG00000101004",0.347462942435589,4.05560611180728,2.12269570962629,0.173997189751197,0.99988016650531
"ENSG00000183734",-0.511870881470675,2.3675739110534,2.12243533672256,0.174024867257781,0.99988016650531
"ENSG00000293150",0.922691276676236,1.14321085677661,2.12226056596934,0.174063829513814,0.99988016650531
"ENSG00000258944",-0.84593338189723,0.256662761528821,2.12179202935233,0.174226907206842,0.99988016650531
"ENSG00000101353",-0.62171520180172,1.47991677318506,2.11998556019321,0.17426206514661,0.99988016650531
"ENSG00000228624",0.464230788003943,3.89205170185013,2.11926311498495,0.174316253345645,0.99988016650531
"ENSG00000138785",0.264325149032048,4.18890361916625,2.1174908070192,0.174480980886166,0.99988016650531
"ENSG00000135314",0.38725432959758,3.2452701569326,2.11552584618741,0.174664907931411,0.99988016650531
"ENSG00000158122",-0.278025092658849,5.11802374581026,2.11143251698046,0.175045868084451,0.99988016650531
"ENSG00000295671",0.904378710392289,0.82345737096818,2.11088686058995,0.175145908884583,0.99988016650531
"ENSG00000246273",0.409308363150313,3.01006281755711,2.11004953122068,0.175176917637761,0.99988016650531
"ENSG00000214787",0.51914640847253,2.85983697898036,2.10940133551341,0.175239858860191,0.99988016650531
"ENSG00000289375",0.643288386450016,2.75263011997758,2.10899456510504,0.175276324539819,0.99988016650531
"ENSG00000171202",-0.274383929533675,5.57208412585903,2.10885533865355,0.175287064816535,0.99988016650531
"ENSG00000086065",-0.313958655864474,7.02611246896752,2.10867638625674,0.17530380169152,0.99988016650531
"ENSG00000229981",0.699422044065334,0.882529916291242,2.10730574530368,0.175504615990248,0.99988016650531
"ENSG00000166483",0.319897236534331,4.69437789995758,2.10512125707074,0.175637712519401,0.99988016650531
"ENSG00000177606",-0.222068224912656,7.59285724980659,2.10366272304395,0.175774366589425,0.99988016650531
"ENSG00000244479",0.581534586577233,2.99557485542077,2.10308625484727,0.175830290286773,0.99988016650531
"ENSG00000132819",0.72216911795419,6.0624580481127,2.10159941821955,0.175968508998055,0.99988016650531
"ENSG00000165724",0.295562999781032,5.61733470744483,2.10155146881551,0.175973044476193,0.99988016650531
"ENSG00000088827",-0.397879516153664,5.96382300876505,2.09999092613355,0.176120044539692,0.99988016650531
"ENSG00000256661",0.701516376909058,1.19122454233682,2.09903810811739,0.176228051928827,0.99988016650531
"ENSG00000159399",0.266108324538147,4.57061902333541,2.09780582974854,0.176326550474537,0.99988016650531
"ENSG00000101986",0.322983358070584,4.17327411182311,2.09753333544657,0.176352415522076,0.99988016650531
"ENSG00000198846",-0.485565782199623,4.54532670137799,2.09612955985178,0.176484925258635,0.99988016650531
"ENSG00000258476",1.15351055776227,0.835939726498504,2.09662789019163,0.176528983854244,0.99988016650531
"ENSG00000302335",-0.790830766109841,0.754800201911576,2.09616854620574,0.176608504732413,0.99988016650531
"ENSG00000133059",-0.279024428891588,4.42334590452754,2.0946201144869,0.176627700379836,0.99988016650531
"ENSG00000197646",-0.365586592482625,4.72237996206408,2.09402932709592,0.176683541284591,0.99988016650531
"ENSG00000157778",0.298090302312624,5.58778139885874,2.09275500564205,0.176803837799551,0.99988016650531
"ENSG00000289311",-0.955611556524986,0.441714441383008,2.09410423963997,0.176811179197701,0.99988016650531
"ENSG00000111145",-0.231330945517599,5.08217555704652,2.09236138330018,0.176841218165597,0.99988016650531
"ENSG00000102781",0.451928607480804,3.15010829904049,2.09179085608761,0.176896664811984,0.99988016650531
"ENSG00000197142",-0.269711436941113,5.08417968881498,2.0916576713764,0.176907921321914,0.99988016650531
"ENSG00000223612",-0.734788241802168,0.980116890463819,2.09046618804878,0.177052044314316,0.99988016650531
"ENSG00000187957",1.19671629872761,0.0716061521287,2.09157788680802,0.177069029679336,0.99988016650531
"ENSG00000112246",0.541136781841995,2.23571030533106,2.0896861476874,0.177099935375512,0.99988016650531
"ENSG00000130856",0.26384181552635,5.16734247932508,2.08931968984442,0.177129698775746,0.99988016650531
"ENSG00000175662",0.486726817571594,3.25319656950615,2.08899768271547,0.177161549387019,0.99988016650531
"ENSG00000237499",-0.404016555567186,3.00497540228484,2.08898758998676,0.177162786168958,0.99988016650531
"ENSG00000143127",0.852315170637944,0.891541678160765,2.08762081489064,0.177317764533318,0.99988016650531
"ENSG00000160908",-0.250061127075482,4.74677472139445,2.087022996405,0.177348334926275,0.99988016650531
"ENSG00000116127",0.351502836486697,3.67090898741875,2.08697329589335,0.17735352578484,0.99988016650531
"ENSG00000265408",0.844451505506366,0.622002052197492,2.08647837331635,0.177476914336842,0.99988016650531
"ENSG00000307098",1.17627741252043,0.037847093967916,2.08814292376785,0.177505081987073,0.99988016650531
"ENSG00000293492",0.68199219325779,1.50579715345362,2.08466961725485,0.177588986877667,0.99988016650531
"ENSG00000123472",0.2691312994499,4.69843817508973,2.08444614800065,0.177593667708861,0.99988016650531
"ENSG00000198429",0.685391723804803,2.51501772812223,2.08342723918345,0.177694448121647,0.99988016650531
"ENSG00000154146",0.583039413664127,2.81415697165648,2.08304188558794,0.177730788240654,0.99988016650531
"ENSG00000226167",0.73198163560578,1.14371247382695,2.08085875722962,0.177963428357844,0.99988016650531
"ENSG00000147724",1.98735931035539,1.45494959130226,2.08124088215802,0.177981759850091,0.99988016650531
"ENSG00000260257",0.398367563128299,3.20018899731702,2.07971017787336,0.178046695546228,0.99988016650531
"ENSG00000104312",-0.272844646681724,4.89664881477383,2.07869606396299,0.178142545724355,0.99988016650531
"ENSG00000297155",-0.763130770880701,0.952114580712308,2.07911994917116,0.178147344305446,0.99988016650531
"ENSG00000171291",0.554057921107539,3.42490470237821,2.07789284545308,0.178220303613634,0.99988016650531
"ENSG00000078399",-0.245972911416127,5.33578606719197,2.07773505225993,0.178234253144164,0.99988016650531
"ENSG00000175344",0.788109895378064,1.42991760463774,2.07774033677472,0.178252146390066,0.99988016650531
"ENSG00000117525",0.432991227577448,4.22652590849286,2.07688018176896,0.178316602813829,0.99988016650531
"ENSG00000197006",0.283972358853577,5.49360377475538,2.07385915552906,0.178605799511644,0.99988016650531
"ENSG00000279516",0.306519606317489,5.11423124875799,2.0733277556407,0.1786568375702,0.99988016650531
"ENSG00000173041",0.289138457084117,4.02968021952252,2.07327817060165,0.178662196284787,0.99988016650531
"ENSG00000130775",-0.218787078674345,5.79821152127051,2.07265875773883,0.17872106383823,0.99988016650531
"ENSG00000307187",0.738236509727779,1.14654807343477,2.07234948979015,0.178770782294478,0.99988016650531
"ENSG00000226043",1.38987794470947,0.262943479795848,2.07436110798148,0.178775600479868,0.99988016650531
"ENSG00000286850",0.649738038921834,2.06898472791278,2.07199782178196,0.178789550568784,0.99988016650531
"ENSG00000117308",0.357096877362153,3.76940371617908,2.07117713298011,0.178864231472497,0.99988016650531
"ENSG00000244578",0.997927105033985,0.146199648387125,2.07241978989,0.178884717526342,0.99988016650531
"ENSG00000100299",-0.286505307662352,3.97682325438621,2.07086001700742,0.178894645310844,0.99988016650531
"ENSG00000248636",-0.544299013911179,1.86366049073167,2.07079815601969,0.178907917915781,0.99988016650531
"ENSG00000196345",1.17648177440605,0.82351039061252,2.07071310134322,0.178939372675547,0.99988016650531
"ENSG00000107738",0.270241546281138,5.19037960270053,2.07020621011866,0.178956917437877,0.99988016650531
"ENSG00000300568",1.64396046595579,0.28144978934254,2.07007040694647,0.179072424724355,0.99988016650531
"ENSG00000301139",-0.678619764670665,0.879116072130136,2.06915378230767,0.17908921909306,0.99988016650531
"ENSG00000141858",0.257572194051344,6.34090660457433,2.0682664492965,0.179143687684195,0.99988016650531
"ENSG00000158717",0.273843153199976,5.49552135908564,2.06801181504311,0.179168251540582,0.99988016650531
"ENSG00000288016",0.310665686697435,6.11577269372137,2.06792880278821,0.179176233705761,0.99988016650531
"ENSG00000134668",1.15922677611006,0.152681421734464,2.06956116796007,0.179198031297894,0.99988016650531
"ENSG00000291019",0.961047135995402,0.839921484682921,2.06755129495624,0.179250824869838,0.99988016650531
"ENSG00000112039",0.358808228958278,3.86558642566693,2.06709594060028,0.179257346753587,0.99988016650531
"ENSG00000232104",-0.28928161186325,5.80324163182624,2.06704399062604,0.17926155476965,0.99988016650531
"ENSG00000120063",-0.225144271253821,5.62348103320845,2.06407648505566,0.179548079520602,0.99988016650531
"ENSG00000166979",0.504724709505294,3.00809474887537,2.06333171681652,0.1796217814719,0.99988016650531
"ENSG00000067798",-0.314072178710741,4.32015601160762,2.06280836643218,0.179671128667489,0.99988016650531
"ENSG00000206557",-0.921475318642288,0.414963912585995,2.06350971673892,0.1797774656704,0.99988016650531
"ENSG00000156873",0.329130974345773,3.75785056698263,2.06089484765726,0.179856721381808,0.99988016650531
"ENSG00000227879",-0.606941571260952,2.0309917083451,2.06069899454111,0.179880826093951,0.99988016650531
"ENSG00000275964",-0.450749202851348,2.43861217264318,2.06055049926666,0.179893219553529,0.99988016650531
"ENSG00000183763",0.593188478261792,2.23171807245505,2.06002366763584,0.179945486746428,0.99988016650531
"ENSG00000111737",-0.245463926198125,5.50896673936073,2.05952218471492,0.179988968556014,0.99988016650531
"ENSG00000249413",-0.299828311680696,6.68605444791329,2.05885193552212,0.180053946491926,0.99988016650531
"ENSG00000108306",0.26042233828534,5.66399176123866,2.05870847998007,0.180067887126831,0.99988016650531
"ENSG00000105967",-0.409288039524887,6.9853745798152,2.05841108811482,0.180096716460763,0.99988016650531
"ENSG00000101187",0.37710584167588,3.08050017544537,2.05720728362186,0.180215122736842,0.99988016650531
"ENSG00000205138",0.35049092101043,3.42458801168564,2.05587591632479,0.180344138051581,0.99988016650531
"ENSG00000293732",-0.254409908131371,4.7239169662076,2.05578787134001,0.180351904872279,0.99988016650531
"ENSG00000279667",1.26139361320557,0.0463313272306124,2.05678178504524,0.180437435994068,0.99988016650531
"ENSG00000229999",0.869191126678869,0.560107393692715,2.05574557067836,0.180488968187577,0.99988016650531
"ENSG00000166348",0.371014881978758,3.4977726507698,2.05421292430936,0.18050582510471,0.99988016650531
"ENSG00000144746",-0.306270056354485,7.01676917473037,2.0540857678379,0.180517067888199,0.99988016650531
"ENSG00000258388",1.37735775882084,0.971074501993916,2.05543003947184,0.180528472757664,0.99988016650531
"ENSG00000254859",1.03337481753042,0.685705276957667,2.05365314817597,0.18064025200557,0.99988016650531
"ENSG00000101844",-0.35587945767113,3.14515269091976,2.05263275884007,0.180660075677126,0.99988016650531
"ENSG00000158296",-0.769487625608575,0.843415263051667,2.05316685405479,0.180680358403954,0.99988016650531
"ENSG00000196912",0.367732059646459,4.9104684392282,2.0523489081244,0.180686558375321,0.99988016650531
"ENSG00000291228",-0.438865487355165,2.76415779683556,2.05198321367048,0.180724514782792,0.99988016650531
"ENSG00000165886",0.362958788258167,3.82414052231588,2.05119093024442,0.180799848294835,0.99988016650531
"ENSG00000138061",0.426867646313116,7.64791545730146,2.05060809346551,0.180855966253632,0.99988016650531
"ENSG00000122507",0.474930949580469,3.72310731391902,2.04962715297339,0.180952500135444,0.99988016650531
"ENSG00000226029",-0.522280739260543,1.6022673045323,2.04955707440237,0.180968039916842,0.99988016650531
"ENSG00000027075",0.37858584068347,5.05961725716442,2.04739704400407,0.181169669297266,0.99988016650531
"ENSG00000141664",-0.278346990312739,6.28860735439834,2.0468965861392,0.181218576535364,0.99988016650531
"ENSG00000293480",1.25503317811193,0.888779992215885,2.04638094853102,0.181325052587862,0.99988016650531
"ENSG00000251442",-0.353440093351362,3.9515000712763,2.04576255075452,0.181330095995862,0.99988016650531
"ENSG00000204371",0.246300966504593,5.39070583880275,2.04462116423593,0.181441375858766,0.99988016650531
"ENSG00000130813",-0.31263102478319,5.51132076649075,2.04436010078011,0.18146694765667,0.99988016650531
"ENSG00000170903",-0.286015308676095,4.39470115167637,2.04358126823462,0.181543732763645,0.99988016650531
"ENSG00000163072",0.762198284786115,0.674312741752743,2.0441833211248,0.181546893660615,0.99988016650531
"ENSG00000169972",0.317950499071656,3.8096521279531,2.04323581846888,0.181577967989888,0.99988016650531
"ENSG00000127463",0.236132228740086,5.10013848061217,2.04298003104851,0.181602419523147,0.99988016650531
"ENSG00000233493",-0.905809066832022,0.87254093552094,2.04204147185134,0.181760442576467,0.99988016650531
"ENSG00000303525",0.916402372051374,1.64585650921944,2.04109387840568,0.18179714620205,0.99988016650531
"ENSG00000160298",0.369118757360173,4.09601948946651,2.03945697475341,0.181948962394674,0.99988016650531
"ENSG00000007968",0.477346816293181,2.29356429192742,2.03935385783145,0.181963505297914,0.99988016650531
"ENSG00000222017",-0.35301229980549,3.80133040103872,2.03887741665909,0.182006036304177,0.99988016650531
"ENSG00000085840",0.326586300256456,4.60889329718437,2.03883260215633,0.182010089715457,0.99988016650531
"ENSG00000164168",-0.236816317072421,5.48860652611517,2.0383150889394,0.182060615427414,0.99988016650531
"ENSG00000205572",-0.372381735363855,3.00604897472346,2.03826510308476,0.182067187039557,0.99988016650531
"ENSG00000172986",0.56941005506714,3.29122320942864,2.03686131293776,0.182204956482289,0.99988016650531
"ENSG00000159433",0.533356319935034,2.4722332058778,2.03609418628569,0.182282764836439,0.99988016650531
"ENSG00000118515",-0.235205902235668,6.53544432354886,2.03458658911104,0.182428020580312,0.99988016650531
"ENSG00000167703",-0.209386811412291,7.05370928525208,2.03266206224493,0.182618049402083,0.99988016650531
"ENSG00000286489",0.908530289093912,0.487594031938761,2.03309344434815,0.182639747739894,0.99988016650531
"ENSG00000295161",0.895003075539673,1.15050843602367,2.03268559368819,0.182642989328804,0.99988016650531
"ENSG00000211584",0.370466007428611,3.57657137117274,2.03221724419532,0.182662918054079,0.99988016650531
"ENSG00000164609",-0.277400062936709,5.91058457397099,2.03205605388076,0.182677956160781,0.99988016650531
"ENSG00000166343",-0.569075638811356,1.35445858317206,2.03185153748829,0.182713919976846,0.99988016650531
"ENSG00000141198",0.605072902870696,1.94010752872147,2.03123849602192,0.182765398258153,0.99988016650531
"ENSG00000034533",0.478064979330485,2.60841036772748,2.03034104932329,0.182850756873179,0.99988016650531
"ENSG00000115525",-0.365041684571073,3.2111237499993,2.02979146115027,0.182903413480133,0.99988016650531
"ENSG00000301801",1.65124684577224,0.370731392605201,2.02942025035585,0.182979177273844,0.99988016650531
"ENSG00000247877",0.434068360136208,2.63132200567291,2.02863946933746,0.183018765383248,0.99988016650531
"ENSG00000225953",-0.341681894984511,3.38520348914127,2.02666564601438,0.183213390614185,0.99988016650531
"ENSG00000099910",0.33102607533431,4.20018896738415,2.02656152401072,0.183222649521539,0.99988016650531
"ENSG00000305875",0.885268075585686,0.349598434079573,2.02542732530323,0.183451227304526,0.99988016650531
"ENSG00000308914",-0.774232626277639,1.08835216075421,2.02428327537994,0.183485001307549,0.99988016650531
"ENSG00000283031",0.75089767552762,0.741662311051652,2.02252028459525,0.183662494661282,0.99988016650531
"ENSG00000083123",0.269754862832543,5.17055606836191,2.02199781180827,0.183675844746249,0.99988016650531
"ENSG00000235513",-0.442833001517795,2.1647345011074,2.01859884440336,0.184019582208408,0.99988016650531
"ENSG00000227704",-0.57088326468081,2.03036408299346,2.01747336440886,0.184134006828125,0.99988016650531
"ENSG00000213983",0.408228002451165,3.03000635094077,2.01589010821526,0.184286831094216,0.99988016650531
"ENSG00000105270",0.995850543739179,0.646675691606122,2.0165486920365,0.184292205502755,0.99988016650531
"ENSG00000156103",0.670753490526012,1.68581335746117,2.01539005804823,0.184344857074188,0.99988016650531
"ENSG00000293165",0.807503832343778,0.782348214937649,2.0155625557472,0.184379662923279,0.99988016650531
"ENSG00000073350",-0.278716785241626,4.5334862955655,2.01492280239236,0.184382319039296,0.99988016650531
"ENSG00000105993",-0.258326070648328,7.2417268208069,2.01328559611141,0.184545790695686,0.99988016650531
"ENSG00000293442",0.407364033807068,3.24641287788818,2.01302887369166,0.184572865287734,0.99988016650531
"ENSG00000198668",-0.253862632892436,10.0967687650035,2.01261016485664,0.184613463756911,0.99988016650531
"ENSG00000225964",-0.607713786119206,5.32115995004254,2.01206730242369,0.184667919892936,0.99988016650531
"ENSG00000166106",1.29668692720886,0.944672540914277,2.01240200767272,0.18472512266945,0.99988016650531
"ENSG00000111224",-0.534271117936421,2.23082439907545,2.01075181189083,0.184804804375429,0.99988016650531
"ENSG00000114115",0.874010747006998,1.11656732074927,2.01010375291189,0.184908151589862,0.99988016650531
"ENSG00000235194",0.576584522512983,1.78088732285855,2.00941222029969,0.184942626346742,0.99988016650531
"ENSG00000110367",-0.248042953976506,6.71730911871292,2.00897163228625,0.184978594185183,0.99988016650531
"ENSG00000065029",-0.20896057454013,5.44855040025665,2.00855853738096,0.185020134513201,0.99988016650531
"ENSG00000204315",-0.472203124037225,2.33498657137844,2.00851898913887,0.185028451242794,0.99988016650531
"ENSG00000151287",-0.350920336079772,4.22664521071085,2.00614792299355,0.185263227202294,0.99988016650531
"ENSG00000229619",-0.336393790434179,4.05491794655444,2.00557338450746,0.185321070594326,0.99988016650531
"ENSG00000240694",-0.55084024721375,1.6006442017276,2.00498459137271,0.185389668065482,0.99988016650531
"ENSG00000298264",-0.468401623930384,2.34768872633887,2.00464111332606,0.185418130922288,0.99988016650531
"ENSG00000158158",0.320231187007973,4.0318050627109,2.00346334523437,0.185533758606576,0.99988016650531
"ENSG00000104856",-0.235405321953245,6.90345478517009,2.00325582325951,0.185554075732561,0.99988016650531
"ENSG00000127334",-0.244759194393873,4.57185700040926,2.00311163214601,0.185569029069371,0.99988016650531
"ENSG00000162736",-0.264448983793121,7.03660354322402,2.00308089795239,0.185571724378246,0.99988016650531
"ENSG00000105379",0.289297596317371,5.6580694360329,2.0018771243642,0.185693259171966,0.99988016650531
"ENSG00000149218",0.435440339853156,2.34285042994204,2.00152261340784,0.185733378511818,0.99988016650531
"ENSG00000197223",-0.245993561866604,4.74207755710457,2.00099489709446,0.185782767417716,0.99988016650531
"ENSG00000164056",0.82195689507235,0.666653906205002,2.00092016216245,0.185843114897947,0.99988016650531
"ENSG00000214772",0.960626273551497,0.818706092736675,2.00018447697641,0.185974358122588,0.99988016650531
"ENSG00000273230",0.832268877496411,0.455978740333337,1.99978486757591,0.186043520306596,0.99988016650531
"ENSG00000305983",0.837807395402002,1.17522609633353,1.99732280702499,0.186176813598708,0.99988016650531
"ENSG00000290790",0.384113586727116,2.92648453844349,1.99667856132047,0.186221029782832,0.99988016650531
"ENSG00000163808",0.27473748300855,4.51588469873556,1.99616348885522,0.186271869812903,0.99988016650531
"ENSG00000183049",-0.255562538368223,8.17024487641525,1.99590358531237,0.186297758827447,0.99988016650531
"ENSG00000075142",-0.231437589291486,7.10655088686985,1.99584553996501,0.186303648478012,0.99988016650531
"ENSG00000161996",0.458665732528714,2.9597715086793,1.99562819946597,0.186328215026674,0.99988016650531
"ENSG00000270091",0.911300270792623,0.456680183415342,1.99611881574287,0.186355477192679,0.99988016650531
"ENSG00000224271",1.4046388855448,0.0201452198298589,1.99705618942368,0.18636315706105,0.99988016650531
"ENSG00000141736",0.820827628676974,1.7323168787191,1.99522625762523,0.186374257803878,0.99988016650531
"ENSG00000126351",0.484527299605668,2.90072400883489,1.9947670583593,0.186415128297336,0.99988016650531
"ENSG00000163956",-0.248757469237676,5.20684202391922,1.99435104995744,0.186455350204582,0.99988016650531
"ENSG00000277027",1.12685024773922,0.581465458975647,1.99474749756421,0.186470254142681,0.99988016650531
"ENSG00000223960",-0.30384159542468,5.7380251167637,1.993410397014,0.186550852744997,0.99988016650531
"ENSG00000304058",0.645742639745398,1.64234631863101,1.99324184987721,0.186578606390076,0.99988016650531
"ENSG00000148950",0.299144354847159,4.49219329484181,1.99243130506709,0.186650780020714,0.99988016650531
"ENSG00000144401",0.230699265719051,5.14407019130672,1.99142316728255,0.186753015458863,0.99988016650531
"ENSG00000140263",0.254301807643576,5.12846190524847,1.99108981159061,0.186786938172178,0.99988016650531
"ENSG00000289424",0.507447802281602,2.20057970411101,1.98984283407941,0.186917680210179,0.99988016650531
"ENSG00000100292",-0.408020588433173,5.21277673878892,1.98906900326575,0.186992619831387,0.99988016650531
"ENSG00000188938",-0.217534083459075,5.27679558482079,1.98898183433241,0.187001505798984,0.99988016650531
"ENSG00000127955",0.582393197595038,3.26982239215343,1.98898605765085,0.187002399565848,0.99988016650531
"ENSG00000164691",-0.30008060772104,4.4636529805534,1.98835133176029,0.187066181981657,0.99988016650531
"ENSG00000188677",0.251001043554693,5.4617087353104,1.98669860259833,0.187234384680594,0.99988016650531
"ENSG00000126698",-0.215081051786003,7.29871093571818,1.98619154573083,0.18728612384958,0.99988016650531
"ENSG00000309023",0.610121274578914,2.10842819161589,1.98557593517051,0.187354470615638,0.99988016650531
"ENSG00000186868",1.60510006393006,-0.0159307563481524,1.98699143385457,0.187424721321128,0.99988016650531
"ENSG00000108691",-0.369622889574888,11.8628976812684,1.98480826104935,0.187427450735162,0.99988016650531
"ENSG00000152582",0.483760128001991,2.78854485949065,1.98329123242153,0.187585627830285,0.99988016650531
"ENSG00000136928",0.325643476349383,3.8773512368375,1.98280767864289,0.187632790139208,0.99988016650531
"ENSG00000170142",-0.198298369935528,7.34082811112466,1.98277588491135,0.187635352904829,0.99988016650531
"ENSG00000056050",0.256187194539997,5.14317777936318,1.98254397823797,0.187659240311747,0.99988016650531
"ENSG00000197774",0.381113403118472,2.98864236287573,1.98212339678577,0.187703912805076,0.99988016650531
"ENSG00000264031",0.648519845675308,2.67943379100419,1.98200828801895,0.187716393528791,0.99988016650531
"ENSG00000309964",-1.22734427776422,0.00794907258309638,1.98439644596193,0.187752038467837,0.99988016650531
"ENSG00000103064",0.307187136593998,4.86327144620299,1.98095475271297,0.187822235123757,0.99988016650531
"ENSG00000178922",0.291628397644809,4.4394946751856,1.98083196791742,0.187835061992419,0.99988016650531
"ENSG00000076043",0.337991773571759,4.26916447794691,1.97998384731749,0.187921943372704,0.99988016650531
"ENSG00000102977",0.302342542911978,4.18192003961973,1.97971778116419,0.187949374627706,0.99988016650531
"ENSG00000167272",0.302249324790807,4.43446048569706,1.97924327317595,0.187997902802468,0.99988016650531
"ENSG00000138378",-0.554739749978155,4.80851074869866,1.9790833466411,0.1880140582515,0.99988016650531
"ENSG00000143258",0.350823724185157,3.52129406831816,1.97878803248723,0.188045145832658,0.99988016650531
"ENSG00000187257",-0.216644674347129,6.18664007432384,1.97871827179368,0.188051335016506,0.99988016650531
"ENSG00000160602",-0.340775342589816,3.55645592370427,1.97806663327276,0.188119212081942,0.99988016650531
"ENSG00000186086",-0.520107191476093,1.54980914535328,1.9781256469261,0.188123815534149,0.99988016650531
"ENSG00000250049",1.26523476209897,0.194915902560152,1.97963551862357,0.188127716879116,0.99988016650531
"ENSG00000262406",0.300179813090813,3.68675866975061,1.97769571382801,0.188157384648829,0.99988016650531
"ENSG00000164684",0.342116365918107,3.82624450708486,1.97756210645659,0.188170808008734,0.99988016650531
"ENSG00000305441",-0.784173874206961,0.318431308052072,1.9786008814315,0.188193219882699,0.99988016650531
"ENSG00000134986",-0.226265877624531,5.29281498928242,1.97620907138498,0.188309484149838,0.99988016650531
"ENSG00000112031",-0.286809419555927,4.23543381576074,1.97482587911449,0.188451996572059,0.99988016650531
"ENSG00000143669",0.255699572939381,9.18565592239169,1.97334156479009,0.188604383450545,0.99988016650531
"ENSG00000183283",-0.219533425658206,7.85759689622639,1.97267468665096,0.188673129395518,0.99988016650531
"ENSG00000164307",-0.217488570107611,5.1271592343516,1.9703910863135,0.188908873105019,0.99988016650531
"ENSG00000237471",1.05992250655611,1.49178316061656,1.96915145201111,0.189050590351545,0.99988016650531
"ENSG00000147872",0.362443057591248,4.84258174663273,1.96888546457004,0.189064639671577,0.99988016650531
"ENSG00000226367",0.805964509818117,0.722258775596128,1.96944069888798,0.189075594605439,0.99988016650531
"ENSG00000180304",-0.227954687650687,5.90505072796625,1.96864644226288,0.189089092702826,0.99988016650531
"ENSG00000233611",1.12504439023005,0.969881274014205,1.96772285272764,0.189224658115073,0.99988016650531
"ENSG00000135373",0.62066613872129,1.54769615430926,1.96734968761076,0.189233862265477,0.99988016650531
"ENSG00000163138",0.348909773108896,3.27545310835597,1.96719199131211,0.189240929054829,0.99988016650531
"ENSG00000139567",-0.44321995770303,3.20487908337425,1.9671826942295,0.189241901972211,0.99988016650531
"ENSG00000117115",-0.380082824843145,3.65549950026952,1.96588857927326,0.18937537285203,0.99988016650531
"ENSG00000004866",0.289082937955073,3.98664004050145,1.96538893244531,0.189427053199998,0.99988016650531
"ENSG00000143507",-0.369854457284551,6.05839400271674,1.9629507775545,0.189679262297999,0.99988016650531
"ENSG00000185674",0.938966576733141,0.597567135934964,1.96347221448149,0.189685931580579,0.99988016650531
"ENSG00000172869",-0.262616725544134,5.30777151161818,1.9620989432371,0.189767758804672,0.99988016650531
"ENSG00000241127",-0.373105767118292,2.84971343257647,1.95928919326955,0.19006210057638,0.99988016650531
"ENSG00000196664",-0.807615731000039,0.686929647472141,1.96012189852106,0.190072667443761,0.99988016650531
"ENSG00000100029",0.229862123495767,5.81666846147213,1.95875890491225,0.19011516284135,0.99988016650531
"ENSG00000162434",-0.292845545962931,5.68312221625895,1.9585366387719,0.190138315217404,0.99988016650531
"ENSG00000189067",-0.206197249067808,7.43368544654088,1.95744143786192,0.190252411969473,0.99988016650531
"ENSG00000233755",0.51321348289088,3.59447333240575,1.95642992276169,0.19035886999203,0.99988016650531
"ENSG00000109046",-0.205658092691355,8.48488155501584,1.95599415397662,0.190403353889569,0.99988016650531
"ENSG00000307454",1.19462233714229,0.240541455893957,1.95710074607823,0.190456441232867,0.99988016650531
"ENSG00000289365",-0.51416386271184,1.79186881155207,1.95428539586581,0.190590116014987,0.99988016650531
"ENSG00000056998",0.693048160038359,3.0543551493585,1.95353131392108,0.190662393903935,0.99988016650531
"ENSG00000286735",0.744568375013329,0.76969796775772,1.95369413317797,0.190707351026892,0.99988016650531
"ENSG00000153560",0.213681081130692,6.06066391057925,1.95303320711303,0.190712667748802,0.99988016650531
"ENSG00000168612",-0.358394037260948,3.04087762388636,1.94952783068173,0.191081556586563,0.99988016650531
"ENSG00000162772",-0.444152968209954,4.10203105054878,1.94940659440526,0.191092922446547,0.99988016650531
"ENSG00000067533",0.237407325809132,5.54364242914173,1.94676778302926,0.191369341520737,0.99988016650531
"ENSG00000101916",-0.540845070752816,3.48831327565019,1.94655519254743,0.191392585846293,0.99988016650531
"ENSG00000159063",0.239558502757979,5.39521006862388,1.94620196877969,0.191428792616424,0.99988016650531
"ENSG00000148719",-0.266717855503351,5.11964844163346,1.94567681430223,0.19148400778917,0.99988016650531
"ENSG00000174446",-0.265872226038048,4.14252493599167,1.94422366955303,0.191637348328608,0.99988016650531
"ENSG00000144635",-0.266735078727709,5.33013574375728,1.94405721323556,0.191654350912196,0.99988016650531
"ENSG00000213676",-0.323509080805827,3.98765069967107,1.94360629723897,0.191702426994907,0.99988016650531
"ENSG00000149970",-0.301824038731955,3.66562633843121,1.94355460540902,0.191708143015067,0.99988016650531
"ENSG00000118113",1.17915691473866,0.0828028564482238,1.94365653054163,0.191840068709014,0.99988016650531
"ENSG00000133597",1.01008591018785,0.40152419919957,1.94240598271859,0.191959977085108,0.99988016650531
"ENSG00000271841",-0.819935172078332,0.41721913171875,1.94195940821699,0.19204818064768,0.99988016650531
"ENSG00000278970",-0.255365466461849,4.08889135440065,1.9399585898935,0.192086869223248,0.99988016650531
"ENSG00000126860",-0.961384578369382,0.962638421939238,1.94042959548564,0.192089516141135,0.99988016650531
"ENSG00000130816",0.223751125595934,7.4029663250734,1.93883232223838,0.192205256440221,0.99988016650531
"ENSG00000083312",-0.323063534827554,7.51120415787642,1.93823831134631,0.192268023359054,0.99988016650531
"ENSG00000101336",-0.273267120098447,9.02730020246096,1.9381890175677,0.19227323159222,0.99988016650531
"ENSG00000119927",0.553164548485333,1.99764456917347,1.93821596723447,0.1922760197842,0.99988016650531
"ENSG00000291144",-0.32464325353329,3.38616758308164,1.93777107553609,0.192318755722832,0.99988016650531
"ENSG00000182325",0.444419639638992,3.14187694514136,1.9377670069096,0.192319557091955,0.99988016650531
"ENSG00000153291",0.636844104030792,1.15488251859958,1.93756654087437,0.192354073793557,0.99988016650531
"ENSG00000099194",0.305662691862298,6.03204081536617,1.93694472725996,0.192404817762743,0.99988016650531
"ENSG00000188352",0.229495614193091,5.61848709274527,1.9367496851042,0.192425465026255,0.99988016650531
"ENSG00000014824",-0.210170805563758,6.03464051122635,1.9366408451001,0.192436969045362,0.99988016650531
"ENSG00000271856",1.20701479201165,0.487004486070021,1.9364663246737,0.192519603014316,0.99988016650531
"ENSG00000196189",-0.249164938002394,7.53095582318558,1.93538005163277,0.192570422846083,0.99988016650531
"ENSG00000287691",-0.467607779351983,2.8603603072212,1.93456891640248,0.192658424673198,0.99988016650531
"ENSG00000164867",0.924677318381132,1.36268105034568,1.93406335140491,0.192724907842863,0.99988016650531
"ENSG00000226791",0.687003616103804,3.77230642212814,1.93348787780791,0.192771621786903,0.99988016650531
"ENSG00000147536",0.323410235210517,4.54645036583776,1.93239142834412,0.192887672818624,0.99988016650531
"ENSG00000178425",-0.355652446960548,6.4389917049907,1.93231064375313,0.192895862477478,0.99988016650531
"ENSG00000163516",0.301119919943178,3.4930351889193,1.9320535170793,0.192924193867478,0.99988016650531
"ENSG00000160284",0.443020631007189,3.21700545043052,1.93119554887584,0.193015744280112,0.99988016650531
"ENSG00000235903",0.590059345823868,4.05272352986894,1.93075602905327,0.193061569309872,0.99988016650531
"ENSG00000256235",-0.230869972999001,5.07472728863208,1.93034957963084,0.193104206811659,0.99988016650531
"ENSG00000279141",1.37389501957738,1.32761740285099,1.93046997274206,0.193105026422505,0.99988016650531
"ENSG00000089159",0.345870785614095,5.77755155627023,1.92975167220438,0.193167740633003,0.99988016650531
"ENSG00000171241",0.240275219362852,4.61518031955795,1.9291041533191,0.193237032153433,0.99988016650531
"ENSG00000099246",-0.215528292088557,5.55954191479108,1.92754823213833,0.193402247404458,0.99988016650531
"ENSG00000258384",2.19820946496672,-0.0624690919994682,1.92942964453796,0.193439794550828,0.99988016650531
"ENSG00000230185",0.530230850776296,2.32821997639917,1.92518270860767,0.19365818356204,0.99988016650531
"ENSG00000167123",0.607380232439629,2.7770055416051,1.92502236917418,0.193674171573534,0.99988016650531
"ENSG00000169221",0.266103425989293,4.72856712574274,1.9245544275405,0.193721835588981,0.99988016650531
"ENSG00000130940",-0.495860579676154,1.80332122608123,1.92421659658984,0.193767015466706,0.99988016650531
"ENSG00000198843",-0.302070992280464,6.32217868095523,1.92335759990247,0.193849240842121,0.99988016650531
"ENSG00000266049",0.444311013611639,3.40006642140628,1.92277051635034,0.193913025630693,0.99988016650531
"ENSG00000177663",0.243037779839432,6.96690006876705,1.9213498987744,0.194063875238275,0.99988016650531
"ENSG00000259327",1.39929985162121,0.0923807659536752,1.9220296084416,0.194200286785238,0.99988016650531
"ENSG00000003402",-0.391659977225681,7.50609873838075,1.91992107872314,0.194216816441193,0.99988016650531
"ENSG00000135077",-0.465789842797777,2.00888952929347,1.91945929173923,0.194272548828079,0.99988016650531
"ENSG00000175857",-0.238133489197848,7.10241502025815,1.91912949277363,0.194301618794716,0.99988016650531
"ENSG00000231185",0.622766531731456,2.42619434663028,1.91869921837573,0.194351052402933,0.99988016650531
"ENSG00000181072",0.768726985352571,0.434492486118213,1.91966667995576,0.194420614053692,0.99988016650531
"ENSG00000258123",-0.636426427538986,1.22507598135913,1.91792176282693,0.194453761711931,0.99988016650531
"ENSG00000302221",-0.838664552935393,0.656597517692385,1.91806970907564,0.194512021007578,0.99988016650531
"ENSG00000157343",-0.918206375408,0.525783421426223,1.91725577530836,0.194580942505203,0.99988016650531
"ENSG00000101343",-0.314998230723119,3.67102709678801,1.91607871637763,0.194629784193961,0.99988016650531
"ENSG00000258365",1.23419432829729,0.085255905416172,1.91723654335691,0.194671094139939,0.99988016650531
"ENSG00000290864",1.00427633762539,0.906650617495701,1.91573028839156,0.194729936960294,0.99988016650531
"ENSG00000118523",0.631460813101927,1.81079061865737,1.91492303663034,0.194761783275748,0.99988016650531
"ENSG00000134452",-0.212124327892283,5.24111979209938,1.91406429299441,0.19484543518636,0.99988016650531
"ENSG00000108679",-0.369441167110833,4.26655986219608,1.91388116451741,0.194865578389479,0.99988016650531
"ENSG00000257256",1.7496849687548,-0.2550525567477,1.91548447241589,0.194957919025442,0.99988016650531
"ENSG00000124721",1.0458768238935,0.728299580128716,1.91347990153642,0.194959410197031,0.99988016650531
"ENSG00000142207",0.258658591693131,5.11463541166795,1.91281667422891,0.194979688362186,0.99988016650531
"ENSG00000262678",-0.894930277841392,0.810332877858548,1.91281117158611,0.195026313986185,0.99988016650531
"ENSG00000297670",1.00238777273872,0.160358576699731,1.91371491338177,0.195107501220908,0.99988016650531
"ENSG00000131459",-0.587753852332398,2.05525002382659,1.91112262442144,0.195167520504676,0.99988016650531
"ENSG00000162882",0.362745532464341,3.84269075852174,1.9108285508674,0.195194510505253,0.99988016650531
"ENSG00000295196",0.409406245909937,3.52347930390001,1.9098897058685,0.195296131870534,0.99988016650531
"ENSG00000134955",0.391202190120023,3.67634416115499,1.9096293932719,0.195323964379418,0.99988016650531
"ENSG00000232192",1.02892562312595,0.112555066498554,1.91093708502849,0.195355134830207,0.99988016650531
"ENSG00000134824",0.356474848212317,5.97412488746771,1.90917509482045,0.195372184265667,0.99988016650531
"ENSG00000118322",-0.886459026682045,0.340082563347095,1.91046128928753,0.195397045348223,0.99988016650531
"ENSG00000159259",0.349170206572271,4.03386788349367,1.90845751916357,0.195450320336523,0.99988016650531
"ENSG00000114861",-0.214673137850463,6.059906195297,1.9083643781985,0.195459716233842,0.99988016650531
"ENSG00000154328",0.551305125530973,2.1568673229425,1.90776126794717,0.195529607764471,0.99988016650531
"ENSG00000297797",-0.825653431872175,0.442112815445517,1.90753992431807,0.195651061760944,0.99988016650531
"ENSG00000231249",0.874546613407616,0.54941791051961,1.90591039434457,0.19577502022566,0.99988016650531
"ENSG00000251577",1.4805903742303,0.82218371563719,1.9060156680303,0.195780746910331,0.99988016650531
"ENSG00000100167",0.557313463948144,1.98464174440359,1.90521663159032,0.195807217349914,0.99988016650531
"ENSG00000091140",-0.220183341377826,6.02335960716947,1.90497516687912,0.195826192706804,0.99988016650531
"ENSG00000109929",-0.265328099307822,4.36259873253714,1.90373472816172,0.195961000155838,0.99988016650531
"ENSG00000142544",0.415852363908839,3.46445706184965,1.90322020975504,0.196017352407671,0.99988016650531
"ENSG00000289754",0.95135865871978,0.205361660271849,1.9043685446675,0.19605132418155,0.99988016650531
"ENSG00000135968",-0.247256832279634,5.7469889749403,1.90277932572963,0.19606411934555,0.99988016650531
"ENSG00000073849",0.245047483931529,6.06696767940905,1.90218236989266,0.196128856449515,0.99988016650531
"ENSG00000028839",-0.316230083450211,3.8878932850641,1.90125872646975,0.196229809772404,0.99988016650531
"ENSG00000029993",0.217362766298869,5.5528402705649,1.90090786813269,0.196267203384116,0.99988016650531
"ENSG00000297132",-0.551324565252348,1.23466284542025,1.90088585342532,0.196290812930913,0.99988016650531
"ENSG00000301305",-0.887577327641247,-0.033194463749117,1.89934242971804,0.196665378465115,0.99988016650531
"ENSG00000116183",0.512471502089647,2.10602357596928,1.89698843390082,0.196697836237276,0.99988016650531
"ENSG00000110446",-0.19645453353087,5.39588701712224,1.89631504361316,0.196766747731483,0.99988016650531
"ENSG00000231663",0.64286821726112,1.3640438574916,1.89541367442208,0.196881542594348,0.99988016650531
"ENSG00000231808",-0.279918361594911,5.50321786801483,1.89521072056786,0.196887108194821,0.99988016650531
"ENSG00000178764",-0.410927977787192,6.23844699586226,1.89386952385861,0.197033396648151,0.99988016650531
"ENSG00000131043",-0.217825079679881,4.92137538617626,1.89353594313769,0.197070131980478,0.99988016650531
"ENSG00000253901",-0.549251502952083,1.00249873551158,1.89363406621515,0.197088493034203,0.99988016650531
"ENSG00000293399",1.24929026031563,0.346579820508264,1.8944534044076,0.19709002190904,0.99988016650531
"ENSG00000162174",0.446631123351179,2.77034010476756,1.89262271296623,0.197172225194087,0.99988016650531
"ENSG00000087053",0.245853111161037,5.39162409172222,1.89257569444149,0.197174698905807,0.99988016650531
"ENSG00000278175",0.830799087931855,0.717717040765325,1.89277165469085,0.197201325040193,0.99988016650531
"ENSG00000301039",-1.08791278753635,0.315032855869713,1.89379539066564,0.197213795416216,0.99988016650531
"ENSG00000143162",-0.249848416628843,7.15632772559754,1.89096383401685,0.197350858673149,0.99988016650531
"ENSG00000083457",0.308116546123181,4.43797847908141,1.89093240383474,0.197354743562602,0.99988016650531
"ENSG00000289228",0.947906446508477,0.583323581145235,1.89062087589361,0.197451749594065,0.99988016650531
"ENSG00000175606",-0.244082616259514,6.03155136402476,1.88913308875839,0.197551239805119,0.99988016650531
"ENSG00000152213",-0.246365675535153,5.26558763930498,1.88908466644172,0.197556577087267,0.99988016650531
"ENSG00000287683",-0.648604091096385,1.60133621943052,1.88891224465311,0.197585941689421,0.99988016650531
"ENSG00000166130",0.226361086202939,5.58819044574223,1.88697380233483,0.197787921869728,0.99988016650531
"ENSG00000273002",1.0360021412044,0.276348687779186,1.88739978535357,0.19784811892056,0.99988016650531
"ENSG00000111875",-0.265165631659151,4.58852277236148,1.88616337156162,0.197877246050516,0.99988016650531
"ENSG00000116161",0.20963702682691,7.4212882774039,1.88546510654458,0.197953479802802,0.99988016650531
"ENSG00000004487",0.205222950421158,6.10739665338932,1.88544438717781,0.197955766625102,0.99988016650531
"ENSG00000243224",-0.992023067179708,0.985558192810152,1.88573452134849,0.197974250109778,0.99988016650531
"ENSG00000188981",-0.863169951830694,0.0769479073171516,1.88639643277035,0.198043757729828,0.99988016650531
"ENSG00000115216",-0.23075339508489,5.39198368506773,1.8841082861448,0.198102587847472,0.99988016650531
"ENSG00000110200",-0.246415589593783,4.83485362388168,1.88408117953707,0.19810593494198,0.99988016650531
"ENSG00000157404",0.568420953606701,2.55550969610228,1.88388355853339,0.198131594188182,0.99988016650531
"ENSG00000228495",0.973060554397441,1.74231347060801,1.8833245970886,0.198200928756977,0.99988016650531
"ENSG00000091262",0.279077059815144,4.04563909005817,1.8828471788329,0.198241810749405,0.99988016650531
"ENSG00000124091",0.738524426752006,1.17525207106488,1.88208682790382,0.198353717186947,0.99988016650531
"ENSG00000185669",0.60670585144632,2.49355251297105,1.88086984266797,0.198462326636198,0.99988016650531
"ENSG00000131788",0.280064534561361,4.31758696272105,1.88049051899904,0.198501208543178,0.99988016650531
"ENSG00000254682",0.882466078714105,0.31270974864172,1.88153598761897,0.198511355683446,0.99988016650531
"ENSG00000153363",-0.25628437822228,4.10078762088219,1.88015942491406,0.198537787784477,0.99988016650531
"ENSG00000107262",-0.23706968544064,6.98497574097453,1.87957604574048,0.198601569393059,0.99988016650531
"ENSG00000296416",-0.464711991581845,5.00205589478291,1.87929732845414,0.198632397388043,0.99988016650531
"ENSG00000178234",-0.208144672876413,5.32386336012239,1.87898376315852,0.198666939068293,0.99988016650531
"ENSG00000101189",0.355660944998438,4.3404159731778,1.87878776974765,0.198688999714624,0.99988016650531
"ENSG00000260803",-0.642317189331944,0.804215317859378,1.87910007481663,0.198707790939208,0.99988016650531
"ENSG00000214160",0.27991022908901,5.27105310307037,1.87848798624348,0.198721657789448,0.99988016650531
"ENSG00000145555",-0.233340068775727,5.58732340236797,1.87802081006556,0.198773209843393,0.99988016650531
"ENSG00000137449",-0.317699851026908,6.19877230358874,1.87773634973054,0.198804606405975,0.99988016650531
"ENSG00000108840",0.41406059794481,4.57575336630522,1.87708764086614,0.198876703123023,0.99988016650531
"ENSG00000136026",0.597796426531821,4.14864369097294,1.87630293383144,0.198963466686001,0.99988016650531
"ENSG00000242622",-0.381507628567851,2.80722657553613,1.874486921496,0.199165934718167,0.99988016650531
"ENSG00000156970",0.410612592099673,3.37514160300347,1.87438740280074,0.199176088990629,0.99988016650531
"ENSG00000254733",1.07446350252964,0.438359270718867,1.87508506205595,0.199224007705037,0.99988016650531
"ENSG00000172339",-0.27396468045111,4.23561431376806,1.87375249590775,0.199245671004775,0.99988016650531
"ENSG00000235837",0.620268269555307,1.70093057680282,1.87305001272558,0.199331833425811,0.99988016650531
"ENSG00000143612",-0.205421478053272,7.86296662657608,1.87276435103393,0.199354677274335,0.99988016650531
"ENSG00000297096",-0.709475835051474,1.02171407000172,1.87234307810697,0.199431917136001,0.99988016650531
"ENSG00000113734",-0.32346679206632,3.76194715717318,1.87197452767077,0.199443058478277,0.99988016650531
"ENSG00000151413",0.270559413460713,4.48425320563296,1.8718739142346,0.199453836271257,0.99988016650531
"ENSG00000112759",0.257532191639504,5.75301340676395,1.87001484483243,0.199659755402705,0.99988016650531
"ENSG00000148120",0.281491639098433,6.04013780302242,1.86987203584884,0.199675606146784,0.99988016650531
"ENSG00000127152",0.646626490215667,1.63802478438042,1.86983442046223,0.199689921102963,0.99988016650531
"ENSG00000269318",1.6430342083027,0.0580716878406098,1.87155401757699,0.199710504393665,0.99988016650531
"ENSG00000100697",-0.273290685833002,5.93024414545814,1.8690977065946,0.199761640024993,0.99988016650531
"ENSG00000154978",-0.363168001767376,8.70980102092038,1.86901206444169,0.199771141273477,0.99988016650531
"ENSG00000283977",0.574032378218184,2.61755253328033,1.86847266772818,0.199833567743179,0.99988016650531
"ENSG00000130787",0.624143336265799,1.61932443168103,1.86801642052874,0.19989279611216,0.99988016650531
"ENSG00000141076",0.246443688760738,4.93912205985177,1.86701357315171,0.199993655611077,0.99988016650531
"ENSG00000179431",-0.645229537956823,1.48667307638393,1.86630910457215,0.200085041705378,0.99988016650531
"ENSG00000137414",-0.518234344151544,2.30775515845482,1.86583848658588,0.20012873084184,0.99988016650531
"ENSG00000206561",0.749489846717897,0.933049450225299,1.8658987360958,0.200145517876325,0.99988016650531
"ENSG00000162733",0.653544659507035,1.44447884351693,1.86508923668171,0.200225048232496,0.99988016650531
"ENSG00000302979",-0.911712916472107,0.313090644439251,1.8660703428357,0.200281684470336,0.99988016650531
"ENSG00000125841",0.532847562150038,2.74635871434793,1.86352124501674,0.200384999344995,0.99988016650531
"ENSG00000303588",-0.522138739263792,3.02552593571699,1.86295036064462,0.200448007045608,0.99988016650531
"ENSG00000101911",0.209917176967937,5.11859112966808,1.86251014888599,0.200495653537372,0.99988016650531
"ENSG00000213366",0.361515366524232,3.07693780014657,1.86240369985369,0.200509240190898,0.99988016650531
"ENSG00000308033",0.920503875720127,0.800732064047619,1.863307864285,0.200511192342985,0.99988016650531
"ENSG00000139631",0.378285845053023,2.78564949793336,1.86233376223374,0.200517214643499,0.99988016650531
"ENSG00000069011",0.371509715794725,4.09295868250549,1.86116332823884,0.200646554045394,0.99988016650531
"ENSG00000177000",-0.230373533458012,4.87109266745126,1.86069910993777,0.200698199104876,0.99988016650531
"ENSG00000184675",0.541936154747043,1.48168221299922,1.85969679873869,0.200821318734811,0.99988016650531
"ENSG00000310517",-0.228495714702025,7.16313396815486,1.85949299724093,0.200832815874343,0.99988016650531
"ENSG00000249115",0.451432518448681,2.34886982304844,1.85924125571617,0.200865614597833,0.99988016650531
"ENSG00000115652",-0.206793198369759,7.52997628661781,1.85868677417063,0.200923074696179,0.99988016650531
"ENSG00000273174",-0.799639197324642,0.572185896321461,1.85918150687632,0.200952275094001,0.99988016650531
"ENSG00000236213",0.666734972011447,2.44346588340577,1.8580297732993,0.200999858639113,0.99988016650531
"ENSG00000134222",0.541232925813422,3.37550467709429,1.85761838108869,0.201044003575686,0.99988016650531
"ENSG00000109854",-0.236020498585775,4.84332794139938,1.85743464211257,0.201063719660737,0.99988016650531
"ENSG00000163810",-0.882106576715089,0.472690029395128,1.85808718540974,0.201150215300524,0.99988016650531
"ENSG00000290961",-0.514448752974665,3.37050387952844,1.85610630114178,0.201213423810918,0.99988016650531
"ENSG00000095015",-0.21499090477061,5.91437580159786,1.85563841041654,0.201264852477269,0.99988016650531
"ENSG00000136238",-0.219564182529462,9.47273688076903,1.85552629350229,0.201277418680092,0.99988016650531
"ENSG00000161243",1.30109376979254,0.696571628704178,1.85600845963392,0.201285424902308,0.99988016650531
"ENSG00000229044",0.753715785485172,0.456118000276666,1.85525233831592,0.201383935696676,0.99988016650531
"ENSG00000303828",0.575587756153717,1.74488192408497,1.85398153607795,0.201458438495592,0.99988016650531
"ENSG00000287603",0.771036259174769,1.50722781243966,1.85313790312521,0.201559978731111,0.99988016650531
"ENSG00000163344",-0.224350042728076,5.29100130826676,1.85125333652834,0.201757847421146,0.99988016650531
"ENSG00000182389",0.48395801870011,3.965372230735,1.84978384818135,0.20192413100252,0.99988016650531
"ENSG00000121898",1.16715127655854,0.204619942111272,1.85085089607731,0.201946476043056,0.99988016650531
"ENSG00000144749",-0.294112140754019,3.94566238745012,1.84957316678116,0.20194784295704,0.99988016650531
"ENSG00000117758",-0.215823877513345,6.39439882403166,1.84897871835819,0.202014151037597,0.99988016650531
"ENSG00000120697",-0.249776578578728,6.17593230757467,1.84861899470167,0.202054734209125,0.99988016650531
"ENSG00000306789",1.02201930153305,0.438431267674615,1.84833193037471,0.202180425062918,0.99988016650531
"ENSG00000112320",0.488041946794781,3.95536742545877,1.8475011338033,0.202181488284225,0.99988016650531
"ENSG00000088325",0.226299765368616,5.20711706423931,1.84615568875424,0.202332973697957,0.99988016650531
"ENSG00000154743",0.352504442283226,4.33951508749979,1.84584026346232,0.20236902352471,0.99988016650531
"ENSG00000056972",0.322890077909528,3.89012881981698,1.84500902567229,0.202463222178577,0.99988016650531
"ENSG00000171860",-0.259616927756843,5.71216365286719,1.84499586641228,0.202464048820559,0.99988016650531
"ENSG00000109265",-0.698708069608024,4.57711034463063,1.84468980392482,0.202499072657332,0.99988016650531
"ENSG00000196865",0.237124721961987,5.33087403397927,1.84417528183698,0.20255691963782,0.99988016650531
"ENSG00000113282",-0.251645168895298,6.64410971595226,1.84379061586442,0.202600434942779,0.99988016650531
"ENSG00000123444",-0.344488459252126,2.94067472686884,1.84297738559978,0.202694476894981,0.99988016650531
"ENSG00000150907",-0.561016162913184,2.35880089758577,1.84241659568183,0.202760168336982,0.99988016650531
"ENSG00000109062",0.51661331841123,3.3951730667702,1.84224687680058,0.202776864027252,0.99988016650531
"ENSG00000138592",-0.211210811374048,6.741131308078,1.8420029007128,0.202802976451268,0.99988016650531
"ENSG00000265415",1.19488946032134,0.146569537113702,1.84319566899098,0.202826407099837,0.99988016650531
"ENSG00000081177",0.407999781696475,3.12117649358851,1.83984224943389,0.203049630366945,0.99988016650531
"ENSG00000269821",0.300386666729961,4.73795154207377,1.83964124875854,0.203071315724737,0.99988016650531
"ENSG00000253154",0.656054800367918,3.46085718973293,1.83910302956607,0.203133526993841,0.99988016650531
"ENSG00000186812",0.354361518387776,3.84096879069636,1.83696440396247,0.203375940794223,0.99988016650531
"ENSG00000254538",0.573137005042583,3.02193696003896,1.83652541207156,0.203426883489707,0.99988016650531
"ENSG00000146386",-0.255754758668991,7.49662566249597,1.83596740890456,0.203488751389875,0.99988016650531
"ENSG00000162191",-0.253510683911317,5.70589640493058,1.8358729478036,0.203499530980111,0.99988016650531
"ENSG00000187733",0.99190816703168,0.156799542078722,1.83824093529951,0.20351231026615,0.99988016650531
"ENSG00000162878",0.800327240101815,1.34935134425063,1.83515532697591,0.203597900192103,0.99988016650531
"ENSG00000188997",-0.452016727554261,1.91589708401428,1.83456094580604,0.203655565656068,0.99988016650531
"ENSG00000185052",0.614443287209483,1.31089194752716,1.8341288450716,0.203713694227814,0.99988016650531
"ENSG00000293110",0.564056403262041,2.25442185946556,1.83368232156552,0.203752974889328,0.99988016650531
"ENSG00000100298",-0.586760961842478,2.01334401227414,1.8334538592402,0.203781372751587,0.99988016650531
"ENSG00000187244",-0.512148158946386,1.97760811130164,1.83337746921316,0.203790312270722,0.99988016650531
"ENSG00000169604",-0.375467895374465,5.75463154218312,1.8327762265364,0.20385260128029,0.99988016650531
"ENSG00000302959",-0.440099635799349,2.0941329997722,1.83195171367102,0.203952116316025,0.99988016650531
"ENSG00000236065",-0.353680016379929,3.83159829793267,1.83151017546103,0.203997898324199,0.99988016650531
"ENSG00000166188",-0.435248823437164,3.11503152690083,1.83062838046058,0.204099493286731,0.99988016650531
"ENSG00000137710",-0.250575940997828,6.87499586966649,1.83043202813923,0.204120402017578,0.99988016650531
"ENSG00000167202",-0.257420137281606,5.44586193625817,1.83028216522589,0.204137564283482,0.99988016650531
"ENSG00000183617",-0.378007471092537,5.66280917248493,1.82931458601366,0.204248251959644,0.99988016650531
"ENSG00000152894",-0.291531319649481,7.72293005487457,1.8290403337113,0.20427961346282,0.99988016650531
"ENSG00000163389",-0.253071704077891,4.73772803126879,1.82896688369254,0.204288385708941,0.99988016650531
"ENSG00000073614",-0.219615779326062,5.90311366674953,1.82891980401212,0.204293425820025,0.99988016650531
"ENSG00000114646",0.647222680981654,1.33948933073717,1.82796447029369,0.204425690391439,0.99988016650531
"ENSG00000119401",0.377914228070127,3.03356790673813,1.82719645836239,0.204492549048941,0.99988016650531
"ENSG00000160256",-0.262528750859659,4.47445030469833,1.82710804040356,0.204501388298174,0.99988016650531
"ENSG00000223732",0.627516021611171,1.89888646613333,1.82655011715268,0.204571883752057,0.99988016650531
"ENSG00000172890",-0.209367583014806,5.05174570124439,1.82547762972208,0.204688038454439,0.99988016650531
"ENSG00000163755",-0.286918172987911,3.72200588077008,1.82544627936038,0.204692362623354,0.99988016650531
"ENSG00000245685",0.522565374538644,3.08216728453499,1.82477292369741,0.204770306903964,0.99988016650531
"ENSG00000068724",0.254039134056089,6.59549660900544,1.82410169249033,0.204845945065321,0.99988016650531
"ENSG00000172575",-0.27045405787101,4.72388952253508,1.8240356169354,0.204853846297687,0.99988016650531
"ENSG00000123609",-0.272465316813723,6.90380666534717,1.82375285845817,0.204886020925475,0.99988016650531
"ENSG00000122140",0.242914964479783,5.69137070859848,1.82363048061192,0.204900106190846,0.99988016650531
"ENSG00000163661",-0.33193618070727,4.6446453494383,1.82350153233173,0.204915299936923,0.99988016650531
"ENSG00000135473",-0.404690013073941,3.52176901935248,1.82274413522388,0.205003034972047,0.99988016650531
"ENSG00000188735",0.342490421263116,5.1426142320628,1.82197511522991,0.205090478409672,0.99988016650531
"ENSG00000224165",0.585108917454874,1.99911340888246,1.82199877338505,0.205093376290182,0.99988016650531
"ENSG00000136720",-0.332591538754902,3.83804746041458,1.82180631256865,0.205110629054901,0.99988016650531
"ENSG00000154162",0.523355984512883,1.80220253228718,1.82157011626214,0.205145425680869,0.99988016650531
"ENSG00000291078",0.758648953189331,1.78818908564625,1.82136227362561,0.205168623837105,0.99988016650531
"ENSG00000081721",-0.20263355783221,5.17627417011935,1.82109518270533,0.205191766622802,0.99988016650531
"ENSG00000296501",-0.621547055863187,1.45389210123703,1.82096512335831,0.205221893572709,0.99988016650531
"ENSG00000100321",1.38244385098094,1.62523895426773,1.82084695590783,0.205232920958057,0.99988016650531
"ENSG00000119231",0.204884609413012,5.93088629436852,1.82071837732174,0.205235121410569,0.99988016650531
"ENSG00000179348",0.633452820248184,2.14396588504971,1.82049699777973,0.205265963004437,0.99988016650531
"ENSG00000135900",-0.19973550534421,5.92214110804667,1.81877376962798,0.205459248824515,0.99988016650531
"ENSG00000186260",0.264253335387406,4.75759235270942,1.81857517357463,0.205482491967805,0.99988016650531
"ENSG00000215717",-0.224338161067908,5.45413663557277,1.81848252004082,0.205492856757437,0.99988016650531
"ENSG00000117500",-0.210219278553917,5.95859827625882,1.81827559748643,0.205516713518169,0.99988016650531
"ENSG00000177302",-0.348825927157664,3.63839254632396,1.81752091582802,0.205604655186841,0.99988016650531
"ENSG00000082781",0.68148988445853,2.73869430506799,1.81715310659218,0.205648745894583,0.99988016650531
"ENSG00000171346",-0.96640235782391,0.151138273893189,1.81674340467098,0.205738195647851,0.99988016650531
"ENSG00000284879",0.264355730858308,4.46987490827227,1.81503065920216,0.205891983212321,0.99988016650531
"ENSG00000075568",-0.225569724136966,6.1484180721979,1.81458911830321,0.205942635270886,0.99988016650531
"ENSG00000153786",-0.242078351317045,4.66052470040531,1.81389935534313,0.206022832915071,0.99988016650531
"ENSG00000299367",0.987485278319154,0.201442123286614,1.81446145734117,0.206090024275305,0.99988016650531
"ENSG00000155254",0.199199880385482,5.95488717403614,1.81171116277512,0.206275963644231,0.99988016650531
"ENSG00000263366",0.729717426032458,0.922489964014506,1.81177868078835,0.206302025233148,0.99988016650531
"ENSG00000253374",0.858303655251036,0.702038508408531,1.81146143714066,0.20635951471624,0.99988016650531
"ENSG00000287370",0.728299860591727,1.91597373469139,1.81064014074257,0.20640767117004,0.99988016650531
"ENSG00000167508",-0.355689325701007,3.94048979594601,1.80889268486248,0.206603690874056,0.99988016650531
"ENSG00000196411",0.748488392531826,1.98803692100736,1.80892290435332,0.206606162954206,0.99988016650531
"ENSG00000223653",-0.524497536052031,3.76212222055827,1.80843762352357,0.206656656373183,0.99988016650531
"ENSG00000138600",-0.245372967236679,6.89138782260146,1.80751310048668,0.206763448707419,0.99988016650531
"ENSG00000271971",-0.60019195617765,1.66178193011817,1.80682843517437,0.206854182554846,0.99988016650531
"ENSG00000188807",0.350925337970693,3.92224648946132,1.80660307452432,0.206870094403308,0.99988016650531
"ENSG00000172936",-0.274509462112844,5.37717520626334,1.80610988875256,0.206926766110508,0.99988016650531
"ENSG00000247950",-0.481868224740518,1.77307812617353,1.80523072764709,0.207037829989395,0.99988016650531
"ENSG00000196705",0.282445385318425,5.32818369880782,1.80476632630899,0.20708327854292,0.99988016650531
"ENSG00000121621",0.471867792042454,2.81126143437957,1.80444689528183,0.207122661400808,0.99988016650531
"ENSG00000228878",0.677784619471758,1.86259459892225,1.80433802965769,0.207139554668093,0.99988016650531
"ENSG00000306126",1.78419343857269,0.249862139193537,1.80432272372187,0.207185003494082,0.99988016650531
"ENSG00000172465",-0.356639128970928,3.52245609316841,1.80379687486974,0.207197298464052,0.99988016650531
"ENSG00000003989",-0.286935422421038,4.20901889010339,1.80300243429424,0.207289414940393,0.99988016650531
"ENSG00000196396",-0.229581802037917,5.90288971883568,1.80155296321188,0.207458200768206,0.99988016650531
"ENSG00000238217",-0.442243862341489,2.68085135693318,1.80151565553015,0.207465554720097,0.99988016650531
"ENSG00000171617",-0.470052745684261,3.65636844355625,1.8012856245326,0.207490242776485,0.99988016650531
"ENSG00000106785",-0.276368503949052,7.05853836751547,1.80043739340544,0.2075885665419,0.99988016650531
"ENSG00000142102",-0.404314948514437,2.3073557181247,1.80034099373753,0.207603871559994,0.99988016650531
"ENSG00000277117",-0.341307775757805,2.82068445445493,1.80014830532417,0.207624375199146,0.99988016650531
"ENSG00000166780",0.513518278730311,3.9205462498366,1.80010580825553,0.207627884347349,0.99988016650531
"ENSG00000171224",-0.619715880615459,1.83615974786946,1.79944090127581,0.207713227775616,0.99988016650531
"ENSG00000136816",-0.232406730106729,4.53236143152236,1.79895768171753,0.207762083145407,0.99988016650531
"ENSG00000145220",0.207230807449691,5.80990386314934,1.79886023652509,0.207773094188828,0.99988016650531
"ENSG00000259865",-0.254351014432888,5.66255163256133,1.7988513057459,0.207774143142974,0.99988016650531
"ENSG00000070159",0.467222762960795,2.83096761743829,1.79886154591482,0.207774993240393,0.99988016650531
"ENSG00000138964",0.223497949559267,6.13569658970219,1.79872477637474,0.207788947178004,0.99988016650531
"ENSG00000293238",-0.373776354643914,3.60504400192348,1.79858467968337,0.207806223391062,0.99988016650531
"ENSG00000001630",-0.63411259338432,0.87924189130666,1.7960598916071,0.208137033590794,0.99988016650531
"ENSG00000083799",-0.248724120209668,5.82709406923491,1.79534801926918,0.208184764799422,0.99988016650531
"ENSG00000290560",0.269306775332425,4.25936452354328,1.79512850255866,0.208210994839949,0.99988016650531
"ENSG00000308650",0.700432616911543,1.89974002471003,1.79505081509375,0.208225861976247,0.99988016650531
"ENSG00000131697",0.400633724335582,3.79491715317446,1.79487122217175,0.20824148317577,0.99988016650531
"ENSG00000160767",0.254405131859765,4.45279795614639,1.79474841068547,0.208255596374849,0.99988016650531
"ENSG00000116044",-0.328828519946708,8.09845375132718,1.79470676972167,0.208260025522012,0.99988016650531
"ENSG00000227070",1.31634290781015,0.129354716588201,1.79570911642177,0.208303333412036,0.99988016650531
"ENSG00000289952",0.789961641347841,1.07797038765331,1.79418965026255,0.208344502806514,0.99988016650531
"ENSG00000142920",-0.399865431831927,2.78619036093633,1.79399001988564,0.208346631442138,0.99988016650531
"ENSG00000231925",-0.239955548316774,8.36105388109794,1.79373881471734,0.208373725116729,0.99988016650531
"ENSG00000230955",-0.880064457625051,0.222303178724971,1.79519509986366,0.208378820825186,0.99988016650531
"ENSG00000300321",-0.590494565008799,1.68651653134178,1.79312457345073,0.208456223470873,0.99988016650531
"ENSG00000297197",-0.575345637391754,1.97244218141315,1.79286391718423,0.20848275326374,0.99988016650531
"ENSG00000245848",0.354116969376244,7.38428023255994,1.79225442513201,0.208548249176237,0.99988016650531
"ENSG00000163491",0.40975442713687,2.81809892142686,1.79204765296376,0.208574776067604,0.99988016650531
"ENSG00000291233",-0.462861231653346,2.08416888934839,1.79125756381422,0.208670900792391,0.99988016650531
"ENSG00000126215",0.334225417994118,3.07977686712536,1.79105639198058,0.208690951395468,0.99988016650531
"ENSG00000196126",-0.248973178589695,6.82523066828045,1.79100254656489,0.208695587288607,0.99988016650531
"ENSG00000119771",0.421514591860152,2.83280064431624,1.79077550891338,0.208724076515706,0.99988016650531
"ENSG00000166224",-0.244704348044909,5.90309316982499,1.79040994700629,0.208765390833053,0.99988016650531
"ENSG00000174607",0.389237480164332,2.81136950155829,1.78943750743833,0.208882181025554,0.99988016650531
"ENSG00000302377",0.579224199509079,1.98627178233594,1.78925582391897,0.20890722547596,0.99988016650531
"ENSG00000205784",1.19688921667001,0.57798087737254,1.78981817671641,0.208921807915269,0.99988016650531
"ENSG00000177192",0.259711117560848,6.20751904949571,1.78729082458886,0.209133244654406,0.99988016650531
"ENSG00000091127",0.24585868091992,5.35532487485317,1.78710886961879,0.209154755326724,0.99988016650531
"ENSG00000255046",1.19625400927151,0.110364191346824,1.78835111988956,0.209163362040519,0.99988016650531
"ENSG00000258427",-0.309218831265253,3.15185740304664,1.78695491181456,0.20917441277212,0.99988016650531
"ENSG00000289145",-0.695980193293261,0.639875097323352,1.78668219051381,0.209286648619598,0.99988016650531
"ENSG00000139323",0.291055412291033,4.11415641791198,1.78460737137197,0.209450920641483,0.99988016650531
"ENSG00000253719",-0.208614120974221,5.39258541433598,1.7840053442232,0.209521678314893,0.99988016650531
"ENSG00000152620",0.349335109030364,3.66406712744232,1.78400430711329,0.209522746258,0.99988016650531
"ENSG00000119537",0.227554222597975,4.94430332100937,1.78246320778382,0.209704547705801,0.99988016650531
"ENSG00000167281",-0.653692797541299,1.06879675103748,1.78225377057102,0.209774510035147,0.99988016650531
"ENSG00000294805",0.914058347811764,1.06816002944759,1.78154024032621,0.209857798040777,0.99988016650531
"ENSG00000165929",0.681319458743229,1.16118390404958,1.77989210138136,0.210026622241262,0.99988016650531
"ENSG00000289502",0.655036603530637,1.30604903425412,1.77931429166582,0.210091712405696,0.99988016650531
"ENSG00000287292",1.12844891456286,0.0755488270098567,1.78070940890337,0.21009607019634,0.99988016650531
"ENSG00000272540",2.12756988833112,0.629498256489683,1.77937172574595,0.210105920127286,0.99988016650531
"ENSG00000166446",-0.261329396825574,4.02687876629002,1.77865617529942,0.210156632459364,0.99988016650531
"ENSG00000055332",-0.333095169603307,8.41324915176288,1.7781106473398,0.210220908380779,0.99988016650531
"ENSG00000288061",-0.711930088750634,1.59951335803498,1.77781470601089,0.210268172799487,0.99988016650531
"ENSG00000143882",-0.7783427517767,1.81360089479887,1.77750353195541,0.210309098560141,0.99988016650531
"ENSG00000104067",0.56699186208056,1.99767341774274,1.77739314383961,0.210312140595317,0.99988016650531
"ENSG00000013561",-0.220293324639445,4.69936498190982,1.7772394302119,0.21032491691761,0.99988016650531
"ENSG00000166444",0.478173560175495,2.64977722685556,1.77714685697665,0.210337676966139,0.99988016650531
"ENSG00000136156",-0.215476450529569,8.17541559688884,1.7768795528493,0.210367339517595,0.99988016650531
"ENSG00000155962",-0.405573329548347,2.73308392815686,1.77688953554598,0.210368386288502,0.99988016650531
"ENSG00000164306",0.327455662672433,3.95767697100581,1.77675251475273,0.210383113712209,0.99988016650531
"ENSG00000163359",1.08563662601163,2.12899402564274,1.77636181479933,0.210434667722947,0.99988016650531
"ENSG00000091640",-0.327845709093203,4.41429550889585,1.77486671295461,0.210607494793953,0.99988016650531
"ENSG00000184719",0.277741355933677,4.81591325245366,1.7748452482062,0.210609935156718,0.99988016650531
"ENSG00000112130",-0.272673650447521,4.7734844158315,1.77436364302715,0.210667407451432,0.99988016650531
"ENSG00000144711",0.45852939561552,4.398504045818,1.77423137641924,0.21068321542716,0.99988016650531
"ENSG00000228086",1.15777649282894,0.0891861378581507,1.77500274922004,0.210835901671257,0.99988016650531
"ENSG00000182108",-0.258359076677165,4.66332157052891,1.77289286082089,0.210842868288009,0.99988016650531
"ENSG00000099958",0.585051887329226,2.35130103480924,1.77272349404782,0.210866345740034,0.99988016650531
"ENSG00000258526",-0.26402155547574,4.15230140991859,1.77254420775797,0.210884560752421,0.99988016650531
"ENSG00000183621",0.230377410604124,6.76313897920057,1.77165987300817,0.210989698265151,0.99988016650531
"ENSG00000119333",0.291478781999889,3.87280204751532,1.7712925797887,0.211034442498943,0.99988016650531
"ENSG00000198502",-0.416846852363854,4.12946227369106,1.77075881323909,0.211097876051782,0.99988016650531
"ENSG00000166396",-0.729295366465007,1.08137109386989,1.77074009504036,0.211123052874299,0.99988016650531
"ENSG00000295635",0.895271046483914,0.555809063123449,1.77114579174042,0.211132618422185,0.99988016650531
"ENSG00000169291",1.12547670865703,0.252712201535863,1.77050619812126,0.211258989732776,0.99988016650531
"ENSG00000086061",-0.261719641702882,8.44007921682743,1.76711323625213,0.211533788147804,0.99988016650531
"ENSG00000163291",0.240378804655109,4.16796231984845,1.76697637135437,0.211550675732743,0.99988016650531
"ENSG00000183580",0.923158148347726,1.16036726316382,1.76692297895406,0.211578619310959,0.99988016650531
"ENSG00000136305",0.433090476977841,3.01697886328671,1.76644886748826,0.211615338479129,0.99988016650531
"ENSG00000185245",-0.572117637238956,1.6719378023567,1.76599137156356,0.21167838054284,0.99988016650531
"ENSG00000149179",0.24397927903914,5.45520895358136,1.76576707768735,0.211695271870178,0.99988016650531
"ENSG00000267772",0.721754893364342,0.669612438450665,1.76549359439173,0.211774172098004,0.99988016650531
"ENSG00000121104",-0.312984229846881,5.0748010833734,1.76404237825998,0.211902454608031,0.99988016650531
"ENSG00000151611",-0.414330858940313,2.56799652168297,1.76400172984687,0.211909962544675,0.99988016650531
"ENSG00000168517",-0.556408125883202,1.4089931281132,1.76370729015143,0.211962328618425,0.99988016650531
"ENSG00000198785",-0.672033941369817,1.02005961795929,1.76326756034885,0.212025021669189,0.99988016650531
"ENSG00000291150",0.646363405177472,1.22773443252526,1.76252210710206,0.212103550446005,0.99988016650531
"ENSG00000137575",-0.234868095247648,9.24454885589419,1.76233964743345,0.21210704898605,0.99988016650531
"ENSG00000290812",0.477905641656771,2.8219662506553,1.76134220838588,0.212229296649759,0.99988016650531
"ENSG00000139977",-0.27226471596749,4.14014309432969,1.76047113540344,0.212332514130667,0.99988016650531
"ENSG00000149308",0.290844211901912,4.32920521515911,1.75982300442412,0.212410573358023,0.99988016650531
"ENSG00000280106",0.802923601848656,0.563138841135768,1.76019445872445,0.212433036875214,0.99988016650531
"ENSG00000072135",0.321115471737099,4.14520659475051,1.75907616218427,0.21250079742892,0.99988016650531
"ENSG00000161682",1.25024095210631,0.375596012781798,1.75967057181603,0.212544439617217,0.99988016650531
"ENSG00000131115",-0.34065964792831,3.62033242478781,1.75867471869397,0.212549461609403,0.99988016650531
"ENSG00000171443",-0.401029034603744,3.13236491973826,1.75858935419993,0.212560533634719,0.99988016650531
"ENSG00000156463",0.829686592612008,0.467676051117068,1.75904205049943,0.212577662959838,0.99988016650531
"ENSG00000184979",-0.454780371588868,4.5133319081692,1.7583664844334,0.212586181381711,0.99988016650531
"ENSG00000127824",0.582725977126903,3.85690632292651,1.75831119917612,0.212593356963411,0.99988016650531
"ENSG00000143870",-0.257844877164348,8.58638677087492,1.75809118048478,0.212618984283137,0.99988016650531
"ENSG00000165449",0.382384602716395,3.39744061619696,1.75782556627469,0.212652108526789,0.99988016650531
"ENSG00000170291",0.276791261947552,4.37137201671298,1.75738475468449,0.212704728889446,0.99988016650531
"ENSG00000119899",-0.260423832322138,5.09688797727147,1.7572542869138,0.212720208551924,0.99988016650531
"ENSG00000227082",-0.287124120785945,6.01806274135542,1.75517623679463,0.212971193991588,0.99988016650531
"ENSG00000066027",0.258823509039866,5.13302728972853,1.75509423261113,0.212981151681142,0.99988016650531
"ENSG00000253840",0.852084071714018,0.425337250363935,1.75458672428016,0.21310824982399,0.99988016650531
"ENSG00000266389",-0.742836813766484,0.881174196783674,1.75397211492337,0.213147658575212,0.99988016650531
"ENSG00000112276",-0.391677599932933,3.14229999175491,1.75205986871762,0.213349987134536,0.99988016650531
"ENSG00000242290",0.837672516142509,0.376525611456885,1.75270977530324,0.213420586745875,0.99988016650531
"ENSG00000092445",0.849560319776676,1.721634385009,1.75130446150951,0.213452599962205,0.99988016650531
"ENSG00000108671",-0.20151660665828,7.23314121674918,1.75101729809193,0.213475027703159,0.99988016650531
"ENSG00000242588",-0.220697705267657,5.61823821503462,1.74962864817737,0.213643634561968,0.99988016650531
"ENSG00000136936",-0.263519156227844,4.2965045125999,1.74932766116954,0.213680648980499,0.99988016650531
"ENSG00000068489",-0.404585879998902,2.98654415457411,1.74918822051217,0.213698865697647,0.99988016650531
"ENSG00000112379",0.825042625035689,1.53489998194854,1.74770638074615,0.213886860275271,0.99988016650531
"ENSG00000104043",0.242010990817017,8.99342945419026,1.74745176499264,0.213908241872597,0.99988016650531
"ENSG00000066651",0.225366156716419,5.67909002121037,1.74743798307927,0.213909941515541,0.99988016650531
"ENSG00000000938",0.220863327382457,4.62374999455636,1.74721895084326,0.213936917338748,0.99988016650531
"ENSG00000148798",-0.654351357696344,1.12792040542498,1.7466408423847,0.214036319603809,0.99988016650531
"ENSG00000138670",-0.313545209289448,7.29947438397445,1.7450721396978,0.214198022373827,0.99988016650531
"ENSG00000226889",-0.745434650071911,1.00127070111686,1.74389232344876,0.214378557901427,0.99988016650531
"ENSG00000285517",1.00566035716902,1.08329060050015,1.74333499666983,0.21442970461033,0.99988016650531
"ENSG00000272476",-0.826050094470103,0.387052349985162,1.743581238191,0.214557505474542,0.99988016650531
"ENSG00000254087",-0.295088335352736,10.1847447547854,1.74184976100302,0.21459125550645,0.99988016650531
"ENSG00000130559",0.228699879263066,4.72316261874192,1.74024825968507,0.214787412940597,0.99988016650531
"ENSG00000123091",-0.19432690673467,6.32893572351419,1.74010547652214,0.214804525733098,0.99988016650531
"ENSG00000144837",-1.11303207824513,0.863823129304182,1.73960833462639,0.214922085355049,0.99988016650531
"ENSG00000135424",0.711019191236648,1.79732898017936,1.73808729973036,0.215060891882152,0.99988016650531
"ENSG00000121807",0.324060972940637,5.3380308943431,1.73787124191678,0.215078236491439,0.99988016650531
"ENSG00000115750",-0.303463382276539,4.9936030174589,1.73766244160487,0.215103869176735,0.99988016650531
"ENSG00000179044",-0.765193435823457,0.313562787966979,1.73821704196278,0.215186468758411,0.99988016650531
"ENSG00000255302",-0.197767472003041,7.35688321245329,1.73691285666095,0.215195586656024,0.99988016650531
"ENSG00000099991",0.218263764085762,5.18282860857718,1.73655039503873,0.215240093632443,0.99988016650531
"ENSG00000122958",-0.196648215242102,5.89848310711691,1.73614359941481,0.215289971034976,0.99988016650531
"ENSG00000145331",-0.314351349467859,3.35815572509712,1.73584328517224,0.215328108964858,0.99988016650531
"ENSG00000143179",0.234094199225583,5.72673188496531,1.73553960830379,0.215364109769035,0.99988016650531
"ENSG00000146021",0.670297477958332,1.35116671481775,1.73562266037594,0.215367435895295,0.99988016650531
"ENSG00000005339",-0.281826171162677,6.68498915200616,1.73429128807849,0.215517417745088,0.99988016650531
"ENSG00000162885",0.198901937552447,6.4304869823291,1.73422622994298,0.215525415997979,0.99988016650531
"ENSG00000067057",0.328108788538152,4.32196876630956,1.7336833127975,0.215592592406226,0.99988016650531
"ENSG00000183723",0.2661343531049,4.70529750580582,1.73363312504788,0.215598710841069,0.99988016650531
"ENSG00000137822",0.212813450467211,4.84293821158969,1.73308912977478,0.215665481436092,0.99988016650531
"ENSG00000124207",0.218996903788793,6.36353921941557,1.73268533716556,0.215714887917706,0.99988016650531
"ENSG00000091129",-0.572950128200026,2.56020668441232,1.73258585607648,0.215729881096232,0.99988016650531
"ENSG00000073737",0.312371739181358,4.6476828465004,1.73231027439508,0.215762539767243,0.99988016650531
"ENSG00000262533",0.852195371471162,0.538234952828959,1.7320151174446,0.215875923941922,0.99988016650531
"ENSG00000227598",0.257389584073894,4.44201731471216,1.73105393204606,0.215916183970182,0.99988016650531
"ENSG00000177369",0.392464190849275,3.3290380948379,1.73095840272857,0.215928770006105,0.99988016650531
"ENSG00000308468",1.17635414096372,0.0118112049670725,1.7325804930481,0.215942207761092,0.99988016650531
"ENSG00000010810",0.291966692777654,4.71078401182017,1.7299553112853,0.216051473370918,0.99988016650531
"ENSG00000135127",0.513812711788983,2.44137397367325,1.72960406487004,0.21609758000484,0.99988016650531
"ENSG00000138709",0.239726177120235,6.45567345346178,1.72815962388872,0.216272657293071,0.99988016650531
"ENSG00000161091",-0.219483568112357,6.3739467835076,1.72722611114708,0.216387948214257,0.99988016650531
"ENSG00000105928",0.676973497946079,1.07598162757148,1.72722671482741,0.216415546699816,0.99988016650531
"ENSG00000161791",-0.30422268281024,5.70711894781882,1.72651233360899,0.216476166704583,0.99988016650531
"ENSG00000230897",-0.563928651548728,1.23696094278034,1.72582331445746,0.216585025885664,0.99988016650531
"ENSG00000132510",-0.382594946723008,5.13619654555693,1.72539099707423,0.216614867153641,0.99988016650531
"ENSG00000169220",0.532728286793725,3.52003062688789,1.72488301707689,0.216678673101086,0.99988016650531
"ENSG00000134243",0.579301447656472,2.11173480829962,1.72448830604167,0.216732214117526,0.99988016650531
"ENSG00000154079",-0.266973726854522,4.49624947523926,1.72432241676756,0.216747517729915,0.99988016650531
"ENSG00000135549",-0.281820753524993,6.85570269216156,1.72411039936137,0.216773329425266,0.99988016650531
"ENSG00000257913",1.04813539769414,0.630357916341567,1.72491527100526,0.216774702301769,0.99988016650531
"ENSG00000116525",-0.373131346752994,2.54031460665091,1.72296091855635,0.216918710829961,0.99988016650531
"ENSG00000272625",-0.567103059587856,2.46911678138021,1.72257658419956,0.216966330570963,0.99988016650531
"ENSG00000186907",-0.313621953167358,3.42292375206106,1.72251806889812,0.216971620773747,0.99988016650531
"ENSG00000135617",0.405307178404774,2.67669871861933,1.72252905517823,0.216972332961212,0.99988016650531
"ENSG00000168036",-0.183784200467799,7.14869808592851,1.72245653359201,0.216978267860326,0.99988016650531
"ENSG00000136451",-0.244559142068594,4.5663620536837,1.72130393655448,0.217121665744374,0.99988016650531
"ENSG00000282804",-0.628521958218792,0.835860723771322,1.72145156699998,0.217136038990401,0.99988016650531
"ENSG00000142444",-0.23554506971019,4.67458098151568,1.72103328890643,0.217155246069396,0.99988016650531
"ENSG00000168092",-0.259486034860676,6.26274475363891,1.72099779593387,0.217159250350946,0.99988016650531
"ENSG00000279392",-0.25723456074689,4.21490595587775,1.72058782813624,0.217210633302424,0.99988016650531
"ENSG00000307217",0.693676550191396,1.25015361704343,1.7200571804458,0.217299390806997,0.99988016650531
"ENSG00000198121",0.244002323538986,4.66414258275427,1.71923822260831,0.217378170798891,0.99988016650531
"ENSG00000156535",0.497189400857516,3.29425108704565,1.71861551083574,0.217456335314782,0.99988016650531
"ENSG00000164647",1.24381510270284,0.537997145750355,1.71913915182545,0.217458534915653,0.99988016650531
"ENSG00000163945",0.285180412458263,3.70029317130461,1.71843350864614,0.217478645657182,0.99988016650531
"ENSG00000124942",0.207446111402611,7.17741030025317,1.71741643986501,0.217604408058868,0.99988016650531
"ENSG00000224660",0.536688878387449,2.36499302699207,1.7166631170903,0.217701917343704,0.99988016650531
"ENSG00000278367",5.05947127240518,-0.589164058533745,1.76817806662814,0.217701941515271,0.99988016650531
"ENSG00000105258",0.247282004636599,5.12329506702239,1.71606939531059,0.21777234651965,0.99988016650531
"ENSG00000154380",0.485107565720063,3.55786111535632,1.71568039709424,0.217821501125295,0.99988016650531
"ENSG00000140575",-0.242852356307333,7.79778017936963,1.71505670155809,0.217898388572823,0.99988016650531
"ENSG00000232130",-0.517888827163651,1.45759938665247,1.71502552915254,0.217917027341843,0.99988016650531
"ENSG00000168615",-0.191246050055388,5.56046518136704,1.71471172672791,0.217941434474026,0.99988016650531
"ENSG00000039560",-0.236665012422527,4.80755861872961,1.71451498482792,0.217966268491408,0.99988016650531
"ENSG00000063046",0.206890087614763,6.9719570872725,1.71440220371801,0.217980024468651,0.99988016650531
"ENSG00000100225",-0.202794146552992,6.09742385013176,1.71206365015524,0.218272045330144,0.99988016650531
"ENSG00000304757",0.855632369041724,1.01002094975815,1.71207819187134,0.21829642961198,0.99988016650531
"ENSG00000142230",0.1894578321794,6.45757832558443,1.71161312475317,0.218328355790546,0.99988016650531
"ENSG00000165801",0.396096150560039,2.90844794576238,1.71150674162915,0.218343464346094,0.99988016650531
"ENSG00000162614",-0.383598456076003,3.30431927506765,1.71102972622327,0.218402566835246,0.99988016650531
"ENSG00000101680",1.37117153166996,0.227901564008352,1.7118279203639,0.218441936178759,0.99988016650531
"ENSG00000164308",-0.319508893798951,3.79316706777636,1.71050618164134,0.218467536120214,0.99988016650531
"ENSG00000120278",-0.343889672009492,2.80646362872201,1.70882264560171,0.218679761328545,0.99988016650531
"ENSG00000259642",-0.502764097625798,1.53620311596852,1.70883332236223,0.218688406306776,0.99988016650531
"ENSG00000249240",-0.255040958121149,4.0613699787449,1.70778146174619,0.218808605228194,0.99988016650531
"ENSG00000132680",0.194686730923631,5.75978690662345,1.70723701444104,0.218876396358399,0.99988016650531
"ENSG00000253557",-0.934598655314516,0.188582197196357,1.70884699040666,0.218881580443077,0.99988016650531
"ENSG00000136603",-0.224567643066107,6.98962516908692,1.70718514680451,0.218882885690579,0.99988016650531
"ENSG00000004139",0.717252778073232,0.883000669373974,1.70715533658639,0.218913308100042,0.99988016650531
"ENSG00000078674",0.253842946090081,7.16780895927425,1.70569970374601,0.219069334389265,0.99988016650531
"ENSG00000102103",-0.22967048975461,5.72706057779755,1.7055834344135,0.219083957702088,0.99988016650531
"ENSG00000228063",0.941323303435547,1.3235082596743,1.70554584703467,0.219103166519255,0.99988016650531
"ENSG00000198060",-0.209087552694822,5.34814146128266,1.70457813263411,0.219210286229906,0.99988016650531
"ENSG00000104951",-0.258361683090826,8.04029828111243,1.70434028173906,0.219240148935335,0.99988016650531
"ENSG00000266913",-0.592804210104886,0.983168254836661,1.70430282185759,0.219276850462947,0.99988016650531
"ENSG00000071054",-0.27080682266825,7.4427619070516,1.70166534294106,0.219576786019524,0.99988016650531
"ENSG00000103540",0.24787438232227,4.55363605898709,1.70128537466792,0.219625089257151,0.99988016650531
"ENSG00000171169",0.337278467154215,3.61226861858688,1.70109096043362,0.219650021044851,0.99988016650531
"ENSG00000203943",0.974147267872175,0.357128054415686,1.70268851459906,0.219658748340917,0.99988016650531
"ENSG00000302365",0.661951477216793,0.751925158908306,1.70150392657925,0.219662054156513,0.99988016650531
"ENSG00000294697",0.92735489224575,0.355698580814425,1.70121004061987,0.219721213330511,0.99988016650531
"ENSG00000215021",0.22764584462361,6.21275580195166,1.70027553422516,0.219751973881925,0.99988016650531
"ENSG00000078043",0.23342598824109,5.16165016541596,1.69981978669866,0.21980949455768,0.99988016650531
"ENSG00000198160",0.189114405057538,6.24324201697519,1.6996855925689,0.21982638632745,0.99988016650531
"ENSG00000127946",0.349312050166099,5.72523817660145,1.69956680000637,0.219841383876531,0.99988016650531
"ENSG00000132581",-0.222094128158856,5.03906669937531,1.69941390810123,0.219860876554863,0.99988016650531
"ENSG00000169371",0.356332287063885,2.88418182551248,1.6989429076831,0.219921882166133,0.99988016650531
"ENSG00000104671",-0.253828942759759,5.37936587802855,1.69864563518102,0.219957674905172,0.99988016650531
"ENSG00000215417",-0.285268837214703,5.13311882958369,1.6978761246913,0.220054916452932,0.99988016650531
"ENSG00000274422",0.52635786211281,2.46306640391751,1.69703137791667,0.220165121620483,0.99988016650531
"ENSG00000152377",0.844163788413447,4.12629705706204,1.6963269962913,0.220251139040228,0.99988016650531
"ENSG00000213139",0.806490002638346,0.552297932719202,1.69673021141132,0.220287083330988,0.99988016650531
"ENSG00000259635",0.954681058886994,0.0651856522276394,1.69763507941136,0.22029951399053,0.99988016650531
"ENSG00000182534",0.525096399983165,3.77046445037565,1.69582258802763,0.22031522120664,0.99988016650531
"ENSG00000278903",0.441289753390387,2.62627425308257,1.69537594803538,0.220374173066694,0.99988016650531
"ENSG00000186364",0.564834585376744,1.9164322448564,1.69538501991934,0.220376783325547,0.99988016650531
"ENSG00000215712",0.328447823022355,3.60933753309205,1.69526526256197,0.220385902545085,0.99988016650531
"ENSG00000170417",0.387201183487035,3.17127962416924,1.69496389584932,0.220424533883807,0.99988016650531
"ENSG00000105229",-0.195626228446139,5.33911519704003,1.69439986796915,0.220494656959287,0.99988016650531
"ENSG00000135951",0.489624841339799,2.30659149318439,1.69379869400169,0.220574535594038,0.99988016650531
"ENSG00000164733",-0.264304351715696,8.26628948430703,1.69293092465507,0.220680809349092,0.99988016650531
"ENSG00000071553",-0.228806969417738,7.381763409135,1.69245710623094,0.220740912961783,0.99988016650531
"ENSG00000139190",-0.6474277089898,0.629692446523981,1.69297758667043,0.220757457333244,0.99988016650531
"ENSG00000108312",0.225390093103517,6.08089610760818,1.69105756395188,0.220918578865409,0.99988016650531
"ENSG00000122218",-0.18312274907476,7.15457774147165,1.69053701517018,0.220984693624967,0.99988016650531
"ENSG00000259124",0.801344283456036,0.95103771030335,1.69069012314649,0.220995227176346,0.99988016650531
"ENSG00000136383",0.43240561837216,3.22448850848668,1.69008230522018,0.221043820380619,0.99988016650531
"ENSG00000127870",-0.229463930204318,4.37269097889581,1.68982515103092,0.221075618286614,0.99988016650531
"ENSG00000287422",-0.713687732678756,0.498293579927318,1.68925658138681,0.221254931089282,0.99988016650531
"ENSG00000131848",0.248463036823197,4.46273689829432,1.68835555499625,0.221262537522926,0.99988016650531
"ENSG00000076555",0.611395944499778,2.82880090353049,1.68828404249275,0.221273892055014,0.99988016650531
"ENSG00000260196",0.413185975073043,2.87838554046796,1.68812811050077,0.221293099021895,0.99988016650531
"ENSG00000093072",-0.289356447904292,4.62082295005309,1.68782425454803,0.221330125655279,0.99988016650531
"ENSG00000300558",-0.551874347368655,1.16084872841218,1.6872059639514,0.221433806002772,0.99988016650531
"ENSG00000296802",0.289490741857985,3.48679870946615,1.68531395115862,0.221650611203642,0.99988016650531
"ENSG00000187239",-0.227720626242361,6.81790286103231,1.68429491780788,0.221779697033629,0.99988016650531
"ENSG00000288012",-0.676993870554056,0.497678976067784,1.68430395969337,0.221885152077174,0.99988016650531
"ENSG00000119900",-0.185662130741586,7.57868807944714,1.68268311951776,0.221985595356456,0.99988016650531
"ENSG00000107779",0.282626788721217,4.60845582213583,1.68205885819993,0.222065779809801,0.99988016650531
"ENSG00000172817",-0.236377095722948,5.33560806749095,1.68194527288555,0.222079970741828,0.99988016650531
"ENSG00000088448",-0.208823539142709,5.73670114154625,1.68130556021469,0.222161795611141,0.99988016650531
"ENSG00000165555",-0.37967424884264,2.60429586442823,1.68099629070418,0.222203996177638,0.99988016650531
"ENSG00000299264",0.381725628539448,3.58137634862447,1.68094211827491,0.222209156036344,0.99988016650531
"ENSG00000106351",0.375423864012412,2.73490152539935,1.67909812134246,0.222447097975664,0.99988016650531
"ENSG00000282988",-0.782974236689733,-0.152648463050318,1.6803824817138,0.222462852944447,0.99988016650531
"ENSG00000017797",-0.19219800291167,6.25779405460898,1.67878698844173,0.222484377412768,0.99988016650531
"ENSG00000113658",0.203477689843696,5.3485741504532,1.67780389128469,0.222610495845222,0.99988016650531
"ENSG00000225526",1.01978638994643,0.4511825545611,1.67810185376087,0.222679891850646,0.99988016650531
"ENSG00000272688",0.427223854119658,2.16926779797061,1.67628649166309,0.2228100252651,0.99988016650531
"ENSG00000135631",0.60870569725617,1.47849286912002,1.67631896279922,0.22281385507468,0.99988016650531
"ENSG00000234956",-0.507185034277112,1.32039528852684,1.67543408813136,0.222930637874144,0.99988016650531
"ENSG00000293411",1.01959053709124,0.627976874745134,1.67574794185109,0.222931682656983,0.99988016650531
"ENSG00000198648",0.211446508284846,4.96570005088272,1.67480416088062,0.222996011241085,0.99988016650531
"ENSG00000228857",-0.259613359133659,4.92254089571648,1.67465527944237,0.223015095773971,0.99988016650531
"ENSG00000005844",0.536864354328673,4.16930304743069,1.67399029622805,0.223100951884857,0.99988016650531
"ENSG00000100344",0.356023992123481,4.53094034510953,1.67392372037185,0.223109467112239,0.99988016650531
"ENSG00000299662",-0.819063016739342,0.137215319602179,1.67613746247085,0.22310995726313,0.99988016650531
"ENSG00000244005",0.581892041704679,1.37710641997769,1.67329756706998,0.22320300343122,0.99988016650531
"ENSG00000120868",0.250636583970246,5.86335813585062,1.67158491866887,0.223410325593959,0.99988016650531
"ENSG00000089692",0.79046535801136,0.868138502598031,1.67116252469501,0.223496845367696,0.99988016650531
"ENSG00000121057",0.308066918797277,4.86152432274863,1.6706531761482,0.223530844110865,0.99988016650531
"ENSG00000134242",0.730417809416213,3.1089127976888,1.67032162499384,0.223574924492872,0.99988016650531
"ENSG00000125355",-0.518127003145673,1.94744422929116,1.67013203311915,0.223603997394739,0.99988016650531
"ENSG00000243646",-0.392626136980638,2.36916263320266,1.67009830205244,0.223605777552955,0.99988016650531
"ENSG00000136250",-0.317146232415777,6.60583282946562,1.66980369870348,0.22364011273644,0.99988016650531
"ENSG00000125430",-0.449207353270875,5.24582039743539,1.6688864901625,0.223758601469121,0.99988016650531
"ENSG00000143183",-0.220283967256793,7.3588965064977,1.66877172275956,0.223773391611878,0.99988016650531
"ENSG00000187840",0.259346822090745,6.180493028088,1.66403609364218,0.224386385460128,0.99988016650531
"ENSG00000188486",0.227645835730071,6.7623979116126,1.66357065377411,0.224446745995455,0.99988016650531
"ENSG00000129911",0.327661782301605,4.88851710751913,1.66349064657729,0.22445744946171,0.99988016650531
"ENSG00000164023",0.657192017783835,1.27880155894921,1.66313584846532,0.224518057201541,0.99988016650531
"ENSG00000157445",0.312396412340673,4.05965675669864,1.66294261854658,0.224529340633445,0.99988016650531
"ENSG00000226419",0.29483358430511,6.58081196641955,1.66289416329945,0.224534526419303,0.99988016650531
"ENSG00000185090",-0.577196521521237,1.59046692077836,1.66283484429779,0.2245553370325,0.99988016650531
"ENSG00000103966",-0.289894790323667,7.33873566688289,1.66267196663379,0.224563364052048,0.99988016650531
"ENSG00000092140",-0.222516779582238,4.76426250662745,1.66227116008003,0.224615760490367,0.99988016650531
"ENSG00000071967",0.631669894632292,2.51737739537178,1.66222729472868,0.2246243384434,0.99988016650531
"ENSG00000005175",-0.251307953761318,5.79860537068338,1.66187291389704,0.224667143201932,0.99988016650531
"ENSG00000165861",-0.330557352462609,2.81352369040647,1.66169961122524,0.224691717373987,0.99988016650531
"ENSG00000133983",-0.528377086018403,2.31836473235102,1.66147864499444,0.224722171382068,0.99988016650531
"ENSG00000164808",0.230503930918463,7.73039744919423,1.66099462310424,0.224781248208409,0.99988016650531
"ENSG00000128512",-0.367394067050242,8.40353912449427,1.66087413993693,0.224796908873126,0.99988016650531
"ENSG00000283411",0.41401476944188,2.31623529747664,1.6607243728103,0.224820627176154,0.99988016650531
"ENSG00000101638",0.682728786668746,1.70984720190017,1.66029863141183,0.224878791713965,0.99988016650531
"ENSG00000140968",-0.203748822961369,6.81818070283237,1.65959774486788,0.224962923044965,0.99988016650531
"ENSG00000148848",-0.6449582232867,2.10664456198971,1.65949167816327,0.224981940016365,0.99988016650531
"ENSG00000287224",-0.740846127428096,0.354338123091266,1.66023007332951,0.225016565583112,0.99988016650531
"ENSG00000226674",-0.303864354292038,5.96745677375903,1.65715179450768,0.225281508208262,0.99988016650531
"ENSG00000253973",1.1626254622911,0.183947335220019,1.65813117347109,0.225299499306135,0.99988016650531
"ENSG00000187994",0.305251412476258,3.42804469693246,1.65639454945192,0.225381367454869,0.99988016650531
"ENSG00000197265",-0.197929073289563,5.55400630656358,1.65637079338496,0.22538337137032,0.99988016650531
"ENSG00000304131",-0.58288669892876,1.61182998851101,1.65605730493017,0.225441291659675,0.99988016650531
"ENSG00000089091",0.253463610211132,4.87339778106332,1.65560258812465,0.225483993969662,0.99988016650531
"ENSG00000168528",0.57645252782534,3.03824856431263,1.65473927997557,0.225598811455213,0.99988016650531
"ENSG00000282393",0.763066860668966,0.346823384402079,1.65528982755787,0.225649709692834,0.99988016650531
"ENSG00000277991",0.523756591715793,1.67675343213544,1.65375538422084,0.225734761335864,0.99988016650531
"ENSG00000302940",0.456480059014674,2.48623544371044,1.65296333020119,0.225831387999101,0.99988016650531
"ENSG00000099385",-0.535323447257601,2.07959913149751,1.65270698566174,0.225868498610321,0.99988016650531
"ENSG00000145730",0.185996758375123,6.29416872715817,1.65241614888236,0.225900027368441,0.99988016650531
"ENSG00000047644",-0.210362126048199,5.04396794907326,1.65227459390756,0.225918624535292,0.99988016650531
"ENSG00000176697",0.880557873620093,0.393028214479986,1.65278450956633,0.225928072366537,0.99988016650531
"ENSG00000310204",1.01077880180637,0.261090684580405,1.65295877101932,0.225958599633311,0.99988016650531
"ENSG00000169223",-0.205101461162206,7.68965866140885,1.65187701653996,0.225970580393127,0.99988016650531
"ENSG00000104325",-0.225221275156876,6.1748357653432,1.65136423786662,0.226037730092961,0.99988016650531
"ENSG00000310150",1.02335359194616,0.542821255239795,1.65143499106598,0.226086997120734,0.99988016650531
"ENSG00000079931",-0.366133843751674,3.14205714988398,1.65093080279586,0.22609616056481,0.99988016650531
"ENSG00000204344",0.423390907442392,2.59268909081948,1.65088084109192,0.226103849332254,0.99988016650531
"ENSG00000138071",-0.237013515285259,9.42354913042981,1.65057159194876,0.226141552445112,0.99988016650531
"ENSG00000167461",-0.241773338221832,6.87906559199112,1.64762386487623,0.226528263108522,0.99988016650531
"ENSG00000229299",0.867964299846017,0.506305568182939,1.64636411745643,0.226805699716031,0.99988016650531
"ENSG00000224565",0.489274741086297,1.69243554783578,1.64530771399349,0.226841815701668,0.99988016650531
"ENSG00000286677",-0.75393029261524,0.3076584118886,1.64631472071532,0.226870830348296,0.99988016650531
"ENSG00000288829",-0.582407320551664,2.00066760716202,1.64422406093336,0.22698086533385,0.99988016650531
"ENSG00000132507",-0.226886461056823,7.90264688492446,1.64395501065494,0.22701080868538,0.99988016650531
"ENSG00000125505",0.373053010051854,4.23432648078443,1.64311329689561,0.227122168250945,0.99988016650531
"ENSG00000230960",1.60522104499916,1.9233558601922,1.64286068665662,0.227169104519124,0.99988016650531
"ENSG00000076321",-0.198822721558641,7.02009646214306,1.64244251190897,0.227210144834039,0.99988016650531
"ENSG00000289372",0.635008132827775,2.16159099431254,1.64212207420988,0.227257318317657,0.99988016650531
"ENSG00000286136",0.736303288717696,0.580722209948033,1.64217230574604,0.22728749285834,0.99988016650531
"ENSG00000120137",-0.23394610473244,5.58079159660867,1.64176799275711,0.227299139920167,0.99988016650531
"ENSG00000103066",0.460687288840011,2.88364441221107,1.64172367683162,0.227307139300785,0.99988016650531
"ENSG00000288828",0.60822653253722,2.13299155016467,1.6416790473069,0.227321779066033,0.99988016650531
"ENSG00000273314",-0.651319312144659,1.50843997873354,1.64167072402765,0.227329123499863,0.99988016650531
"ENSG00000168734",-0.273278298689732,3.77820867394828,1.64147272743348,0.227338800832841,0.99988016650531
"ENSG00000149571",0.872350536008077,0.891048748969735,1.64132196375465,0.227404721266809,0.99988016650531
"ENSG00000126456",0.265928333304448,5.09255944567666,1.64094832407279,0.227407437037062,0.99988016650531
"ENSG00000138764",-0.304950602638407,3.56044132652031,1.64019694860293,0.22750740522151,0.99988016650531
"ENSG00000084070",-0.268229486422145,10.1732786672826,1.6396028570862,0.227585016724477,0.99988016650531
"ENSG00000169180",-0.199043818667221,6.69281928937099,1.63929144191029,0.227626184139816,0.99988016650531
"ENSG00000271936",-0.645023054484741,0.487650674430803,1.63977483614894,0.227705326711439,0.99988016650531
"ENSG00000310191",0.66334603681501,2.88139204948337,1.63864851660454,0.227712895879183,0.99988016650531
"ENSG00000294961",-0.511906285460337,2.42224517430977,1.63736565346157,0.227884725346099,0.99988016650531
"ENSG00000250295",0.608746774389694,0.756977963729682,1.63770727461488,0.227891269458612,0.99988016650531
"ENSG00000166200",-0.180001183586149,5.8183725395028,1.6372558397043,0.227895503413605,0.99988016650531
"ENSG00000110328",0.394592792539232,4.50613600028793,1.63679845899128,0.227956463656046,0.99988016650531
"ENSG00000142765",1.30040847041201,1.32619803155571,1.63671539132959,0.228007494372985,0.99988016650531
"ENSG00000139410",-0.276584963209481,4.62585386852466,1.63542808958704,0.228138061124582,0.99988016650531
"ENSG00000164985",0.226487684249318,5.61984908890617,1.63541698010364,0.228139155173039,0.99988016650531
"ENSG00000232878",0.417874126427262,3.94930175834319,1.63456450668377,0.228252847442998,0.99988016650531
"ENSG00000125733",-0.192468552715923,5.98927593321751,1.63450244561834,0.228260444752505,0.99988016650531
"ENSG00000290662",-0.6943507184048,1.06946701665191,1.63557631365686,0.228287248528811,0.99988016650531
"ENSG00000198162",-0.222546586829244,7.1421853231206,1.63421607286107,0.228298435954332,0.99988016650531
"ENSG00000053770",-0.196793196394449,4.94764691101229,1.63410376341747,0.228313592124863,0.99988016650531
"ENSG00000000460",0.321186925190201,3.47821139280074,1.63400738645125,0.228327275985978,0.99988016650531
"ENSG00000162337",0.506113211214532,2.89747729938911,1.63394208295753,0.228337168968592,0.99988016650531
"ENSG00000154237",-0.266602805100757,5.94740752098769,1.63371654556482,0.228364756582799,0.99988016650531
"ENSG00000197766",-0.27665832693546,8.05836787851295,1.63366566891072,0.228371497439674,0.99988016650531
"ENSG00000235570",-0.876816860521392,0.171179663215573,1.63403179989684,0.228497940632994,0.99988016650531
"ENSG00000203546",0.576707739904007,1.60800258526916,1.6322614501015,0.228568992792569,0.99988016650531
"ENSG00000153976",-0.449034572547823,3.38506562360089,1.63160088668456,0.228646860408109,0.99988016650531
"ENSG00000304231",0.8857805071285,1.30002285244524,1.63168719684472,0.228648913624587,0.99988016650531
"ENSG00000197380",-0.907181160118781,0.249619178010913,1.63243970691944,0.228667977741776,0.99988016650531
"ENSG00000298058",0.954025320797308,0.743801398640844,1.63090059602332,0.228795005330735,0.99988016650531
"ENSG00000109189",-0.274148459790577,3.74211808820884,1.63040667964531,0.228805571388858,0.99988016650531
"ENSG00000169598",-0.308782751972234,3.13945926469962,1.63008546369483,0.228848985823919,0.99988016650531
"ENSG00000170468",-0.240077763398799,4.46801920439913,1.62923842870343,0.228960780613141,0.99988016650531
"ENSG00000309232",0.759281126100015,0.335103731127241,1.6294120204854,0.229047656849481,0.99988016650531
"ENSG00000141551",-0.221242467820833,6.05138168533979,1.6278644537458,0.229143505291036,0.99988016650531
"ENSG00000130193",0.375209360544101,3.28704638140081,1.62719118657395,0.229234839127318,0.99988016650531
"ENSG00000117395",0.236768527688331,6.79810493448817,1.62689897501007,0.229272317179945,0.99988016650531
"ENSG00000126787",0.321413371705202,3.5670044554875,1.62642730589218,0.229336201796685,0.99988016650531
"ENSG00000105011",0.256545586442095,5.56314254346762,1.62587122301887,0.229409585129801,0.99988016650531
"ENSG00000113369",-0.336528573937305,4.7540136732144,1.6257964136114,0.229419924206985,0.99988016650531
"ENSG00000255121",-0.727403438239857,0.20501329211236,1.62694637968343,0.229435734034683,0.99988016650531
"ENSG00000176485",1.48109492872109,0.214938939723731,1.62578131369903,0.22958728174676,0.99988016650531
"ENSG00000143353",0.248983374374781,6.08942634344867,1.62395552857487,0.229665659370307,0.99988016650531
"ENSG00000015475",-0.213909592010418,7.50556687190133,1.62358572700822,0.229715129923098,0.99988016650531
"ENSG00000165895",-0.45196777403244,2.75261029372278,1.62321642140791,0.229766699140016,0.99988016650531
"ENSG00000237753",-0.631888573333153,1.24538419261336,1.62316506039583,0.229792645844138,0.99988016650531
"ENSG00000087589",-0.382797192377605,2.73372279460395,1.62283342625334,0.229817845378222,0.99988016650531
"ENSG00000050405",-0.188106937815823,6.24335183934,1.62238214083521,0.229876282491178,0.99988016650531
"ENSG00000128604",0.20259714366039,6.44643286956093,1.62212197640727,0.229911133538234,0.99988016650531
"ENSG00000160953",0.229258015450997,5.11947471511362,1.62175534613514,0.22996030170927,0.99988016650531
"ENSG00000077380",-0.224544117020667,5.64693552170457,1.62121510089778,0.230032692864362,0.99988016650531
"ENSG00000133997",-0.26436446015241,4.30849049667881,1.6210049161338,0.230061314685014,0.99988016650531
"ENSG00000214194",-0.282137411776486,5.6293139293163,1.62087200855682,0.23007870001535,0.99988016650531
"ENSG00000102921",-0.274904431311207,6.43359995271913,1.61975334287208,0.230228769013842,0.99988016650531
"ENSG00000103653",-0.17963468606878,7.76903267534688,1.61958943181571,0.230250764948619,0.99988016650531
"ENSG00000007080",0.314777881173222,4.98455649817413,1.61907052581731,0.230320587197865,0.99988016650531
"ENSG00000273272",-0.395041208355898,2.11553340596777,1.61826193228463,0.230433771398197,0.99988016650531
"ENSG00000169057",-0.181627533178525,5.83403796622772,1.61819309955846,0.230438333537018,0.99988016650531
"ENSG00000121068",0.551386737803419,1.63286908696684,1.6174559933563,0.230547372380485,0.99988016650531
"ENSG00000114739",0.376367440940135,3.30659393133477,1.61712325352219,0.230583348069961,0.99988016650531
"ENSG00000256628",-0.350800896501015,2.47810486314846,1.61640213380709,0.230682233061892,0.99988016650531
"ENSG00000214803",-0.755093242381414,1.15723326553153,1.61668911270504,0.230701291121067,0.99988016650531
"ENSG00000108091",0.216758612959142,5.02894789299526,1.6160403259689,0.230728055011999,0.99988016650531
"ENSG00000114270",0.621523748987726,1.39938862659511,1.61558292547219,0.230803527685665,0.99988016650531
"ENSG00000173531",0.860711675702149,0.427857441628243,1.61619250055729,0.230804255260455,0.99988016650531
"ENSG00000249859",0.22085229254294,8.00347239775951,1.6153780656824,0.230817044602817,0.99988016650531
"ENSG00000167619",1.51128505657315,1.0456563055774,1.61525357248556,0.230858988573613,0.99988016650531
"ENSG00000186603",0.439539841715834,2.73979785413276,1.61481135051698,0.230896576181375,0.99988016650531
"ENSG00000138030",1.10980666613888,0.546790718807824,1.61591050834396,0.230966486450507,0.99988016650531
"ENSG00000099625",0.887322130065626,1.1361631247961,1.61295876373712,0.231163546383565,0.99988016650531
"ENSG00000267296",0.590054783727411,1.37967639543938,1.61266511634327,0.231202853664615,0.99988016650531
"ENSG00000222031",-0.658350929428283,1.23555408569466,1.61212036979177,0.231319308029335,0.99988016650531
"ENSG00000308426",-0.243828556866951,3.9036175447143,1.61156781571734,0.231331672847989,0.99988016650531
"ENSG00000100347",0.258869377975252,4.93216525179365,1.61124085380809,0.231375439396952,0.99988016650531
"ENSG00000166002",-0.284561445256618,5.871245435951,1.61110976710788,0.231392909615398,0.99988016650531
"ENSG00000124786",-0.271426361004933,3.99972833859006,1.61099822326821,0.23140855605865,0.99988016650531
"ENSG00000182158",-0.203463440016843,5.74425130064783,1.60989662016991,0.231556933723288,0.99988016650531
"ENSG00000181218",-0.495051638894302,2.98132236493563,1.60861540724244,0.231732188815076,0.99988016650531
"ENSG00000170876",0.406759694271168,2.8451548292582,1.60831449681587,0.23177303960652,0.99988016650531
"ENSG00000110851",-0.264973562959739,4.23411137686099,1.60815206243336,0.231793536224482,0.99988016650531
"ENSG00000108591",0.252434090323311,3.88624935703095,1.60790878706282,0.231826696775809,0.99988016650531
"ENSG00000139173",0.243877095132178,5.04215386381006,1.60778898493553,0.231842336213157,0.99988016650531
"ENSG00000205853",-0.928713093938595,0.396133535654238,1.60867615248709,0.231869232384825,0.99988016650531
"ENSG00000198169",0.236319383005125,5.01258694498746,1.60756464352027,0.231872732372577,0.99988016650531
"ENSG00000173894",0.469368731322619,2.1096308575833,1.60746875866382,0.231890929831682,0.99988016650531
"ENSG00000047249",-0.253580244809988,5.85668468299186,1.60712116126439,0.231932769722166,0.99988016650531
"ENSG00000301761",-0.21032395059416,4.95111920663823,1.60680256500245,0.231976039180297,0.99988016650531
"ENSG00000285641",-0.940574603844548,0.389996608218131,1.60653883594214,0.232141392699707,0.99988016650531
"ENSG00000154832",-0.301356223484985,4.81471333337178,1.60476806123512,0.232252423413653,0.99988016650531
"ENSG00000260063",-0.559167307989721,0.978209582230805,1.60352340355581,0.232452243285556,0.99988016650531
"ENSG00000104731",0.269946419008998,3.75474095162466,1.60291764878949,0.232504309428409,0.99988016650531
"ENSG00000158315",0.786163251274527,0.429484175355234,1.60189321729209,0.232749736260152,0.99988016650531
"ENSG00000120727",-0.183824739596571,6.61709330268952,1.60106605196191,0.232755566433864,0.99988016650531
"ENSG00000160972",0.246840389721761,3.92664131399818,1.60095181731861,0.23277180592751,0.99988016650531
"ENSG00000287045",0.753010078468197,0.284877104537445,1.60154356450801,0.23283241920702,0.99988016650531
"ENSG00000233654",0.286064686349544,3.70511433012094,1.6002157939302,0.232872178032695,0.99988016650531
"ENSG00000123689",0.288859598120248,6.42842434107985,1.59957006090616,0.232959456682315,0.99988016650531
"ENSG00000299597",0.779034936694069,1.08190589932154,1.59968336459096,0.232974145914247,0.99988016650531
"ENSG00000176595",0.304552135312668,3.89388003079252,1.59931404971131,0.232995179527768,0.99988016650531
"ENSG00000297719",0.585253780513526,1.27296622080459,1.59925622930838,0.233017320916827,0.99988016650531
"ENSG00000196236",0.235250042307509,4.84829886948074,1.59846820087907,0.233110041272005,0.99988016650531
"ENSG00000179151",0.241492713134107,4.2356712716851,1.59825474957036,0.233139377776337,0.99988016650531
"ENSG00000161558",0.399872348882934,2.70036387192905,1.59806317288946,0.23316755989725,0.99988016650531
"ENSG00000123119",0.910336144268662,0.591077734385219,1.59828679443763,0.233246878083975,0.99988016650531
"ENSG00000134531",0.874996875045082,1.37215365733696,1.59761058906563,0.233247638420238,0.99988016650531
"ENSG00000197852",0.692691512074763,2.59624868352615,1.59713719968949,0.233293798155279,0.99988016650531
"ENSG00000186047",0.740995701302391,2.53154756692578,1.5966736975927,0.233357603435395,0.99988016650531
"ENSG00000132623",-0.620822721873396,0.844770909248778,1.59673788849043,0.233385183279889,0.99988016650531
"ENSG00000235582",-0.605530247507907,0.655466665730188,1.59520541512174,0.233664342045846,0.99988016650531
"ENSG00000259245",-0.59160138240881,1.79687186761565,1.5941037336356,0.233713569420225,0.99988016650531
"ENSG00000205208",0.285508195306194,4.04840149063781,1.59393790044822,0.233729830470051,0.99988016650531
"ENSG00000253683",-0.238034476315723,4.2958719866966,1.59372952393961,0.233758245493094,0.99988016650531
"ENSG00000198026",-0.197308560590713,4.8579818993528,1.59352754439329,0.23378573051321,0.99988016650531
"ENSG00000165997",-0.362986011025394,4.11289786099626,1.59278188215644,0.233888148176459,0.99988016650531
"ENSG00000248693",-0.33541385210549,3.35853611760732,1.59267976067096,0.233902699256389,0.99988016650531
"ENSG00000213977",0.311606128389141,3.1661925684077,1.59168223914091,0.234040036223652,0.99988016650531
"ENSG00000131446",-0.202214174151498,7.44601959665934,1.59126351650959,0.23409594468793,0.99988016650531
"ENSG00000174600",-0.363820283067144,2.30420053787045,1.59091733442359,0.234146669398799,0.99988016650531
"ENSG00000171126",1.10636258944127,0.42863539937548,1.5915847323427,0.23415421618759,0.99988016650531
"ENSG00000163257",0.236414317728052,4.35614638154648,1.59059748514739,0.234187847584782,0.99988016650531
"ENSG00000026103",-0.637642328850335,1.27048471717485,1.5903884390386,0.234233687693431,0.99988016650531
"ENSG00000272086",-0.697320753319433,1.18941585263227,1.59034644556968,0.234248913262071,0.99988016650531
"ENSG00000169231",-0.439345986935732,2.45070050433735,1.58909953299709,0.234396704948242,0.99988016650531
"ENSG00000160959",0.262487467333481,4.12576336889874,1.58874861174514,0.234442071675926,0.99988016650531
"ENSG00000167291",0.280250643483449,4.74749023610462,1.58825526741759,0.234509716450853,0.99988016650531
"ENSG00000287393",-0.499262718402532,1.9332972339718,1.58822328790941,0.234520196676485,0.99988016650531
"ENSG00000163219",-0.235097511622345,4.83017764023083,1.58786393336193,0.234563474933397,0.99988016650531
"ENSG00000299562",1.07733609437835,0.107802130470656,1.58885131828539,0.234624523164457,0.99988016650531
"ENSG00000172331",-0.311174537227213,3.48210270125912,1.58692209899446,0.234693844539499,0.99988016650531
"ENSG00000157693",-0.246153635592496,4.14019402662907,1.58688668047287,0.234698271462499,0.99988016650531
"ENSG00000176563",0.912294881924071,0.772708025895309,1.58710691468885,0.234709100428245,0.99988016650531
"ENSG00000145016",-0.242605208939566,4.29418209054846,1.58635829254186,0.234771023456882,0.99988016650531
"ENSG00000094841",-0.296333201379618,3.39196360059762,1.58542402884888,0.23490044266733,0.99988016650531
"ENSG00000212123",0.665031257476647,0.884793205702384,1.58506549657962,0.23498717500319,0.99988016650531
"ENSG00000110756",-0.239506485467588,5.51471096635969,1.58460081945027,0.235012959121576,0.99988016650531
"ENSG00000099954",-0.355709661975688,3.99289993031764,1.58416066073635,0.235074244786301,0.99988016650531
"ENSG00000181666",0.258901229123306,3.94434069673653,1.58413564376309,0.235077726889196,0.99988016650531
"ENSG00000288908",0.810173522190001,0.289154088647037,1.58486830740837,0.235085246288855,0.99988016650531
"ENSG00000186648",0.72464899096705,0.61957295247706,1.58397174612964,0.235146956317317,0.99988016650531
"ENSG00000236449",0.239502181733008,4.74058957335293,1.58329547015905,0.235193531866015,0.99988016650531
"ENSG00000165029",-0.203694715580352,6.59554471819852,1.58205603365682,0.235364454313269,0.99988016650531
"ENSG00000291106",-0.501051687486663,1.83714578172987,1.58192892144543,0.235389930042663,0.99988016650531
"ENSG00000100726",-0.403242502872014,4.63774765957573,1.58182400125356,0.235396940199005,0.99988016650531
"ENSG00000189241",-0.190323328065565,5.12306256225783,1.58109388263791,0.235497664595951,0.99988016650531
"ENSG00000306514",0.552323266579141,1.93390324732887,1.58077582545639,0.235548747618823,0.99988016650531
"ENSG00000036565",-0.393678552381989,3.07016244911728,1.58062000912926,0.235564534752367,0.99988016650531
"ENSG00000270503",-0.390013789335047,2.513239773312,1.58006150315377,0.235643667924757,0.99988016650531
"ENSG00000237976",-0.474844371081101,2.38324601715627,1.5799092381229,0.235665301871805,0.99988016650531
"ENSG00000170043",-0.935933917470348,0.700416283433745,1.58046451928296,0.235668605994724,0.99988016650531
"ENSG00000186577",-0.298629141047025,4.58583533320417,1.57850314254757,0.235856806350824,0.99988016650531
"ENSG00000170962",0.545337991071812,2.96757243353621,1.57836260583844,0.235879699333516,0.99988016650531
"ENSG00000118985",-0.231105697475254,4.55892748352466,1.57684961532048,0.236086243300492,0.99988016650531
"ENSG00000215319",-0.460922152010458,2.24599518187158,1.57685262153533,0.236090013133409,0.99988016650531
"ENSG00000175216",0.19840983084274,5.70809202696188,1.57651477876821,0.236132354555798,0.99988016650531
"ENSG00000115504",0.230189679146569,6.3807006574981,1.57599281686586,0.236204846119325,0.99988016650531
"ENSG00000293154",-0.452205087135833,3.74262892567666,1.57529377262499,0.236302649919689,0.99988016650531
"ENSG00000267426",1.13195529882844,0.092481884531808,1.57628933381507,0.236378834423993,0.99988016650531
"ENSG00000085662",0.32154879556794,5.52902808771665,1.57418956909825,0.236455589129246,0.99988016650531
"ENSG00000241741",0.65032512940839,1.37771099710923,1.57425761941039,0.23646277202293,0.99988016650531
"ENSG00000046653",0.511087591251638,1.78454450098178,1.57310613264378,0.236616187981465,0.99988016650531
"ENSG00000137491",-0.320173329970145,5.20613868531012,1.57294404260704,0.236628981056189,0.99988016650531
"ENSG00000137944",-0.222061004407896,4.84950390783037,1.57266476046825,0.236668181240628,0.99988016650531
"ENSG00000115866",-0.177626502054867,6.92774567946512,1.57265921084473,0.236668619706682,0.99988016650531
"ENSG00000117411",0.342531340295454,4.08185237368111,1.57239337345215,0.23670625391138,0.99988016650531
"ENSG00000249673",-0.408861676405834,2.62760861925896,1.57165234827154,0.236811798075639,0.99988016650531
"ENSG00000250159",0.394348970550355,3.35781548186746,1.57121493578015,0.236870986852682,0.99988016650531
"ENSG00000111276",-0.263514185095953,4.38771390967077,1.57009627130879,0.237026447227064,0.99988016650531
"ENSG00000177556",-0.224860468722931,6.90473934991891,1.57005616438859,0.237031616025982,0.99988016650531
"ENSG00000294128",-0.633775659686047,0.257551635590943,1.5703688030757,0.237146298701529,0.99988016650531
"ENSG00000297451",-0.801657784036223,-0.126825183873763,1.57034855578008,0.237319859471283,0.99988016650531
"ENSG00000286018",0.884128452691162,0.554780141746119,1.56851264226862,0.237351731600647,0.99988016650531
"ENSG00000164091",-0.190829696737668,5.87955892506244,1.56664741655761,0.237508118458466,0.99988016650531
"ENSG00000141968",-0.175905947570183,6.74047379919495,1.56616991001757,0.237574956804353,0.99988016650531
"ENSG00000176208",0.252998384040331,5.44902551834435,1.56545900538755,0.237674562635261,0.99988016650531
"ENSG00000137720",0.351710046174113,3.37014130056031,1.56520305818812,0.237711671977913,0.99988016650531
"ENSG00000124788",-0.230692297670486,6.30242534960118,1.56498892821304,0.237740408699644,0.99988016650531
"ENSG00000121931",-0.18807414208154,5.96232137682923,1.56469016657712,0.237782293300722,0.99988016650531
"ENSG00000242372",0.845277175512777,0.527376421863602,1.56547773317769,0.237783212494441,0.99988016650531
"ENSG00000308437",0.587277631679013,1.49990193832522,1.56424851610845,0.237855339435071,0.99988016650531
"ENSG00000309415",-0.815721774573328,1.00819724740647,1.56392561862761,0.237932367249972,0.99988016650531
"ENSG00000102384",0.291022753991824,3.48481466651444,1.56298177953376,0.238022978151925,0.99988016650531
"ENSG00000081026",0.236779343404598,5.10243507848127,1.56246193406053,0.238095053440271,0.99988016650531
"ENSG00000168397",0.190688830266292,5.21451446323725,1.56196405818203,0.238164915570638,0.99988016650531
"ENSG00000226330",0.661433844177947,1.87925935986426,1.5613732211651,0.238254144511283,0.99988016650531
"ENSG00000158435",0.193350631234193,5.60785000353162,1.56022870769957,0.238408879365068,0.99988016650531
"ENSG00000169031",0.759807103821879,0.500788153917994,1.56085454437343,0.238415227111891,0.99988016650531
"ENSG00000266412",-0.337117013822693,6.87253152099362,1.55989037894726,0.238456463777125,0.99988016650531
"ENSG00000085185",0.402871032088482,3.33597185732744,1.55974469154894,0.238478140283905,0.99988016650531
"ENSG00000285854",0.557544373380769,1.31476325741133,1.55972643820309,0.238494323379646,0.99988016650531
"ENSG00000214595",0.838204636824565,0.294568699148859,1.56050623807642,0.238495366873858,0.99988016650531
"ENSG00000112799",-0.219724695802688,5.62338584605293,1.55913962311192,0.238562168346079,0.99988016650531
"ENSG00000088812",0.227690112408127,5.45316457767597,1.55900479799029,0.238581160866578,0.99988016650531
"ENSG00000197965",0.24997437982445,4.83507228855906,1.55876038233811,0.238615803872292,0.99988016650531
"ENSG00000308739",0.479681833891474,1.85107693659447,1.55878041029965,0.238618998516112,0.99988016650531
"ENSG00000116641",0.261736206436423,4.21299406282019,1.55768394037381,0.238767713453336,0.99988016650531
"ENSG00000088930",-0.242515556365194,7.85596409964665,1.55730940788956,0.238820053412988,0.99988016650531
"ENSG00000197063",-0.201423389496855,6.21072436251192,1.55649940351676,0.23893432694218,0.99988016650531
"ENSG00000197275",0.358526256970928,3.33165980284025,1.55632195746592,0.238960748831569,0.99988016650531
"ENSG00000109458",-0.290752514537469,3.3901365374284,1.55573206291512,0.23904381970866,0.99988016650531
"ENSG00000163874",-0.193503503986367,6.64308509084355,1.55509675407331,0.239132361076767,0.99988016650531
"ENSG00000180596",-0.575952381985558,2.17416334484534,1.55494813227084,0.239158394464214,0.99988016650531
"ENSG00000122547",0.309866905672644,3.71083798756268,1.55376562795343,0.239321254040779,0.99988016650531
"ENSG00000136098",0.340684818258449,3.33217705533423,1.55366502865139,0.239335951439452,0.99988016650531
"ENSG00000180767",0.8131904833415,2.8235481531659,1.5534121494616,0.239372629755765,0.99988016650531
"ENSG00000220643",1.0969357201724,0.380696196197574,1.55436045169019,0.239402215084547,0.99988016650531
"ENSG00000253582",-0.308058894382591,2.86937398456147,1.55247698287897,0.239504840367279,0.99988016650531
"ENSG00000107551",-0.465341672085359,7.85038879202111,1.55238201074353,0.23951628201354,0.99988016650531
"ENSG00000085832",-0.183974198208989,6.79145525982775,1.55230661333652,0.239526960446658,0.99988016650531
"ENSG00000124097",0.46574624860069,1.75014913593873,1.55231050048512,0.239534734394086,0.99988016650531
"ENSG00000251615",0.685600545819708,0.727473363244816,1.55219094978297,0.239587064168923,0.99988016650531
"ENSG00000131370",0.225083345113894,6.69116751196561,1.55046417014881,0.239788014017287,0.99988016650531
"ENSG00000132383",0.213623461278333,5.03316986232789,1.55029858307379,0.239811677036747,0.99988016650531
"ENSG00000235978",-0.37907366675904,3.60998545854181,1.55017149284144,0.239830332975601,0.99988016650531
"ENSG00000163812",0.206609195228196,6.23793982997528,1.5501141937627,0.239837652221644,0.99988016650531
"ENSG00000137106",0.234989930835875,5.76993690045848,1.54911718123128,0.239979128528358,0.99988016650531
"ENSG00000155011",-0.410858844814266,4.13517400886236,1.54910234077816,0.239981723905315,0.99988016650531
"ENSG00000287978",-0.4739616403661,1.10735874776296,1.54913922834744,0.239999637810841,0.99988016650531
"ENSG00000180011",-0.307310419386616,3.48318889728813,1.54896740854197,0.240001483565529,0.99988016650531
"ENSG00000171812",0.615454869047489,3.3933239647645,1.54728408500564,0.240240755849468,0.99988016650531
"ENSG00000125826",-0.227765410131332,6.37364699929635,1.5471936738513,0.24025235908521,0.99988016650531
"ENSG00000267174",0.951226815928238,0.260264048853472,1.54754974715801,0.240322712597183,0.99988016650531
"ENSG00000257702",-0.321451455645017,3.47568134179773,1.54567927605262,0.240468697351933,0.99988016650531
"ENSG00000112242",0.241553016666587,5.03633882480033,1.54545901848493,0.240499300832469,0.99988016650531
"ENSG00000247271",-0.261555803589952,4.54990505445674,1.54501671985412,0.240562509789848,0.99988016650531
"ENSG00000117586",-0.260718050978514,4.74029022136504,1.54495884704593,0.240570692726617,0.99988016650531
"ENSG00000293427",0.422066213479455,2.22416975006164,1.54487824106845,0.240585932916212,0.99988016650531
"ENSG00000109920",-0.211664322703853,7.02322682863059,1.54483507511357,0.240587979986934,0.99988016650531
"ENSG00000020577",-0.521022778137086,2.42846223760227,1.54448166879046,0.240641845285992,0.99988016650531
"ENSG00000100304",0.225879647587905,5.0130536589909,1.54429608664986,0.2406650239641,0.99988016650531
"ENSG00000115607",-0.499976621324517,2.40940384611868,1.54402339785657,0.240706666961004,0.99988016650531
"ENSG00000103249",-0.203296520214248,4.79815169602871,1.54377020338927,0.240740089754841,0.99988016650531
"ENSG00000120875",-0.2051582761764,5.75379326577892,1.54352303591851,0.240774972973921,0.99988016650531
"ENSG00000196284",0.326104211286912,4.4769411795231,1.54350645305854,0.240777747646033,0.99988016650531
"ENSG00000299108",1.50695589409984,0.427676952056591,1.54304554988532,0.241022035441074,0.99988016650531
"ENSG00000253939",-0.649813066420141,2.58115520394843,1.54179522540334,0.241023852582922,0.99988016650531
"ENSG00000232677",0.823757699415373,0.927319485313498,1.54139782470108,0.241105876291638,0.99988016650531
"ENSG00000226696",0.397266382999597,2.80669981059105,1.54117596327263,0.241111760106346,0.99988016650531
"ENSG00000138594",-0.180880725763853,6.30714613391446,1.54099091290959,0.241136367704911,0.99988016650531
"ENSG00000074803",-0.902606891305064,0.310347134470441,1.54217650194873,0.241161461637174,0.99988016650531
"ENSG00000289106",-0.526450163959562,1.45443491032672,1.53985475874375,0.241312018164985,0.99988016650531
"ENSG00000211772",0.577868404160723,2.08820546220087,1.53850674595947,0.241496686781209,0.99988016650531
"ENSG00000100647",-0.191170207004664,7.45316869636353,1.53756538322122,0.241626450128533,0.99988016650531
"ENSG00000120756",0.855032218849422,0.618065214580387,1.53748107326871,0.241709191127728,0.99988016650531
"ENSG00000154277",-0.508715550674791,2.28067418343702,1.53677315358546,0.241745242050494,0.99988016650531
"ENSG00000170921",0.30491095811757,4.96300297868515,1.53565067538299,0.241901153786401,0.99988016650531
"ENSG00000143294",-0.178114575704298,7.00794278358886,1.53542945174955,0.241932722335324,0.99988016650531
"ENSG00000102265",-0.199513573314281,7.16018570278428,1.53463003746449,0.242047484663345,0.99988016650531
"ENSG00000265972",-0.200368300364481,8.6836313340749,1.53416384317622,0.242114442447415,0.99988016650531
"ENSG00000165795",-0.482317666451409,1.85038755344062,1.53418070955291,0.242120108208716,0.99988016650531
"ENSG00000188747",0.623357319280736,2.79342415147246,1.53408996212937,0.242127424962974,0.99988016650531
"ENSG00000228057",0.734746608460208,0.277715615487278,1.53489309523949,0.24216028358445,0.99988016650531
"ENSG00000274605",0.361584685448242,3.27252563374451,1.53361685646259,0.242194135989187,0.99988016650531
"ENSG00000174485",-0.213630990138038,6.8535622792051,1.53345789912687,0.24221589071346,0.99988016650531
"ENSG00000119673",-0.242499574705031,6.22599364218774,1.53129423097116,0.2425271749541,0.99988016650531
"ENSG00000185480",0.237485614932972,4.55926839739421,1.5309499453283,0.24257717426153,0.99988016650531
"ENSG00000165775",-0.27865985635339,4.68377228900482,1.53073323414083,0.24260835567356,0.99988016650531
"ENSG00000185359",-0.203137688821044,5.63197792144709,1.53068238603858,0.242615311024649,0.99988016650531
"ENSG00000164237",0.564234247312065,1.5235946325282,1.53045296772774,0.24265960493095,0.99988016650531
"ENSG00000065911",-0.264511966212847,8.38992616895049,1.53012582951983,0.242695481579343,0.99988016650531
"ENSG00000179840",-0.471451962091791,2.07951092195367,1.52996195777963,0.242725149614897,0.99988016650531
"ENSG00000274386",-0.596309784370216,1.47314740249028,1.52954228416859,0.24279597758081,0.99988016650531
"ENSG00000103647",-0.774265863645071,1.47875847222527,1.52934404793134,0.242824763060798,0.99988016650531
"ENSG00000129250",-0.223436554748434,4.64885501866602,1.52899583461941,0.242858806965851,0.99988016650531
"ENSG00000251279",0.576786392301163,1.51283624473448,1.52886201675569,0.242889648779489,0.99988016650531
"ENSG00000077721",-0.21372740928035,6.02007378393629,1.52862247251241,0.242912300018276,0.99988016650531
"ENSG00000246225",0.734292013955969,2.52097410276832,1.5280574690985,0.242997960442901,0.99988016650531
"ENSG00000168010",0.276890174782702,4.56269078357435,1.52800970554266,0.243001160501073,0.99988016650531
"ENSG00000125952",-0.194170862542444,6.10116148541539,1.52769233372344,0.243046568158808,0.99988016650531
"ENSG00000232855",-0.345250544484637,2.76019372671477,1.52731592318453,0.243103134120627,0.99988016650531
"ENSG00000111203",0.282812033391998,4.02032231058657,1.52707584283988,0.243136115493384,0.99988016650531
"ENSG00000301063",0.423151662723919,2.26665612305849,1.52582055105343,0.243321509879313,0.99988016650531
"ENSG00000122386",0.482389930277516,1.56042480502647,1.52535954429429,0.243398454528208,0.99988016650531
"ENSG00000306297",-0.860526380809895,1.02268002355148,1.52520746542225,0.243442479345149,0.99988016650531
"ENSG00000119878",-0.305732471501489,4.66554981553303,1.52437185315906,0.243527097620872,0.99988016650531
"ENSG00000197299",0.270645177880476,4.91700309635485,1.5237465724991,0.243617591241865,0.99988016650531
"ENSG00000151929",-0.245330302002685,3.98089004410858,1.52334759906954,0.243675625825432,0.99988016650531
"ENSG00000305455",0.483845473612885,1.88551232697722,1.52295662974976,0.243738556245407,0.99988016650531
"ENSG00000103995",0.240863435702773,4.8715604512653,1.52287264744904,0.243744199260801,0.99988016650531
"ENSG00000166926",-0.5545559768753,1.79092264906647,1.52279655170066,0.243765121190025,0.99988016650531
"ENSG00000225518",1.53828636092892,-0.0629656037474541,1.52411185885949,0.243811213416708,0.99988016650531
"ENSG00000103042",-0.253057386464136,4.38652808968655,1.52178404601323,0.243902215831593,0.99988016650531
"ENSG00000119559",0.228629210378849,4.45228864552249,1.52109938742115,0.24400158877184,0.99988016650531
"ENSG00000163932",-0.190934666677433,7.28112112554651,1.52052106271504,0.244085152565088,0.99988016650531
"ENSG00000288683",0.987859497937124,0.289719679347122,1.52086225372449,0.244144014854969,0.99988016650531
"ENSG00000291218",0.568843544268225,0.747665068619674,1.51938697231536,0.244292011369832,0.99988016650531
"ENSG00000255158",0.779126966525635,1.46760759644064,1.51912117595742,0.244300942893105,0.99988016650531
"ENSG00000086548",2.69724273599574,2.20134345427539,1.51920984190907,0.244321120104791,0.99988016650531
"ENSG00000118507",-0.337483154707067,3.8456955766584,1.51755136247092,0.244517745550134,0.99988016650531
"ENSG00000253389",1.07232375396354,1.41643361836458,1.51637552092686,0.244707793508041,0.99988016650531
"ENSG00000113396",-0.519654608893749,1.56001261031183,1.51599089526601,0.244755521495087,0.99988016650531
"ENSG00000255201",-0.628099173884206,0.837111626413394,1.51626124141346,0.244762187052357,0.99988016650531
"ENSG00000289393",0.405043722470095,3.89436421431854,1.5156570349852,0.244793624270916,0.99988016650531
"ENSG00000167625",-0.25906187252644,3.83952543992283,1.5152259779497,0.244856602886415,0.99988016650531
"ENSG00000184635",0.213063051696354,5.5827234278278,1.51408072887691,0.24502305305995,0.99988016650531
"ENSG00000158195",-0.215185807591718,7.49774487365586,1.51378615376529,0.245066040827137,0.99988016650531
"ENSG00000278200",-0.808048705553572,0.459783944734732,1.5145898023691,0.245075899430868,0.99988016650531
"ENSG00000267049",1.14909037480282,-0.0475263290313651,1.51424578200411,0.245154571207667,0.99988016650531
"ENSG00000171914",0.382802095339782,2.97072767632453,1.51317113146682,0.245157606206102,0.99988016650531
"ENSG00000226383",0.70591523616454,2.95639553272534,1.51287014438416,0.24520154780219,0.99988016650531
"ENSG00000165699",-0.253725336956308,4.21224583041882,1.5126946127276,0.245225994217034,0.99988016650531
"ENSG00000306884",0.488361249542639,2.2191438323983,1.51258940259816,0.245244930083954,0.99988016650531
"ENSG00000303185",1.31531382574504,0.232398589388766,1.51350081550264,0.245259235987496,0.99988016650531
"ENSG00000172409",-0.234609876352708,4.41567703975981,1.5123618868014,0.245274582552713,0.99988016650531
"ENSG00000185070",-0.372120353170136,3.26193312242623,1.51190284380854,0.245342369667726,0.99988016650531
"ENSG00000171223",-0.181430680249411,7.84853465572212,1.51148221672336,0.245402819468198,0.99988016650531
"ENSG00000187144",0.603371795091726,1.72998990092816,1.51133656774079,0.245433255973392,0.99988016650531
"ENSG00000166578",0.22939978515595,3.9683001002484,1.51088467299942,0.245490826432205,0.99988016650531
"ENSG00000100479",0.227441595328486,5.46142507317949,1.51014632312637,0.245598417328009,0.99988016650531
"ENSG00000275074",-0.277115488756768,4.2775818223248,1.51008644087343,0.245607626571701,0.99988016650531
"ENSG00000115944",-0.210300821514783,6.6433985913953,1.50818153011542,0.245886401406755,0.99988016650531
"ENSG00000077044",0.257449167615594,4.78095579339668,1.5066490361009,0.246111706011419,0.99988016650531
"ENSG00000169241",-0.270475441733757,3.91881782976227,1.50616555295454,0.24618301302042,0.99988016650531
"ENSG00000102710",0.193357704735637,5.33359931427967,1.50615603507938,0.24618382359335,0.99988016650531
"ENSG00000076108",-0.173386929542122,6.00076056131571,1.50608864770213,0.246193703824622,0.99988016650531
"ENSG00000158473",0.366636529279379,3.2403427828571,1.50600235499263,0.246207792203151,0.99988016650531
"ENSG00000161888",0.285467298544403,3.61392847802441,1.50533461717888,0.246305553751986,0.99988016650531
"ENSG00000105429",0.244441946857807,4.46329858645115,1.50515178595517,0.246331835285977,0.99988016650531
"ENSG00000168243",1.01120183876046,2.78709092154201,1.5051127760741,0.246339139616974,0.99988016650531
"ENSG00000148498",0.237816812586011,6.70633477922018,1.50456539520164,0.246417679603214,0.99988016650531
"ENSG00000171408",0.423697064586502,2.78130112220747,1.50452752362032,0.246425887678498,0.99988016650531
"ENSG00000158458",0.766580654653202,0.236766358238656,1.5049306191231,0.246569720920882,0.99988016650531
"ENSG00000182986",0.547737216007012,2.01783696531967,1.50355650482239,0.246571638534527,0.99988016650531
"ENSG00000127948",-0.242820332934128,5.03213799960075,1.50327319592738,0.246608022800249,0.99988016650531
"ENSG00000122862",-0.253941326219929,10.0759966135621,1.50323118151112,0.246614089626787,0.99988016650531
"ENSG00000151882",-0.319293206954713,3.22863698929954,1.50270606067001,0.2466927410062,0.99988016650531
"ENSG00000268030",0.98412759450016,0.625027338579259,1.50279092854742,0.246735252374005,0.99988016650531
"ENSG00000196968",-0.242400793938336,4.38081163813329,1.50201748123631,0.246793374755906,0.99988016650531
"ENSG00000147224",0.234976837375256,4.61988310837708,1.5014273860309,0.246880370977827,0.99988016650531
"ENSG00000135454",0.379981076242667,3.15543455325783,1.50102822196031,0.246940157978042,0.99988016650531
"ENSG00000174428",-0.241881111279545,4.60510089606893,1.50089534003207,0.24695886766613,0.99988016650531
"ENSG00000109083",-0.274789810071772,4.6758038943292,1.50059127802099,0.247003735005139,0.99988016650531
"ENSG00000306995",-0.516002358765189,2.09081935054295,1.50029763620756,0.247053477370148,0.99988016650531
"ENSG00000179222",0.342327827944914,3.88535936552412,1.49917466402358,0.247213264280174,0.99988016650531
"ENSG00000178789",0.58599760875302,0.697433473321317,1.49861830609456,0.247342181819166,0.99988016650531
"ENSG00000167632",0.183751998208101,6.98727947380576,1.49819798861508,0.247356970636669,0.99988016650531
"ENSG00000143178",-0.377396923487991,3.16497986505947,1.49796350349573,0.247392970796754,0.99988016650531
"ENSG00000087077",0.214928736089004,6.04952858030508,1.49727632820324,0.247493345026899,0.99988016650531
"ENSG00000108950",0.644638784747113,0.744249640135598,1.49686435785002,0.247604242726823,0.99988016650531
"ENSG00000299400",-0.470098440871058,2.51743157440222,1.49641319175123,0.247623875299521,0.99988016650531
"ENSG00000112159",0.205320217565587,6.11642299913367,1.49583626657926,0.247706608425793,0.99988016650531
"ENSG00000264107",0.905110265517147,0.603152439408228,1.49607169886912,0.247730866215543,0.99988016650531
"ENSG00000243667",-0.323450691242127,3.51654792001127,1.49548177238312,0.247760093018274,0.99988016650531
"ENSG00000291124",0.417876522241159,1.9759231654238,1.49550574918501,0.247761771714901,0.99988016650531
"ENSG00000164022",0.207626071196487,6.52046584412963,1.49505556227278,0.247822326669876,0.99988016650531
"ENSG00000118894",0.24847320497221,4.16147415777053,1.49467549074314,0.247879217571091,0.99988016650531
"ENSG00000153814",0.349636718421553,4.75371356970912,1.49439870557313,0.247920082723401,0.99988016650531
"ENSG00000299526",1.08565401159768,0.192324060155479,1.49547715883601,0.247923831228897,0.99988016650531
"ENSG00000166889",-0.243954157707282,6.13712107527888,1.49410674130848,0.247963073208173,0.99988016650531
"ENSG00000289809",0.41246092085448,4.46637828507494,1.49374261945897,0.248017539486599,0.99988016650531
"ENSG00000121542",0.2299625737846,5.13410318899757,1.49347475049101,0.248056916803445,0.99988016650531
"ENSG00000298318",0.912706586435025,1.03343305495052,1.49256112116227,0.248218173977318,0.99988016650531
"ENSG00000104447",-0.200902695165767,8.06274296953275,1.49190569881815,0.248289970085108,0.99988016650531
"ENSG00000125245",0.536717551298396,1.84269325050363,1.49180859569343,0.248315821681665,0.99988016650531
"ENSG00000154736",-0.816314669055881,0.0229293129021824,1.49199713613528,0.24847056108127,0.99988016650531
"ENSG00000268996",-0.432139967508154,1.77766510599145,1.49073374211847,0.248474715921127,0.99988016650531
"ENSG00000234684",0.42674465619689,4.42838548947346,1.49048841712913,0.248501198860718,0.99988016650531
"ENSG00000174718",-0.188935469112569,8.149883587762,1.49023029281628,0.248539201403822,0.99988016650531
"ENSG00000198799",0.219462928431002,4.49043785305925,1.48998644976426,0.248575909632798,0.99988016650531
"ENSG00000115919",-0.422531550772264,8.61345278394942,1.48973925399996,0.248612311970708,0.99988016650531
"ENSG00000269293",-0.240515996032364,3.99271367140366,1.48942746615131,0.248659360369262,0.99988016650531
"ENSG00000259321",-0.515192397642724,1.81184185294785,1.48943213490343,0.248665362147828,0.99988016650531
"ENSG00000307533",0.557517206355668,1.01515191775314,1.4890622134078,0.24873762629225,0.99988016650531
"ENSG00000073536",0.362322515046732,2.64280001168941,1.48832754750554,0.248825615901748,0.99988016650531
"ENSG00000128059",-0.224957278618091,4.35389412530172,1.48804600730768,0.248865084826573,0.99988016650531
"ENSG00000256209",0.503478122763272,2.07251805170998,1.48750647228787,0.24895094038974,0.99988016650531
"ENSG00000243960",1.23203134842533,0.33176122626682,1.48811154708857,0.248975182855242,0.99988016650531
"ENSG00000285737",-0.491470806134228,1.48638855128247,1.4871476262512,0.249009243605489,0.99988016650531
"ENSG00000124688",-0.192483499556839,5.44437930341051,1.48669863541439,0.249065714464546,0.99988016650531
"ENSG00000284734",-0.796873038883585,0.493796354951398,1.48736162057578,0.24908414206743,0.99988016650531
"ENSG00000106077",0.324985140684231,3.07430380199459,1.48639776142775,0.249112226471423,0.99988016650531
"ENSG00000187554",-0.619816824005533,0.644467178436642,1.48588667277907,0.249240622260188,0.99988016650531
"ENSG00000174574",-0.188795102592321,6.39541642787576,1.48385593465426,0.249490570386381,0.99988016650531
"ENSG00000285752",-0.450810364555807,1.89812146416292,1.48338840298157,0.24956774672138,0.99988016650531
"ENSG00000293438",0.573977973671339,3.34601390618753,1.4832325180306,0.249584963864166,0.99988016650531
"ENSG00000152253",0.270255526434651,3.73294426542734,1.48287412495191,0.249638444490497,0.99988016650531
"ENSG00000133142",0.213200453107626,5.02435560497547,1.48278346340172,0.249651255830863,0.99988016650531
"ENSG00000081237",-0.299940789834845,8.484653086922,1.48260433428137,0.24967794393739,0.99988016650531
"ENSG00000169871",-0.185033155257583,7.13285727482606,1.48234105299309,0.249717387541104,0.99988016650531
"ENSG00000124177",-0.268404602590214,5.54673621415957,1.48232068008063,0.249720463209374,0.99988016650531
"ENSG00000145428",0.6920166939081,4.68735664404179,1.48231739964734,0.249721303351308,0.99988016650531
"ENSG00000254206",0.282373805785236,3.41835373421517,1.48204735767397,0.249762352562008,0.99988016650531
"ENSG00000101158",-0.190057662844748,5.84406405774159,1.48070862556747,0.249962141534731,0.99988016650531
"ENSG00000181027",0.312693139430541,3.35215537052285,1.47880980674419,0.250248233398262,0.99988016650531
"ENSG00000087510",0.616083086347382,1.13603609937631,1.47881049635889,0.250265108417982,0.99988016650531
"ENSG00000173261",0.498738231359334,1.43195337857867,1.47823489170189,0.250345339653396,0.99988016650531
"ENSG00000057294",0.70460324486796,0.642193757974964,1.47819263686067,0.25042209208067,0.99988016650531
"ENSG00000142634",-0.202128383193643,8.16750750980975,1.47761363060107,0.250427029352136,0.99988016650531
"ENSG00000229109",-0.489773782356608,1.52697124305504,1.47674340996114,0.250570106345139,0.99988016650531
"ENSG00000110931",-0.238117826121531,4.97228248728391,1.4766494127624,0.250572355003086,0.99988016650531
"ENSG00000303405",-0.272331385605644,4.27273241001155,1.47653107712559,0.250590350735985,0.99988016650531
"ENSG00000178184",0.692283115926547,1.76999395674843,1.4761435724251,0.250659740074825,0.99988016650531
"ENSG00000099889",0.805761364145224,0.386221539257305,1.47654651700461,0.250715685836329,0.99988016650531
"ENSG00000146247",-0.27350238089399,7.85542598533677,1.47533474184188,0.250770101119463,0.99988016650531
"ENSG00000181019",0.299390115092343,7.62685680941098,1.47532430874639,0.250771673312287,0.99988016650531
"ENSG00000221869",-0.276156106131375,7.77758388061441,1.47514365863094,0.250798896430931,0.99988016650531
"ENSG00000260911",-0.468004984490782,1.61619053395178,1.47470392874212,0.250874741543697,0.99988016650531
"ENSG00000138303",-0.214946320902805,5.15935355493234,1.47459588771272,0.250881511778268,0.99988016650531
"ENSG00000164877",0.442764460132069,2.53466480517943,1.47428360715851,0.250931832935645,0.99988016650531
"ENSG00000115425",0.406102326996778,3.45546644605437,1.47402309024696,0.250968847486003,0.99988016650531
"ENSG00000218739",-0.217896802323861,5.27257478937267,1.47347310756859,0.251050874657709,0.99988016650531
"ENSG00000111581",0.221577410383843,5.8849388644624,1.47304940174541,0.251114804155914,0.99988016650531
"ENSG00000163807",0.193041368750941,4.70999037300399,1.47287158135137,0.251142014202609,0.99988016650531
"ENSG00000185262",-0.198589025133149,6.09255969149832,1.47223624330343,0.251237598893721,0.99988016650531
"ENSG00000135324",0.991843005924526,0.535402363122609,1.47242139509208,0.251265906347445,0.99988016650531
"ENSG00000215374",1.2379124263109,0.408686704635748,1.47249953635974,0.251288806323811,0.99988016650531
"ENSG00000204103",-0.282120245768522,7.9476640391222,1.47178211384883,0.251306204149187,0.99988016650531
"ENSG00000264545",-0.889804954618077,-0.0772838975296215,1.46697254447363,0.251307807878855,0.99988016650531
"ENSG00000256087",0.293328119356904,3.54587221650165,1.47174844440128,0.251312123755867,0.99988016650531
"ENSG00000177076",0.628876019444011,1.21254392750066,1.47089036503803,0.251463599823124,0.99988016650531
"ENSG00000172057",-0.286329610688399,3.0999445954475,1.47046223292355,0.251507232450338,0.99988016650531
"ENSG00000099204",0.769589323768232,1.55123831723712,1.47030405865896,0.251542432014621,0.99988016650531
"ENSG00000110768",-0.179026544607895,5.49467846202839,1.46992806585977,0.25158663552003,0.99988016650531
"ENSG00000124333",-0.227810889948071,3.99364343474984,1.46977557241653,0.251610284702301,0.99988016650531
"ENSG00000292366",-0.227810889948071,3.99364343474984,1.46977557241653,0.251610284702301,0.99988016650531
"ENSG00000182326",-0.58352672037419,1.14237030236457,1.46976540710772,0.251633597473951,0.99988016650531
"ENSG00000143437",-0.209612063312046,5.96209492750583,1.46928738768382,0.251683616265483,0.99988016650531
"ENSG00000238287",0.22515413980531,7.64364876312852,1.46812743442054,0.251859340624788,0.99988016650531
"ENSG00000115904",-0.272282904917084,6.70469589751761,1.46806657085883,0.251868570238816,0.99988016650531
"ENSG00000247572",0.2623568858268,3.91767812065578,1.46623642517747,0.252146790341792,0.99988016650531
"ENSG00000288643",-0.680580311551775,0.700967386298712,1.46607078898763,0.252249794843032,0.99988016650531
"ENSG00000232725",0.810224871149834,1.57096844270572,1.46551357994173,0.252267035008209,0.99988016650531
"ENSG00000155097",-0.20998894709166,5.48119700102607,1.46525532215567,0.252295228481066,0.99988016650531
"ENSG00000273270",-0.457604732047957,2.25553046160012,1.46511494818324,0.252320994176619,0.99988016650531
"ENSG00000179101",-0.199098936764498,5.81036151772976,1.46452990685497,0.25240547029199,0.99988016650531
"ENSG00000295337",0.772045671647147,0.944768953334707,1.46393426555688,0.252531992741571,0.99988016650531
"ENSG00000099331",-0.188681184302441,7.24838553040923,1.46366552249706,0.252536906950852,0.99988016650531
"ENSG00000133627",0.24161104576668,4.15865071347934,1.46354958803588,0.252555026560933,0.99988016650531
"ENSG00000145386",0.234581164661415,4.88748761644537,1.46336720062464,0.252582610922875,0.99988016650531
"ENSG00000215252",0.31607633966493,4.54274391962511,1.46331415122539,0.252590756748636,0.99988016650531
"ENSG00000125753",-0.18098939551973,8.27363713907173,1.46328325216322,0.252595070687671,0.99988016650531
"ENSG00000132475",-0.205296313280021,9.28104008214095,1.46294239892599,0.252646949224487,0.99988016650531
"ENSG00000053918",0.417459724991916,5.26144385231246,1.46143743537985,0.252876268001365,0.99988016650531
"ENSG00000137142",0.556829816641338,2.05127804170295,1.46128169428503,0.252905325449504,0.99988016650531
"ENSG00000257605",0.456570780761353,1.33963663988216,1.46129633653642,0.252910733990214,0.99988016650531
"ENSG00000175197",-0.342051125193683,4.19129070313797,1.46087784264406,0.252961978666061,0.99988016650531
"ENSG00000005238",-0.221968659099443,4.57379550648571,1.4581317934491,0.253381083494167,0.99988016650531
"ENSG00000160087",-0.199598876776578,6.10295081109669,1.45800729159194,0.253399734354702,0.99988016650531
"ENSG00000230943",-0.382149637326141,2.15149597108485,1.45705783243379,0.25354904331829,0.99988016650531
"ENSG00000238197",-0.439145724914852,2.47340825948829,1.45604795228655,0.253702368158813,0.99988016650531
"ENSG00000188501",1.19138076129669,0.0331005266343064,1.45705939965995,0.253710451005843,0.99988016650531
"ENSG00000131351",0.27675453243989,3.85535705078172,1.45596962894794,0.253712096777316,0.99988016650531
"ENSG00000179335",-0.212284137062819,4.33732132107072,1.45543238744123,0.253794143126153,0.99988016650531
"ENSG00000126861",0.460156210685961,2.772505036745,1.45540547606276,0.25379988862024,0.99988016650531
"ENSG00000163362",0.31169134885932,3.7933401006749,1.45469111590836,0.253907968245722,0.99988016650531
"ENSG00000180694",0.230687225410248,4.33960223936445,1.45460203673523,0.253921359855323,0.99988016650531
"ENSG00000010318",0.330728347682372,3.08792418100558,1.45398592395012,0.254017687586235,0.99988016650531
"ENSG00000173653",-0.287175212377087,3.36419111298958,1.45298352628328,0.254170349272461,0.99988016650531
"ENSG00000118260",-0.18038160683368,6.46897285258718,1.45229369466552,0.254275080380668,0.99988016650531
"ENSG00000204843",0.745759370777537,1.91253880391672,1.45188728048511,0.254343720109897,0.99988016650531
"ENSG00000309320",0.547267328084347,2.33339141054358,1.45184185818343,0.254348556660291,0.99988016650531
"ENSG00000251136",-0.213244827370191,5.45522683461451,1.45173736910502,0.25436055325995,0.99988016650531
"ENSG00000117143",0.251186878563069,4.4075581142746,1.4517149527964,0.25436440624423,0.99988016650531
"ENSG00000197461",-0.267809630337399,6.1240135268992,1.45148231793436,0.254399725704474,0.99988016650531
"ENSG00000183281",0.476243299272597,1.50037510641326,1.45117983960322,0.2544569212502,0.99988016650531
"ENSG00000232907",0.667984312954168,2.70453612217,1.45109105719512,0.254462997137565,0.99988016650531
"ENSG00000290962",0.659329174572891,0.686288647095737,1.45131727286352,0.254539317166187,0.99988016650531
"ENSG00000160325",1.41367631140207,0.447078957764263,1.45123689952678,0.254603233679372,0.99988016650531
"ENSG00000266258",0.629639505254888,1.80218377233022,1.450099279227,0.25461909183468,0.99988016650531
"ENSG00000165118",-0.282923048761943,3.74810952471477,1.44959828427814,0.254690231715835,0.99988016650531
"ENSG00000118363",-0.190340257677858,6.84790805728619,1.44957794254835,0.254692593891855,0.99988016650531
"ENSG00000080371",-0.186518020987145,6.55181346809903,1.44916456072481,0.254756230564638,0.99988016650531
"ENSG00000182253",0.422590590136698,2.3874947198316,1.44849949791652,0.254862645570581,0.99988016650531
"ENSG00000143674",0.49427285535914,3.17143291399556,1.44827231181295,0.254895100672727,0.99988016650531
"ENSG00000261094",-0.746970260435521,0.320263980081922,1.44862220566479,0.254977487414772,0.99988016650531
"ENSG00000065308",0.352877094296227,4.02658646854356,1.44761473152712,0.254995571545028,0.99988016650531
"ENSG00000126785",1.06806203519496,0.00586141547628962,1.44841461178447,0.255072406757583,0.99988016650531
"ENSG00000105245",0.526939109963426,2.54270405128531,1.44709111581801,0.255078340144798,0.99988016650531
"ENSG00000269834",0.424020940790778,2.12820200706768,1.44707781966649,0.255082695612847,0.99988016650531
"ENSG00000118217",-0.255071863288697,6.82642983710273,1.44694014435748,0.255099023310097,0.99988016650531
"ENSG00000268043",-0.212743134351908,5.79021877568774,1.44667390532921,0.255140108889637,0.99988016650531
"ENSG00000112290",0.307045990440915,3.52386602282672,1.44639961357024,0.255183352757543,0.99988016650531
"ENSG00000141741",-0.248666320841815,5.41291548966543,1.44611910901747,0.255225740070307,0.99988016650531
"ENSG00000122966",0.24533760375256,4.91486813686401,1.44538826126175,0.255338860132457,0.99988016650531
"ENSG00000172197",0.711204904971038,1.46799913383674,1.44542468153747,0.255347899103171,0.99988016650531
"ENSG00000170743",0.747412873836772,0.516156168777844,1.44566338726607,0.255381283675857,0.99988016650531
"ENSG00000183092",0.833485151026804,1.95549444600794,1.44491194330117,0.255421244730913,0.99988016650531
"ENSG00000179855",-0.35477139726448,3.19969026077831,1.44450995768721,0.255475671966633,0.99988016650531
"ENSG00000258824",0.370091975242676,2.27155823246992,1.44442321354286,0.255491021015806,0.99988016650531
"ENSG00000153898",-0.283120569524991,8.48887112463279,1.44379459943171,0.255584842538474,0.99988016650531
"ENSG00000290385",0.474230093211286,1.51279224943894,1.44373329744704,0.255604491809486,0.99988016650531
"ENSG00000259116",0.520325393423902,1.68209685155609,1.44308972102432,0.255702172025688,0.99988016650531
"ENSG00000169184",-0.767932850805396,0.300149038323673,1.44343045797504,0.255801728860741,0.99988016650531
"ENSG00000107562",-0.379768640897256,2.78617711128248,1.44162435121718,0.25592256241263,0.99988016650531
"ENSG00000100722",0.187553657490675,5.33349420109193,1.44113942365557,0.255995952515474,0.99988016650531
"ENSG00000294511",-0.510915041695764,1.39092600916753,1.44115833535916,0.256010029724567,0.99988016650531
"ENSG00000224596",0.604233303050698,1.99962595660485,1.44075558454332,0.25606076264422,0.99988016650531
"ENSG00000071051",-0.172193020368533,7.2010029956738,1.44063826210017,0.25607360831548,0.99988016650531
"ENSG00000125351",0.21241881492406,5.30967074138997,1.44009026037743,0.25615863349481,0.99988016650531
"ENSG00000149311",0.188812589474871,5.96046286963149,1.43992236983775,0.256184655293623,0.99988016650531
"ENSG00000092929",0.209360238863943,4.80634839098033,1.43894432115595,0.256336749776769,0.99988016650531
"ENSG00000143499",0.265385445356968,3.56891931397912,1.43817936230724,0.256456204224962,0.99988016650531
"ENSG00000235419",-0.198352451485219,7.28991804862819,1.43816010305512,0.256458252005669,0.99988016650531
"ENSG00000100220",-0.282162532883643,6.23953714681132,1.43804407445374,0.25647628845696,0.99988016650531
"ENSG00000307666",1.10406579237019,1.08738479807675,1.43809981294593,0.256487787485491,0.99988016650531
"ENSG00000168246",-0.181909153033887,5.34921836118672,1.4364152205016,0.256729590398411,0.99988016650531
"ENSG00000168273",0.183886555913213,6.5440590979401,1.43615319013584,0.256770335889985,0.99988016650531
"ENSG00000077782",-0.165454402022868,6.35918421958493,1.43494459234835,0.256958528113113,0.99988016650531
"ENSG00000049541",0.200637746945207,4.72641190362531,1.43478667775984,0.256983483412157,0.99988016650531
"ENSG00000138433",-0.218178168947466,5.54258218961429,1.43456329298252,0.257017960049576,0.99988016650531
"ENSG00000204228",-0.857868248407552,0.771370832638092,1.43508040895866,0.25706984943849,0.99988016650531
"ENSG00000296678",0.988904309275959,0.535489822349416,1.43460316554798,0.257084603857044,0.99988016650531
"ENSG00000306450",0.713565311794195,1.29142342751592,1.4339310708143,0.257145580065785,0.99988016650531
"ENSG00000126107",-0.256570192634028,3.85570408616206,1.43364667708636,0.257161531235058,0.99988016650531
"ENSG00000175575",0.229606433250877,4.24062509822275,1.43319355785781,0.257231975195433,0.99988016650531
"ENSG00000203727",0.646365668099201,1.20670657613729,1.43311220941461,0.25725797375157,0.99988016650531
"ENSG00000286652",0.632446516330497,1.06588881187587,1.43241480128698,0.257373534430209,0.99988016650531
"ENSG00000124491",0.897369846972655,1.32512931619603,1.43247517339513,0.257407521437382,0.99988016650531
"ENSG00000263934",0.561476966856029,1.39916273755296,1.43209642841762,0.257418484792085,0.99988016650531
"ENSG00000230844",-0.536489182257616,1.0542073105084,1.43099965935268,0.257604168333974,0.99988016650531
"ENSG00000240053",0.849175415066254,0.497149218877381,1.43112871255388,0.257614175788175,0.99988016650531
"ENSG00000232811",-0.486750902742269,2.08030656808079,1.43002636875822,0.257731320922183,0.99988016650531
"ENSG00000294498",0.566086143066495,1.87628103632259,1.42983320456074,0.257764060438942,0.99988016650531
"ENSG00000101945",0.413209389581234,2.54532041585665,1.42968978703665,0.257782099234783,0.99988016650531
"ENSG00000167566",0.676669702285527,2.3069544809495,1.42946996233259,0.257817346777754,0.99988016650531
"ENSG00000156381",0.371037847408442,3.60572212538681,1.42812883128357,0.258024301894121,0.99988016650531
"ENSG00000283108",0.66852393950511,1.86677601013507,1.42795021561061,0.258058603018205,0.99988016650531
"ENSG00000243089",-0.335586396225544,4.93537491474763,1.42780946201244,0.258073543197308,0.99988016650531
"ENSG00000295786",1.31091809409094,0.5693072470738,1.42791896380958,0.258106805100297,0.99988016650531
"ENSG00000171444",-0.294114357919007,3.16443265513376,1.42744704182433,0.258131428369529,0.99988016650531
"ENSG00000197763",0.443252095751258,3.34796501900176,1.42688469540506,0.258219507866984,0.99988016650531
"ENSG00000078098",-0.660192380623763,0.732218281915462,1.42695054185956,0.258284106098667,0.99988016650531
"ENSG00000299357",-0.668194532777132,0.615160892994269,1.42599854072014,0.258435644416578,0.99988016650531
"ENSG00000118564",0.175075487746886,6.1739658806803,1.42536747612049,0.258456489504913,0.99988016650531
"ENSG00000180891",0.442435048945667,3.21239137459737,1.42494625803929,0.25852369916295,0.99988016650531
"ENSG00000246250",0.647245951703643,1.81303252259934,1.42466751116594,0.258573627178378,0.99988016650531
"ENSG00000103264",0.504154018411335,1.97382753198898,1.42458607124338,0.258585065512463,0.99988016650531
"ENSG00000182489",-0.737162850545503,0.263441790649962,1.42507074504658,0.258637404094393,0.99988016650531
"ENSG00000234377",0.624420734573003,0.680018856674406,1.42388737998428,0.258739617401796,0.99988016650531
"ENSG00000149636",0.356937820127562,3.84588410390765,1.42340370758377,0.258765976778732,0.99988016650531
"ENSG00000287382",-0.543884715213594,3.3465063402184,1.42310221835138,0.258813616216485,0.99988016650531
"ENSG00000255717",0.191919771563842,6.1614261748839,1.42305503038614,0.258819973025633,0.99988016650531
"ENSG00000140553",0.228860918281119,4.41981659042301,1.42241360482778,0.258921324765035,0.99988016650531
"ENSG00000148411",0.36149898064723,5.93073319456909,1.42166863165962,0.259038234407108,0.99988016650531
"ENSG00000071127",-0.183713004938218,7.81002640931688,1.42077034367001,0.259179771604219,0.99988016650531
"ENSG00000300642",0.943032280986267,0.427996525917587,1.4213483374991,0.259202281738561,0.99988016650531
"ENSG00000129467",-0.519194207076312,1.42244842958696,1.41960211214407,0.259380006727689,0.99988016650531
"ENSG00000079435",0.619627029648931,1.30147377784586,1.41928787465381,0.259429679000719,0.99988016650531
"ENSG00000171928",-0.255297056521211,3.57505461153644,1.41896259535723,0.259465820140519,0.99988016650531
"ENSG00000043462",-0.19394859975131,5.94109498445765,1.41854753756442,0.259530511087803,0.99988016650531
"ENSG00000128052",1.00694906247313,1.29623192595842,1.41871749993758,0.259530625218262,0.99988016650531
"ENSG00000064270",0.76051093907976,0.300569239465264,1.41887898083362,0.259579876954118,0.99988016650531
"ENSG00000096654",-0.601670463629814,0.869745301845351,1.41843011754615,0.259601276552094,0.99988016650531
"ENSG00000185453",0.374953956282555,3.19872656550832,1.41790924073043,0.259632590480619,0.99988016650531
"ENSG00000288021",-0.510718752116437,0.99444998628594,1.41763780126557,0.259705933354978,0.99988016650531
"ENSG00000173598",0.252669329254306,5.43641596791071,1.41719903370394,0.259743615537036,0.99988016650531
"ENSG00000223597",0.437360610773438,1.6761633013752,1.41709829332289,0.259766784454604,0.99988016650531
"ENSG00000305063",-0.775164306505618,0.380297638042896,1.41728921160165,0.25985395593406,0.99988016650531
"ENSG00000130590",0.419629274487706,1.84135458951074,1.41641811699178,0.259873788226185,0.99988016650531
"ENSG00000150760",0.662912130617782,1.29410514929507,1.41615199451995,0.259923377572192,0.99988016650531
"ENSG00000240405",-0.449181625254089,1.97436243742132,1.4148660295615,0.260119263447568,0.99988016650531
"ENSG00000147485",-0.593878234245919,1.77455595570255,1.41448152854771,0.260181019756746,0.99988016650531
"ENSG00000111859",0.446078296401769,3.78807001271681,1.4137930347519,0.260283584337137,0.99988016650531
"ENSG00000132294",-0.210104721272267,6.32052052415598,1.41336473146436,0.260350798051609,0.99988016650531
"ENSG00000105856",-0.282267744339181,3.30122556009005,1.41325984674552,0.260368542632621,0.99988016650531
"ENSG00000136367",0.457383062347087,1.99000069473602,1.41296476284471,0.260419814397175,0.99988016650531
"ENSG00000100325",0.191132219195154,5.77594568171978,1.41258634066368,0.26047431341705,0.99988016650531
"ENSG00000143093",-0.229621821204217,4.3945770588178,1.41155710087626,0.260638150540843,0.99988016650531
"ENSG00000107566",0.220429023615695,5.2000760990841,1.41144993715185,0.260654997882127,0.99988016650531
"ENSG00000136518",0.189985989383006,5.06332071287847,1.41113935918125,0.260704274406771,0.99988016650531
"ENSG00000170485",-0.270915993870505,4.16590145320464,1.4102237956194,0.260850102169778,0.99988016650531
"ENSG00000289641",0.643899917555884,1.14177341343219,1.40986240606541,0.260925141341611,0.99988016650531
"ENSG00000225484",0.19392099308341,6.77378249593786,1.40973432374892,0.260927509910497,0.99988016650531
"ENSG00000079332",-0.180692369552161,5.52958057076234,1.40947149083034,0.260969354085313,0.99988016650531
"ENSG00000066322",-0.218385137867936,6.43361353004042,1.40912789000257,0.261024020313027,0.99988016650531
"ENSG00000162222",-0.217213580741965,4.39033492613152,1.40902222828575,0.261041262856638,0.99988016650531
"ENSG00000160191",-0.529175821338862,1.93321008103921,1.40894656888637,0.261058717657268,0.99988016650531
"ENSG00000163512",-0.198789193621748,5.94132999297822,1.40887363065865,0.261064504388173,0.99988016650531
"ENSG00000185055",-0.20322202339939,5.62025302305053,1.40831958831302,0.261152747516674,0.99988016650531
"ENSG00000042286",-0.268484394805081,4.04023657351935,1.40805371191702,0.261195581012308,0.99988016650531
"ENSG00000290476",0.293687517754893,4.45483404784046,1.40797658649418,0.261207784035621,0.99988016650531
"ENSG00000181894",-0.558246772966885,1.56230930775319,1.40704955290784,0.261367002026929,0.99988016650531
"ENSG00000090097",0.985570121813428,2.84918435381695,1.40681841492521,0.261394198824943,0.99988016650531
"ENSG00000140545",0.6133724627748,1.33354611133908,1.40574577587146,0.261577937808186,0.99988016650531
"ENSG00000168016",-0.200347586095621,4.6335952487178,1.40482127196779,0.261711159723418,0.99988016650531
"ENSG00000163453",0.257403615966679,5.08501709701082,1.40477995786438,0.261717746596077,0.99988016650531
"ENSG00000003509",-0.245059000917627,4.29100813631432,1.40447148652776,0.261767099578051,0.99988016650531
"ENSG00000129534",0.235263198829654,5.78846917665838,1.40444350456641,0.261771158993797,0.99988016650531
"ENSG00000303015",1.06673418840673,0.972483875093292,1.40464644072896,0.261830556850542,0.99988016650531
"ENSG00000204442",0.726944805466334,1.30726900430997,1.4040586827492,0.261858384394839,0.99988016650531
"ENSG00000126947",-0.273828059269419,4.31454611449735,1.40388755231364,0.261860428569639,0.99988016650531
"ENSG00000077549",-0.180228933278484,8.9464052646464,1.40383748570759,0.261868006556983,0.99988016650531
"ENSG00000293607",-0.446722180005777,2.61832085721597,1.40384381990628,0.261869544066793,0.99988016650531
"ENSG00000112877",0.342216170868097,2.7396352873949,1.40332007322245,0.261953067722646,0.99988016650531
"ENSG00000259138",0.692914190754192,1.42898524519629,1.40266405188245,0.262068828946152,0.99988016650531
"ENSG00000305586",0.764072118591714,0.566416969493513,1.40219851993921,0.262225586600554,0.99988016650531
"ENSG00000155719",-0.802343461462991,-0.0667344660988621,1.40251362995635,0.262318694447393,0.99988016650531
"ENSG00000307020",0.722791094885405,1.39355836591294,1.40035786613986,0.262439968002285,0.99988016650531
"ENSG00000103534",0.930629868793734,0.25012225279307,1.40143742015373,0.262463184562755,0.99988016650531
"ENSG00000101311",0.4389083599811,2.12769954871575,1.39981260275314,0.262518746604134,0.99988016650531
"ENSG00000198431",-0.205376988768133,7.79426053927148,1.39950663524732,0.262561716110028,0.99988016650531
"ENSG00000167258",-0.22494420001552,6.76223594684073,1.39918791606203,0.262612871688995,0.99988016650531
"ENSG00000290674",0.466745938480221,1.44437414460779,1.39912998412464,0.262632431436231,0.99988016650531
"ENSG00000304140",0.606317316718705,1.98353762144628,1.39892094911861,0.262662830138667,0.99988016650531
"ENSG00000099284",0.406539722725668,3.89620879051504,1.3987317366628,0.262686711164923,0.99988016650531
"ENSG00000068001",0.305086603766018,3.44267770931476,1.39860161088765,0.262707938294728,0.99988016650531
"ENSG00000187790",0.243392684577826,4.12954369607291,1.39837772177224,0.262743474126917,0.99988016650531
"ENSG00000174915",0.261051978273997,3.85090527276401,1.39766662381859,0.26285787803124,0.99988016650531
"ENSG00000248019",0.390841618640683,3.17348418524907,1.39740314768182,0.262900997336406,0.99988016650531
"ENSG00000138772",-0.350171577678557,2.22139523856303,1.39723416442057,0.262930535526433,0.99988016650531
"ENSG00000120733",-0.181921779049615,6.61810760748361,1.39652907456906,0.263040128896311,0.99988016650531
"ENSG00000141480",0.311074105231179,4.82688385327451,1.39618495756131,0.26309573448347,0.99988016650531
"ENSG00000239911",0.443949077993903,2.469121326346,1.39579822864002,0.263160716225928,0.99988016650531
"ENSG00000262370",0.274096365528665,3.27059449311877,1.3955658893905,0.263196283527795,0.99988016650531
"ENSG00000130783",0.539692367863563,1.75845491485844,1.39531290010227,0.263243837781899,0.99988016650531
"ENSG00000077514",0.259078603039702,5.31504609400844,1.39512118672897,0.26326678899433,0.99988016650531
"ENSG00000300585",0.892832232178985,0.281000289028605,1.39582534524763,0.263281712443958,0.99988016650531
"ENSG00000177103",-0.56743966732104,0.858900336312388,1.3951985233617,0.263292657540242,0.99988016650531
"ENSG00000270871",0.433975289013403,2.62612960241728,1.39456076023433,0.263359471112416,0.99988016650531
"ENSG00000271425",-0.227134012965328,5.36409171086945,1.39423409742886,0.263409711853135,0.99988016650531
"ENSG00000072071",0.423485674959705,4.55177116904548,1.39414931231706,0.263423754442655,0.99988016650531
"ENSG00000114127",-0.29118358780105,6.55707810568009,1.39373727505892,0.263489780696158,0.99988016650531
"ENSG00000044574",-0.29561064666531,8.7699323640579,1.39314506329538,0.2635852932847,0.99988016650531
"ENSG00000176371",-0.37717143751391,2.23100261176737,1.39313235682462,0.263591997723334,0.99988016650531
"ENSG00000122674",-0.171487248834922,6.10858870322197,1.39216552624547,0.263743400878868,0.99988016650531
"ENSG00000288767",-0.380748483832402,2.99779342227891,1.39199331469984,0.263772588215049,0.99988016650531
"ENSG00000236708",0.409248948291205,1.92305449710494,1.39192026182632,0.263789898749749,0.99988016650531
"ENSG00000241959",0.714527270955882,0.857488925002065,1.39199521573543,0.263809977840491,0.99988016650531
"ENSG00000037757",0.344605769755632,4.38459761066825,1.39049291546844,0.264014068059558,0.99988016650531
"ENSG00000130724",-0.187374597103174,6.20103666601899,1.38996098332845,0.264099687116682,0.99988016650531
"ENSG00000166900",-0.184446092118133,5.07543498167452,1.38953745615931,0.26416829933242,0.99988016650531
"ENSG00000121989",-0.276356473243961,6.35952612079316,1.38933215694171,0.264201432063185,0.99988016650531
"ENSG00000137478",-0.270455999418376,7.72422794060858,1.38911708578972,0.264236238194847,0.99988016650531
"ENSG00000265241",-0.412832497421027,1.74327798407973,1.3890492980487,0.264257128554812,0.99988016650531
"ENSG00000062038",-0.715174209686125,0.905645414652511,1.38893165210101,0.26430738030241,0.99988016650531
"ENSG00000135838",0.261209436581446,4.74669919897459,1.38842662490394,0.264348318098542,0.99988016650531
"ENSG00000140153",-0.239328826504131,5.32002728159926,1.38784575914688,0.264442187791976,0.99988016650531
"ENSG00000106236",-0.266333260381361,5.71794866761641,1.38780096448874,0.264449428346755,0.99988016650531
"ENSG00000181619",0.619283275398194,0.986402111456492,1.38759303674624,0.264505267752701,0.99988016650531
"ENSG00000091986",0.862861136518577,1.39136131986308,1.38699997436844,0.264592193519516,0.99988016650531
"ENSG00000184828",-0.646674940271441,0.79033516367694,1.38706909369152,0.264624403298987,0.99988016650531
"ENSG00000196569",0.55343286523813,1.29699041312454,1.38665489619779,0.264648852950712,0.99988016650531
"ENSG00000169762",0.219672872952179,5.34398695281807,1.38643906397111,0.264670278713611,0.99988016650531
"ENSG00000175691",0.385038867003128,2.31519818703997,1.38612120206261,0.264725500047148,0.99988016650531
"ENSG00000165632",0.183449429525343,5.8416344944667,1.38608452640596,0.264727795264229,0.99988016650531
"ENSG00000251199",0.784890678727386,0.337430183989157,1.38669010396875,0.264728629733413,0.99988016650531
"ENSG00000164037",-0.403904202148854,2.30076009411269,1.38606133658135,0.264735221511303,0.99988016650531
"ENSG00000128524",-0.288844640012597,7.1303999097516,1.38599547890019,0.264742233261211,0.99988016650531
"ENSG00000259336",0.335918500880307,3.57810851407532,1.38563901050339,0.264800893012278,0.99988016650531
"ENSG00000012211",0.314149976545928,3.87227693811565,1.38558755744109,0.264809062751084,0.99988016650531
"ENSG00000277791",-0.255008109758613,8.8131326420552,1.38518163886489,0.264874368077097,0.99988016650531
"ENSG00000248774",0.485542125137712,1.80918057569007,1.38464331348031,0.26497093156439,0.99988016650531
"ENSG00000206560",0.241596744298654,4.836982283661,1.38418120573344,0.265037225075262,0.99988016650531
"ENSG00000173276",0.256782115640089,3.60000228969853,1.38390115398457,0.265083243128799,0.99988016650531
"ENSG00000101146",0.18943810736301,4.90164807804422,1.38377373048266,0.265103447656871,0.99988016650531
"ENSG00000173465",-0.207517123869407,4.50767058045019,1.38358674656477,0.265133994587887,0.99988016650531
"ENSG00000127124",-0.170637813539255,8.23029215600612,1.38290452501736,0.265244571306704,0.99988016650531
"ENSG00000272754",0.657973886423874,0.737582548127359,1.38263003767048,0.265328966289968,0.99988016650531
"ENSG00000117519",0.546418695168322,3.64575707188645,1.38232770610724,0.265339216309901,0.99988016650531
"ENSG00000161405",0.601956673280533,1.5754112098314,1.38229449969008,0.265353387691999,0.99988016650531
"ENSG00000197355",-0.210963840273326,4.48811114522737,1.38205425964615,0.265383398243388,0.99988016650531
"ENSG00000118705",-0.185334636934164,8.14220437665391,1.38199054671595,0.26539336257053,0.99988016650531
"ENSG00000036549",0.186926873894717,6.08720668518372,1.38159488037401,0.265457822880058,0.99988016650531
"ENSG00000253618",1.04901443129006,0.770095218161461,1.38184599157679,0.265484596493232,0.99988016650531
"ENSG00000100567",-0.200864618171678,7.14189633882727,1.38113912443759,0.26553207545924,0.99988016650531
"ENSG00000119906",0.246008346433946,4.8918511698957,1.38068796323022,0.265605868200225,0.99988016650531
"ENSG00000225975",0.375694738863208,2.22646585647156,1.3805693123586,0.265629236441511,0.99988016650531
"ENSG00000126062",-0.246836052808552,4.19481219948296,1.38006222604687,0.265708126161862,0.99988016650531
"ENSG00000145014",0.339579822617293,3.12262621283634,1.3797231580333,0.265764421432444,0.99988016650531
"ENSG00000308758",-0.56220660181545,0.916010027259135,1.37931015433755,0.265874245245522,0.99988016650531
"ENSG00000173218",0.324417703156377,4.19063343512708,1.37841320627039,0.265977322633225,0.99988016650531
"ENSG00000267809",-0.475581397001206,1.45494356059425,1.37822517058037,0.266021686403279,0.99988016650531
"ENSG00000290457",0.939381713866342,0.818447892653481,1.37833890126414,0.266034287950543,0.99988016650531
"ENSG00000223511",-0.283100715423713,3.52142455764832,1.37785968668449,0.266068142885031,0.99988016650531
"ENSG00000310540",-0.283100715423713,3.52142455764832,1.37785968668449,0.266068142885031,0.99988016650531
"ENSG00000267698",0.577286435516377,2.50428410999766,1.37774206791219,0.266089566773981,0.99988016650531
"ENSG00000168944",0.269983440149958,3.88689049443202,1.37682510253065,0.266237064870267,0.99988016650531
"ENSG00000180992",-0.214057706945668,5.79159411640883,1.37639302212851,0.266307145277765,0.99988016650531
"ENSG00000078487",-0.425225116373392,2.53120390146768,1.37605778627062,0.26636500059088,0.99988016650531
"ENSG00000272145",0.302207644124248,4.13301938831512,1.37601919118363,0.266368768495128,0.99988016650531
"ENSG00000204709",0.60866546379432,0.63552322978369,1.37639283735737,0.266379644163681,0.99988016650531
"ENSG00000167986",0.18567318804537,6.7556764245161,1.37569708638316,0.266421041681673,0.99988016650531
"ENSG00000263990",0.799235942120146,0.579676985296106,1.37508840875743,0.266639306092073,0.99988016650531
"ENSG00000288878",0.323471906884764,3.50002498635116,1.37370645681151,0.266748055739919,0.99988016650531
"ENSG00000307096",0.441412756191249,1.91472895620616,1.37263966082222,0.266928330299704,0.99988016650531
"ENSG00000133943",-0.169066486226403,6.1536150235921,1.3725570404182,0.266935847238883,0.99988016650531
"ENSG00000157554",0.994874171277203,1.20519956351988,1.37223124737893,0.26701110376036,0.99988016650531
"ENSG00000118965",0.387551070903968,2.6233444426261,1.3713752600629,0.267132053030998,0.99988016650531
"ENSG00000130731",0.238387575603824,5.73106888663842,1.3712946743882,0.267143210087315,0.99988016650531
"ENSG00000171970",-0.49857080506263,1.46314152146042,1.37113776155383,0.267184623448856,0.99988016650531
"ENSG00000260126",-0.560169629711335,0.70157207798348,1.37124848987956,0.267219302187668,0.99988016650531
"ENSG00000134138",0.222464623924677,6.08004960500037,1.36982069264657,0.26738558265296,0.99988016650531
"ENSG00000227258",-0.872259014278043,0.223837018581741,1.37006926748101,0.267509364653825,0.99988016650531
"ENSG00000077684",0.219651225284038,4.2716231967706,1.36844886605061,0.267611955794149,0.99988016650531
"ENSG00000123213",-0.299841929542503,6.9468727324841,1.36805905721037,0.267675662708102,0.99988016650531
"ENSG00000160062",0.760496966895739,0.926064965227124,1.36763768592712,0.26777877150718,0.99988016650531
"ENSG00000134744",0.208220387953435,6.27702732518508,1.36677256744741,0.267887789578438,0.99988016650531
"ENSG00000297834",-0.580523380290301,1.10380760593956,1.36669420389186,0.267923580352111,0.99988016650531
"ENSG00000099219",0.19708885913871,5.24126216225421,1.36622353947802,0.267978419355894,0.99988016650531
"ENSG00000138031",0.211971815569648,5.37063764213757,1.36595662187078,0.268022471393789,0.99988016650531
"ENSG00000144395",0.377000575941536,3.20244555535267,1.36577151458351,0.268054255674817,0.99988016650531
"ENSG00000295237",-0.69658514893725,0.447255209415299,1.36523916417591,0.26821859824122,0.99988016650531
"ENSG00000227354",0.64476525144548,1.00492487405567,1.3646559210227,0.268263832726362,0.99988016650531
"ENSG00000166598",-0.27764885931326,10.1066059514204,1.36426913286566,0.268301221238064,0.99988016650531
"ENSG00000142235",0.639732554016593,1.75145880784916,1.36418150029103,0.268324141746248,0.99988016650531
"ENSG00000135506",-0.21807556122382,7.02131349077802,1.36369668204679,0.268395888418974,0.99988016650531
"ENSG00000232019",-0.549337561410944,1.36200478282194,1.3621933839391,0.268660566178503,0.99988016650531
"ENSG00000164284",0.320387220634348,3.86853501109405,1.36201395634698,0.268675094317921,0.99988016650531
"ENSG00000299696",-0.481931697745005,1.68868948895915,1.36177153096998,0.268722314030747,0.99988016650531
"ENSG00000183291",-0.207135136791769,7.55141331172021,1.3614340698712,0.268770497567697,0.99988016650531
"ENSG00000230438",0.616442832041314,0.887300608246068,1.36129191874273,0.268819172980251,0.99988016650531
"ENSG00000139579",0.293930527787216,4.84733991314837,1.3606131715899,0.268906842567308,0.99988016650531
"ENSG00000010671",-0.201403141952901,5.93653128018315,1.35974278252852,0.269051003849284,0.99988016650531
"ENSG00000115514",-0.205226671825939,4.93459950215488,1.35973573807762,0.269052426876263,0.99988016650531
"ENSG00000132470",0.637375640118054,1.16269110877221,1.35979233221258,0.269073572200286,0.99988016650531
"ENSG00000198838",0.758792240201569,0.48397664333391,1.35978559379564,0.269111183023823,0.99988016650531
"ENSG00000273018",0.323071226277986,3.50295655325982,1.3588926766851,0.269192977029671,0.99988016650531
"ENSG00000254812",0.642532401571322,0.522460910052954,1.35854209526402,0.269327370021048,0.99988016650531
"ENSG00000132780",0.192188686798238,8.11272283921538,1.35797098914697,0.269345264679249,0.99988016650531
"ENSG00000231528",-0.580553534255137,1.78255202960948,1.35739448617006,0.269448761735986,0.99988016650531
"ENSG00000270828",-0.628914970709452,0.89255130777922,1.35736130302333,0.269478416903933,0.99988016650531
"ENSG00000253549",0.757763808603697,1.59785889591885,1.35702710377685,0.269524205018225,0.99988016650531
"ENSG00000089094",-0.235098790679246,7.48568251153946,1.35684792928987,0.269532024852046,0.99988016650531
"ENSG00000137841",0.236682209232983,5.1369423803921,1.35489711687123,0.269856908885378,0.99988016650531
"ENSG00000288044",-0.298537887487999,5.19380102634591,1.35461631955469,0.269903732624429,0.99988016650531
"ENSG00000128917",-0.225696203886902,6.16381460714234,1.35379189335713,0.270041144284539,0.99988016650531
"ENSG00000310261",-0.769469695079113,0.625886683823299,1.35406058454599,0.270102118301699,0.99988016650531
"ENSG00000296463",-0.593327101148923,0.963179313688374,1.35366574155639,0.270102303098949,0.99988016650531
"ENSG00000113924",-0.362668791462981,3.87089135953185,1.35342850460355,0.27010232488475,0.99988016650531
"ENSG00000229107",0.685933856098924,0.602317064428196,1.35377973436413,0.27010735283909,0.99988016650531
"ENSG00000151164",0.517116613702364,1.88251772362298,1.35337306412307,0.270118986506775,0.99988016650531
"ENSG00000286371",0.640722728404203,0.845757338611882,1.35304737133121,0.270194815450361,0.99988016650531
"ENSG00000188305",0.858531316551094,0.980397391165743,1.35307964808447,0.270203366807002,0.99988016650531
"ENSG00000037042",-0.395894237612364,2.15420240522014,1.35190862312527,0.270359841851997,0.99988016650531
"ENSG00000107742",-0.652299406155947,0.320526740970557,1.3524914727442,0.270368219666633,0.99988016650531
"ENSG00000092203",-0.179843646752976,4.95498868018092,1.35104847354134,0.270499536995617,0.99988016650531
"ENSG00000121671",0.228208793960841,4.03067426793819,1.3507136497354,0.270555823724443,0.99988016650531
"ENSG00000226200",0.623986326881452,0.902509961440316,1.3509025039867,0.270556824462569,0.99988016650531
"ENSG00000255571",0.782050666309618,0.962277144948893,1.35139487184243,0.270591348448098,0.99988016650531
"ENSG00000166532",0.453819785276774,2.08923272123998,1.35028180881265,0.270632486356674,0.99988016650531
"ENSG00000249806",-0.584855500630534,0.960633725147689,1.34915062561237,0.270855518424612,0.99988016650531
"ENSG00000250646",2.0574283186588,-0.192126577781891,1.3316741284862,0.270876692542807,0.99988016650531
"ENSG00000079134",0.184197032076149,5.41809484839292,1.34778778174416,0.271045285336738,0.99988016650531
"ENSG00000002726",-0.294971503807551,6.90866035360788,1.3475797931078,0.271080133967219,0.99988016650531
"ENSG00000063127",0.57809758724786,1.57723346476504,1.3474185083853,0.271116613090351,0.99988016650531
"ENSG00000158488",0.592783846008724,1.50347026272711,1.34733212602406,0.27113309379254,0.99988016650531
"ENSG00000231689",-0.799403104718546,-0.00737532527408402,1.34852525025619,0.271148330339914,0.99988016650531
"ENSG00000128581",0.469884742311044,2.01492118706456,1.34709058548098,0.271167844517119,0.99988016650531
"ENSG00000069399",-0.240875861417036,8.0483156085917,1.34658462297606,0.271247090679435,0.99988016650531
"ENSG00000174109",-0.280757891557098,5.72283746071081,1.34620827865377,0.27131028980743,0.99988016650531
"ENSG00000177410",-0.236401672615571,7.74000674882134,1.34591453161823,0.27135959287745,0.99988016650531
"ENSG00000013306",0.262816576178758,5.45279487503276,1.34581803401854,0.271375831235225,0.99988016650531
"ENSG00000177685",0.761806356728117,0.701718822222278,1.34614071266253,0.271424489095181,0.99988016650531
"ENSG00000100714",0.191227513293256,5.45474899615501,1.34516845028521,0.271484959517796,0.99988016650531
"ENSG00000130005",0.369238428681979,5.00453976083937,1.34516695710369,0.271485426148896,0.99988016650531
"ENSG00000238123",0.86183326963069,1.55142689829403,1.3450471601314,0.271518555706537,0.99988016650531
"ENSG00000075240",0.331199556146335,5.46907259619645,1.34487177293181,0.271534817718756,0.99988016650531
"ENSG00000138641",-0.648551411343631,0.581680423109289,1.34502503102918,0.271578642876363,0.99988016650531
"ENSG00000225096",0.819211472163259,0.0195595339899578,1.34550282995796,0.27161643909721,0.99988016650531
"ENSG00000196586",0.176999948821056,6.00880784096706,1.34373969259911,0.271725183036166,0.99988016650531
"ENSG00000225791",0.495971265472925,1.82900598102114,1.34376528567984,0.27172849073994,0.99988016650531
"ENSG00000041880",1.06133484544011,0.396309751223866,1.34286072799219,0.271989344144142,0.99988016650531
"ENSG00000163564",-0.446343075635228,1.82987811256132,1.34203097187769,0.272020355068569,0.99988016650531
"ENSG00000123636",-0.239534975755182,6.63421709104727,1.34161758398161,0.272082548978013,0.99988016650531
"ENSG00000287301",-0.470018305493197,1.36715124545664,1.34109487770449,0.27219021105858,0.99988016650531
"ENSG00000306542",0.504772096133531,1.66017717884561,1.34088737566875,0.272214045642455,0.99988016650531
"ENSG00000233420",-0.740037995973998,0.537780199050067,1.33989900009684,0.272467120663543,0.99988016650531
"ENSG00000230817",0.697809596906804,0.211527182676147,1.33993241680126,0.272520217441965,0.99988016650531
"ENSG00000303737",-0.393656321488398,2.73827655191938,1.33860122902332,0.272593820658013,0.99988016650531
"ENSG00000185269",0.749083280321296,1.45957286478391,1.33809833664908,0.272691162039083,0.99988016650531
"ENSG00000165355",-0.215973333934039,4.73286078395223,1.33794816951281,0.272702363819219,0.99988016650531
"ENSG00000288899",0.281060079041679,3.9217732385065,1.3378572350217,0.272718057390892,0.99988016650531
"ENSG00000076641",-0.158345757835514,6.75211186825548,1.33645088813594,0.272955371530195,0.99988016650531
"ENSG00000205726",0.258606695593876,4.29884788068655,1.33536909837977,0.273139015115474,0.99988016650531
"ENSG00000144579",0.255228302332272,4.73373214165576,1.33522100908645,0.273164073112195,0.99988016650531
"ENSG00000152503",-0.242235846843385,5.09794387926804,1.33470068934402,0.273251959971595,0.99988016650531
"ENSG00000138442",0.176380230478725,5.45874116902867,1.3341207637658,0.273350302666475,0.99988016650531
"ENSG00000113296",0.424472868232825,2.62383966093762,1.33383548039853,0.273401868045229,0.99988016650531
"ENSG00000272274",-0.711461441859964,0.705648110241603,1.33414251081521,0.273417680637003,0.99988016650531
"ENSG00000078177",-0.231276402725377,4.77762605152987,1.33317507837204,0.273511073639173,0.99988016650531
"ENSG00000119616",0.217116527198682,4.96197058117184,1.33311194451616,0.273521664528708,0.99988016650531
"ENSG00000198695",0.694508516974069,6.38910781605464,1.33306437679691,0.273529578916851,0.99988016650531
"ENSG00000187486",1.05724896319319,-0.150920628716547,1.33369095420005,0.273717600872777,0.99988016650531
"ENSG00000198814",-0.262269641985648,5.09902322821648,1.33177150578828,0.273749267162595,0.99988016650531
"ENSG00000145824",-0.259870709811076,4.74604975608999,1.33073841466538,0.273925191493834,0.99988016650531
"ENSG00000224698",-0.442349730386374,2.1301858188205,1.33024151548398,0.274014118956894,0.99988016650531
"ENSG00000038210",-0.171270892446846,5.49968806846356,1.32956668807773,0.274124405549988,0.99988016650531
"ENSG00000132478",-0.213609247668188,5.45701510151943,1.32882087563535,0.274251471227307,0.99988016650531
"ENSG00000297885",0.262069645336396,3.27871093656882,1.32868469247742,0.274275750849114,0.99988016650531
"ENSG00000274736",0.55766634589804,2.32120083669693,1.3278249699213,0.274426173501325,0.99988016650531
"ENSG00000237676",0.579587445184671,0.804260660073163,1.32747782537605,0.274530213065488,0.99988016650531
"ENSG00000255857",0.282782394341196,3.94366223130069,1.32624656623973,0.27469129070888,0.99988016650531
"ENSG00000135747",-0.453538718728997,1.24586738799833,1.32564835333795,0.2748174630178,0.99988016650531
"ENSG00000126262",-0.699474820517541,0.440355711129767,1.3256488648516,0.274892338550789,0.99988016650531
"ENSG00000290548",0.297957858686092,3.60013323105604,1.32454574978929,0.274982242256894,0.99988016650531
"ENSG00000236618",0.695021827172325,1.70329055820702,1.32393798376509,0.275095884963289,0.99988016650531
"ENSG00000184349",-0.348237160896659,6.43264503490227,1.32366092616552,0.275132791088255,0.99988016650531
"ENSG00000240057",-0.352207293775889,4.08682238917206,1.32331608330065,0.275192277518597,0.99988016650531
"ENSG00000105402",-0.430316038248434,3.05164997439413,1.32204193214629,0.275411583426738,0.99988016650531
"ENSG00000175536",0.561585272726797,0.912198398771886,1.32205263046843,0.27544811641163,0.99988016650531
"ENSG00000059758",-0.212918114305607,5.1565418744789,1.32174363744356,0.275461311219242,0.99988016650531
"ENSG00000106089",0.745337745532922,1.70493751489723,1.32166156774861,0.275481944581471,0.99988016650531
"ENSG00000151322",0.664627023813842,0.83521806942715,1.3206484415438,0.275690914017697,0.99988016650531
"ENSG00000197226",-0.181147958103642,5.42769790677856,1.32020024052274,0.275726121134966,0.99988016650531
"ENSG00000214706",0.192792369189771,5.72375743355357,1.32007916510302,0.275746902351896,0.99988016650531
"ENSG00000108826",-0.243493183700578,5.59826236164865,1.3200583445427,0.275750481727047,0.99988016650531
"ENSG00000116133",0.192380612580557,5.06717941155286,1.32000546747522,0.27575970046244,0.99988016650531
"ENSG00000182944",-0.171791077748643,8.05879913611873,1.3199814607385,0.275763658785342,0.99988016650531
"ENSG00000196090",0.757731333922419,0.592590144812832,1.32025751206535,0.275777563527862,0.99988016650531
"ENSG00000188517",0.695116501191708,1.04913739444981,1.31992016646552,0.275798778337512,0.99988016650531
"ENSG00000175741",-0.420406397721778,2.36155628600575,1.31955400984922,0.275840628268427,0.99988016650531
"ENSG00000152475",-0.591646619254393,0.925354019344515,1.31966813288002,0.275860929477876,0.99988016650531
"ENSG00000233806",0.568793800810347,2.2576080670295,1.31941958157464,0.275864646318878,0.99988016650531
"ENSG00000004848",0.913758460611999,0.320016061828827,1.32023004591872,0.275898445850463,0.99988016650531
"ENSG00000181915",-0.247535886325854,4.67826521174768,1.31891932775628,0.275946506973195,0.99988016650531
"ENSG00000146733",-0.230507854499823,4.1654147566425,1.31796182604599,0.276111264590721,0.99988016650531
"ENSG00000196782",0.501061414717387,4.4248045459789,1.3177105463232,0.276154442681183,0.99988016650531
"ENSG00000167881",-0.172585192191961,5.41954710840101,1.31732246305305,0.276220850640859,0.99988016650531
"ENSG00000080709",-0.215190431785997,7.07518593534016,1.31664438161512,0.276337569388632,0.99988016650531
"ENSG00000101199",-0.235300675257853,4.08616214793804,1.31661342036412,0.276343413016704,0.99988016650531
"ENSG00000137055",-0.169343268280719,5.89465199879005,1.3165768233264,0.276349218257327,0.99988016650531
"ENSG00000097033",-0.180626903736946,6.31406034193892,1.31574224025315,0.276493010160886,0.99988016650531
"ENSG00000100221",-0.209574264941382,4.93976952716052,1.31538469268194,0.276554859272629,0.99988016650531
"ENSG00000167695",0.435426796235889,1.85863314176277,1.31476954283515,0.276668276782444,0.99988016650531
"ENSG00000243660",0.507981121714102,1.39036679150486,1.31475138479598,0.276674701808691,0.99988016650531
"ENSG00000198728",0.257439901509911,3.74341945236929,1.3145634767163,0.276696979791269,0.99988016650531
"ENSG00000122644",-0.222733514344878,3.93419403902319,1.31416857227916,0.276764945243547,0.99988016650531
"ENSG00000294184",-0.419486112540297,2.48872745939853,1.31274158951135,0.277013958266744,0.99988016650531
"ENSG00000114544",0.307712401354041,4.06234597160736,1.31269999385957,0.277018569591652,0.99988016650531
"ENSG00000133246",0.926098740336465,3.45138854706729,1.31232678913126,0.277083484650246,0.99988016650531
"ENSG00000143119",-0.194949771069496,7.42890925001618,1.31194883867811,0.277147919977594,0.99988016650531
"ENSG00000293949",1.20958409753062,0.398186930272516,1.31200974311372,0.277184219207583,0.99988016650531
"ENSG00000151025",-0.42496069415167,3.23122089452533,1.31052022880393,0.277396341887232,0.99988016650531
"ENSG00000265206",0.191417655355675,4.52555824974604,1.31048459010706,0.277401678479698,0.99988016650531
"ENSG00000236352",-0.728768348708336,0.180830716880948,1.31095067602148,0.277470836427817,0.99988016650531
"ENSG00000173210",1.1883666120567,0.65074172194793,1.31018676554267,0.277493548688364,0.99988016650531
"ENSG00000128805",-0.281291822261058,6.57636848418165,1.30967829371515,0.277540958154113,0.99988016650531
"ENSG00000109016",0.216954500047981,4.88732739050346,1.30938273895413,0.27759241669625,0.99988016650531
"ENSG00000136878",0.245790656822676,3.66648314826014,1.30856992131062,0.277733867820976,0.99988016650531
"ENSG00000173517",-0.428349780730971,7.00390260167109,1.30849497197554,0.277746097626669,0.99988016650531
"ENSG00000298831",-0.331116654464742,3.53998240930886,1.30812884177741,0.277810439857154,0.99988016650531
"ENSG00000273702",-0.557823249521676,0.162527826793528,1.3088475455521,0.277868492784491,0.99988016650531
"ENSG00000188186",-0.195661694534861,6.0489424408973,1.30768917156264,0.277885923895836,0.99988016650531
"ENSG00000121749",0.213747531765488,4.83439113707957,1.30721551260538,0.277968465049364,0.99988016650531
"ENSG00000245573",-0.326226249355344,3.46243026492172,1.30667909723902,0.278062223695206,0.99988016650531
"ENSG00000146112",-0.165846056368672,6.66341462667884,1.30600970434309,0.278177636213925,0.99988016650531
"ENSG00000137872",-0.229404283115045,4.24967916721984,1.30532135975838,0.278297730628859,0.99988016650531
"ENSG00000115183",0.20238373698526,5.38781178037725,1.30499017122678,0.278354960812144,0.99988016650531
"ENSG00000075643",0.44391712506854,2.21046012979933,1.30479430326038,0.278394923737387,0.99988016650531
"ENSG00000158985",-0.217155700409112,7.59307484235567,1.304742542681,0.278398019189846,0.99988016650531
"ENSG00000123338",-0.209009459340668,7.31705555991608,1.3042460833083,0.2784844312693,0.99988016650531
"ENSG00000169379",0.198698907035135,4.71632947080592,1.30404066883222,0.278520527270701,0.99988016650531
"ENSG00000267924",0.766423573885464,0.718604580381659,1.30383636106698,0.27860756979285,0.99988016650531
"ENSG00000173705",0.879143509528542,0.258268129189944,1.30414570600395,0.27863608504969,0.99988016650531
"ENSG00000260851",0.635867856973608,0.747899286237517,1.30339878399578,0.278669322807726,0.99988016650531
"ENSG00000164742",0.23448158658887,4.70498106806307,1.3028196104614,0.278733262451787,0.99988016650531
"ENSG00000104490",0.402906393203177,4.89075698320029,1.3027183626957,0.278750976140924,0.99988016650531
"ENSG00000103876",0.299364321161258,4.83385518039132,1.30266682245739,0.278759881857981,0.99988016650531
"ENSG00000293643",0.633160441136787,0.434243695443157,1.30304534023039,0.278786046268959,0.99988016650531
"ENSG00000099290",-0.249199073333195,5.06437960328031,1.30240339421234,0.278805535300972,0.99988016650531
"ENSG00000138459",-0.268194285560636,3.52704688737963,1.30216849020544,0.278847295817904,0.99988016650531
"ENSG00000278811",0.517816948150244,3.07381959632604,1.30204066137008,0.278870174720434,0.99988016650531
"ENSG00000131871",-0.167285993060225,6.02757053364608,1.30181271763877,0.278908522478549,0.99988016650531
"ENSG00000254394",-0.288479760970943,4.13052250100019,1.30164093191434,0.278938988796465,0.99988016650531
"ENSG00000177426",-0.201962283874675,4.3740058576305,1.301081760771,0.27903648222668,0.99988016650531
"ENSG00000176422",-0.425735288229937,2.55697005011188,1.30105725612741,0.279043450029961,0.99988016650531
"ENSG00000296254",-0.614556987965137,0.358089532730264,1.30138379080688,0.2791035316982,0.99988016650531
"ENSG00000047621",0.272867134647575,3.2174712370934,1.30066881534121,0.279109371724584,0.99988016650531
"ENSG00000159208",0.404055806434147,2.68135343522869,1.30020775076915,0.279190773571202,0.99988016650531
"ENSG00000308826",0.518026988944264,1.87443863299286,1.30008105765753,0.279217132597913,0.99988016650531
"ENSG00000293488",-0.853913555457689,0.141578474860109,1.30123351914753,0.279217692859885,0.99988016650531
"ENSG00000105939",-0.217744312136104,7.39041947193516,1.29993685479698,0.279236045558378,0.99988016650531
"ENSG00000131174",-0.235289951198864,7.7031544055393,1.29930915110066,0.279345764838442,0.99988016650531
"ENSG00000293924",0.670148160739159,0.453499634516001,1.29980915722971,0.279346839758603,0.99988016650531
"ENSG00000111790",-0.184678282321872,6.188008965198,1.29913108564304,0.279376910032461,0.99988016650531
"ENSG00000011007",-0.249758356278416,6.22899302867561,1.29905479982784,0.279390249090014,0.99988016650531
"ENSG00000196659",0.526833356181717,1.27327126371107,1.29912188814292,0.279395240960356,0.99988016650531
"ENSG00000186716",0.21861486639444,4.72568777003818,1.29870975757576,0.279450928712054,0.99988016650531
"ENSG00000224613",-0.459756441672892,1.15943830962689,1.29882306748622,0.279451163522814,0.99988016650531
"ENSG00000185818",0.443384952968241,2.60813639253043,1.29805148266766,0.279568797594535,0.99988016650531
"ENSG00000259891",0.484876851583992,1.66406383942435,1.29805148089925,0.27957471113447,0.99988016650531
"ENSG00000163694",-0.233727854377276,7.84571937090617,1.29778299242672,0.279612780516121,0.99988016650531
"ENSG00000293316",-0.268340338338123,3.54032273957258,1.29726350463262,0.279704820323382,0.99988016650531
"ENSG00000144647",0.488560639687664,2.50470312840423,1.2970272365039,0.279748096121645,0.99988016650531
"ENSG00000260912",0.712233396901683,0.790800164507171,1.29696781675275,0.279805449328863,0.99988016650531
"ENSG00000185339",-0.539961109586264,0.798874820459873,1.29667827032088,0.279849789518137,0.99988016650531
"ENSG00000146232",-0.178155452070801,6.82344059954411,1.29625972238447,0.279879649515199,0.99988016650531
"ENSG00000116903",0.256996241886801,3.7311616127913,1.29614084874338,0.279901228573557,0.99988016650531
"ENSG00000224184",0.597139488896116,0.922369134219738,1.29557797198183,0.28003085629789,0.99988016650531
"ENSG00000293676",-0.69797903040916,0.349772132116649,1.29508960736635,0.280193368044844,0.99988016650531
"ENSG00000117543",0.219995939116952,4.35580989288364,1.29400280319714,0.280276118392552,0.99988016650531
"ENSG00000171262",0.197445751275974,5.00748544614818,1.2939805182142,0.28027980602122,0.99988016650531
"ENSG00000236154",0.564996718970973,3.23127979925809,1.29375115909685,0.280321283460258,0.99988016650531
"ENSG00000203995",0.414169361769944,2.66270985623693,1.29354177474933,0.280359099963914,0.99988016650531
"ENSG00000278156",0.666895222188298,0.689719550928603,1.29334094055954,0.28045040566646,0.99988016650531
"ENSG00000277258",1.07445630482987,2.62984756648179,1.29237264175252,0.280564424106982,0.99988016650531
"ENSG00000143228",0.188252449594931,4.74153024331259,1.29230252774142,0.280574948127282,0.99988016650531
"ENSG00000100448",0.488572706263431,6.52092610413405,1.2917542463934,0.280671654280616,0.99988016650531
"ENSG00000186416",-0.24470613343311,4.23594778201284,1.29110981291621,0.280784961253489,0.99988016650531
"ENSG00000288738",-0.37469676094636,1.90404557551911,1.29100420569955,0.280809503039905,0.99988016650531
"ENSG00000024862",-0.315335627470067,4.26333998203622,1.29072175478498,0.280853293029449,0.99988016650531
"ENSG00000108479",0.265559206536955,4.81292884308132,1.29067705888752,0.280861088758655,0.99988016650531
"ENSG00000182132",-0.620846499942283,0.455342136545309,1.29116460787017,0.280868018403633,0.99988016650531
"ENSG00000182827",-0.159365317989493,6.36055850754701,1.29043775910946,0.280902898372515,0.99988016650531
"ENSG00000144118",-0.180968865471111,4.95648854999297,1.29036750682519,0.280915436669614,0.99988016650531
"ENSG00000184277",-0.207892083138424,4.13066974458391,1.28975248001593,0.281024134989699,0.99988016650531
"ENSG00000137145",0.211003141904178,5.07101161865989,1.28971895432049,0.281029686025071,0.99988016650531
"ENSG00000258666",-0.505119086968261,1.49554184058482,1.28974018792007,0.281038375079309,0.99988016650531
"ENSG00000254635",-0.205469611375314,5.5343372659013,1.28962053585423,0.28104696660411,0.99988016650531
"ENSG00000242808",0.49881057190006,1.8767748860447,1.28941237165651,0.281089880520467,0.99988016650531
"ENSG00000171051",0.232737624492273,5.04078265667193,1.28927483140627,0.281108037784775,0.99988016650531
"ENSG00000145348",0.186202785456115,5.61532439038885,1.28885654441523,0.281181721906304,0.99988016650531
"ENSG00000259353",-0.4421257910453,1.59749981372654,1.28867682298062,0.281226666439943,0.99988016650531
"ENSG00000165185",0.205786421418377,6.58606751174772,1.28838544614963,0.28126484612178,0.99988016650531
"ENSG00000280145",0.398775021713479,2.56459578755469,1.28836689826094,0.281271236358291,0.99988016650531
"ENSG00000113645",0.359012070147772,4.16234518070399,1.28724992717005,0.281465830741852,0.99988016650531
"ENSG00000293515",0.528671058606055,1.22084867913632,1.28718350709994,0.281494963737116,0.99988016650531
"ENSG00000287195",0.608248925939014,3.2165334580959,1.28708797231688,0.281495362611587,0.99988016650531
"ENSG00000182050",0.340809334155081,2.78486403293606,1.28696988824232,0.281516674157921,0.99988016650531
"ENSG00000226091",-0.336938175775926,2.82104513159632,1.28677153580113,0.281551609538193,0.99988016650531
"ENSG00000184545",-0.315992901054274,3.01529337109761,1.28669682138075,0.281564513446551,0.99988016650531
"ENSG00000302472",0.621700419843436,0.725615662748513,1.28671955016362,0.281605488383473,0.99988016650531
"ENSG00000303765",0.346601487368724,2.78317361788257,1.28519799210448,0.281830676014599,0.99988016650531
"ENSG00000279753",0.773809981595625,2.03732583613311,1.28504444859599,0.281862432659603,0.99988016650531
"ENSG00000042493",-0.201247736704919,7.96314632715505,1.28493413105247,0.281874992614445,0.99988016650531
"ENSG00000130024",-0.167122877605109,6.40511820526896,1.28440935983903,0.28196793604017,0.99988016650531
"ENSG00000293760",0.849698044994932,0.982615706191928,1.28444607247131,0.281994122561393,0.99988016650531
"ENSG00000306205",-0.51082381912558,1.09172215458153,1.28362608659652,0.282128997200289,0.99988016650531
"ENSG00000118292",0.173154088718135,6.89861923688427,1.28294490190195,0.28222750733592,0.99988016650531
"ENSG00000181450",0.208457266260638,4.90187821021407,1.28206988505618,0.282383046636476,0.99988016650531
"ENSG00000290871",-0.20640640396469,5.59831396148988,1.28128386867681,0.282522351575667,0.99988016650531
"ENSG00000176022",-0.185727777124801,5.78603756914306,1.28095577201127,0.282580632700772,0.99988016650531
"ENSG00000071073",0.190784862760984,5.39116903648306,1.28088097571041,0.282593935223307,0.99988016650531
"ENSG00000140987",-0.24646273465975,3.70465356000834,1.28087541208737,0.282595603722001,0.99988016650531
"ENSG00000094916",0.203382315335718,6.24451675571901,1.28083299049013,0.282602441621545,0.99988016650531
"ENSG00000304523",-0.612419233127312,0.617548591331599,1.28111258172098,0.28263246749148,0.99988016650531
"ENSG00000302795",-0.634090445635423,0.21350404131805,1.28107436885395,0.282713859353979,0.99988016650531
"ENSG00000130305",-0.167051287131257,5.3963002473454,1.27971850461877,0.282800599314638,0.99988016650531
"ENSG00000197134",0.494612241592536,2.22656166802467,1.27900737986577,0.28293128012366,0.99988016650531
"ENSG00000152409",-0.328451147882278,3.16028031210794,1.27815644429108,0.283079915221356,0.99988016650531
"ENSG00000118420",0.25167535125435,4.5558323055647,1.27795025535146,0.283115696272416,0.99988016650531
"ENSG00000251580",0.529778746687454,1.67262889400824,1.27798402959484,0.28311720371823,0.99988016650531
"ENSG00000268983",1.15978515384853,0.356354804244885,1.27675729027382,0.283433671807805,0.99988016650531
"ENSG00000136213",-0.197680712983371,4.24189786162215,1.2760194204529,0.283460038836234,0.99988016650531
"ENSG00000270127",-0.364766426897908,2.1477204323959,1.27556917977704,0.283544401297894,0.99988016650531
"ENSG00000183770",0.235516374534701,5.10598951455783,1.27535181465777,0.283578850007016,0.99988016650531
"ENSG00000106100",0.30636651876713,3.6136904255484,1.27521162010597,0.283604630490398,0.99988016650531
"ENSG00000141979",-0.596271146637927,0.69515701404532,1.27514397160361,0.283672659199464,0.99988016650531
"ENSG00000151725",0.258325071654448,3.91470713989686,1.27434948687125,0.283758528635768,0.99988016650531
"ENSG00000122484",0.18395716301119,6.10801110336322,1.27344955716682,0.28391870525171,0.99988016650531
"ENSG00000117602",-0.371687087324354,3.52737127122757,1.27312918311011,0.283976980674733,0.99988016650531
"ENSG00000173272",0.192458942480038,5.55127411129593,1.27304440084286,0.283991203266584,0.99988016650531
"ENSG00000169087",0.307170330963532,3.74903821656093,1.27217739439753,0.28414706110149,0.99988016650531
"ENSG00000131724",-0.229691014557417,5.43494823588783,1.27130239371272,0.284303113731667,0.99988016650531
"ENSG00000302171",0.867367036208009,0.264313224887233,1.27163108270668,0.2844248178513,0.99988016650531
"ENSG00000112715",0.231009680469986,7.0791625594979,1.27025175679601,0.284491435933073,0.99988016650531
"ENSG00000117448",-0.174648249896089,6.80659647925806,1.27019003936171,0.284502507664333,0.99988016650531
"ENSG00000234423",-0.624814271525334,0.819191147371806,1.26973841675389,0.284629246465455,0.99988016650531
"ENSG00000204472",-0.207742946571502,8.86912150728493,1.26876489076218,0.28475828905863,0.99988016650531
"ENSG00000250999",0.504170504476527,1.75388339819206,1.26818461370171,0.284871140830173,0.99988016650531
"ENSG00000158457",-0.403607793783593,2.97136766966119,1.26738041000894,0.285008558427162,0.99988016650531
"ENSG00000178927",-0.179520609626077,5.43367499487035,1.26726404544026,0.285028041477303,0.99988016650531
"ENSG00000166153",-0.346903202853139,2.50880927995816,1.26686037548077,0.28510362795253,0.99988016650531
"ENSG00000138385",-0.206513770272935,8.18488612023625,1.26677216064496,0.285116484673412,0.99988016650531
"ENSG00000250971",0.341156146352226,2.98101398515285,1.26660947399183,0.285147213197174,0.99988016650531
"ENSG00000253320",-0.229789549519051,5.98755406651311,1.26613977133939,0.285230300805375,0.99988016650531
"ENSG00000149136",0.1563310471988,7.32943194658553,1.26613133120262,0.285231810110001,0.99988016650531
"ENSG00000285664",0.38935049313585,1.92098290697308,1.26527302193012,0.285391673097748,0.99988016650531
"ENSG00000270049",0.396636875563669,2.8027986620042,1.26516936281516,0.285407228342506,0.99988016650531
"ENSG00000147955",0.268155166295624,5.94110771416739,1.26484804166212,0.285462963282638,0.99988016650531
"ENSG00000225697",0.346840893019567,3.25356985792452,1.26473682858124,0.285484244525974,0.99988016650531
"ENSG00000296767",-0.434110750902442,1.59204968340022,1.26469863759895,0.28549843960374,0.99988016650531
"ENSG00000134278",0.256007715465802,4.6462490438188,1.26399162701122,0.28561767440063,0.99988016650531
"ENSG00000214428",-0.612708978573173,1.573364957957,1.26365202969413,0.285687640564082,0.99988016650531
"ENSG00000153147",-0.196856186917802,6.89628018532991,1.26359043457015,0.28568971543563,0.99988016650531
"ENSG00000075826",0.404594013784975,2.22627512062704,1.26341702147864,0.285724985211572,0.99988016650531
"ENSG00000258034",0.510963989773285,2.63794909646501,1.26338159387614,0.28572950144224,0.99988016650531
"ENSG00000107890",0.188953613578239,5.12741828885036,1.26314870950016,0.285769464859914,0.99988016650531
"ENSG00000235568",0.429251845998315,3.61415445289256,1.26280775542424,0.285831698520572,0.99988016650531
"ENSG00000283118",0.825135464812562,0.518887749606528,1.26298887290642,0.285873691851734,0.99988016650531
"ENSG00000290834",0.763354715025683,0.932995431520895,1.26226536850911,0.285954996886191,0.99988016650531
"ENSG00000178538",0.727862308640453,0.0618316027271184,1.2630070881139,0.285973763569921,0.99988016650531
"ENSG00000145936",-0.230541365251015,5.17465254166086,1.26197372046238,0.28598164773299,0.99988016650531
"ENSG00000173166",0.292376262565694,3.30671198065308,1.26179159013187,0.286015411706929,0.99988016650531
"ENSG00000175104",-0.254743707731663,3.4123941182247,1.26153380363085,0.28606205741024,0.99988016650531
"ENSG00000163159",-0.167814946135985,6.44030232343278,1.260910905634,0.286173722833434,0.99988016650531
"ENSG00000295039",-0.510728966785021,1.26639912223433,1.26096516942783,0.286179564447136,0.99988016650531
"ENSG00000229140",0.484422257797941,7.28007022370761,1.2605073977887,0.28624670606019,0.99988016650531
"ENSG00000167395",-0.20960575270249,4.33276064227561,1.26047546312375,0.28625289115231,0.99988016650531
"ENSG00000168952",0.607772757767975,2.34247471096669,1.2604379107635,0.286263849002054,0.99988016650531
"ENSG00000177990",1.06372999947808,-0.0126906284788461,1.26184429333226,0.286265071995926,0.99988016650531
"ENSG00000198393",0.230836810450852,4.31678127706463,1.26022822248602,0.286297617182038,0.99988016650531
"ENSG00000246363",-0.810962247582493,0.495805376917633,1.26060276489205,0.286333530869385,0.99988016650531
"ENSG00000237842",-0.620798950371748,0.190883245971525,1.26011894094847,0.286508627800491,0.99988016650531
"ENSG00000166762",0.325404933567174,3.66033631960319,1.25870201830682,0.286574304516361,0.99988016650531
"ENSG00000185942",0.905651681884232,0.645367542710011,1.25803197984875,0.286734061968609,0.99988016650531
"ENSG00000249319",0.478347640380259,3.09810116900181,1.25755922386945,0.286782078322106,0.99988016650531
"ENSG00000232229",0.464288268284504,2.15857497799644,1.25734197665656,0.286827790697493,0.99988016650531
"ENSG00000260773",0.50110886292026,1.48472318928714,1.25721531507461,0.286854281529988,0.99988016650531
"ENSG00000232940",0.327573998405395,2.68159540818241,1.25712511007274,0.286861712560785,0.99988016650531
"ENSG00000052802",-0.213498069781798,4.96678818830928,1.25705710673133,0.286872034230535,0.99988016650531
"ENSG00000255292",0.377112887720123,2.52458744976932,1.25663490825135,0.286950922434814,0.99988016650531
"ENSG00000295288",0.876054956904045,1.95716234145033,1.25659702744969,0.286970328186917,0.99988016650531
"ENSG00000244038",-0.193834421914102,6.6304371066886,1.25648017542219,0.286976569234645,0.99988016650531
"ENSG00000267852",0.596157527276895,0.866652075442176,1.25641873821546,0.287024486422215,0.99988016650531
"ENSG00000164080",0.231167061949317,4.12934381623225,1.2554650944784,0.28716138628084,0.99988016650531
"ENSG00000198658",0.566531969898822,0.926531684500611,1.25541252411183,0.287198520784765,0.99988016650531
"ENSG00000136560",-0.229186095915232,7.5019040554338,1.25430495196325,0.287371870479823,0.99988016650531
"ENSG00000285533",-0.477997588739714,1.65067899786128,1.25433512967505,0.287376833455674,0.99988016650531
"ENSG00000183255",-0.184930794693262,6.83913618749205,1.2541950401092,0.287391867916697,0.99988016650531
"ENSG00000261740",0.686728456169087,0.604239278619364,1.25410037594837,0.287459061306222,0.99988016650531
"ENSG00000187017",0.566459347159876,1.69221497294947,1.25352009238336,0.28752542069792,0.99988016650531
"ENSG00000148335",-0.187741921874811,4.53029982340308,1.25324783587011,0.287564637681799,0.99988016650531
"ENSG00000309620",-0.440786578403585,2.36620816964795,1.25274063402207,0.287660234166549,0.99988016650531
"ENSG00000256955",-0.644956719424243,0.162447102772581,1.25355097667304,0.28768017025113,0.99988016650531
"ENSG00000294006",-0.425754982591388,1.53718701706403,1.25261866303211,0.287688808475678,0.99988016650531
"ENSG00000126464",0.257807551390218,4.16707746603044,1.25162044253673,0.287861228743815,0.99988016650531
"ENSG00000253809",-0.680495969089797,0.744700453447775,1.25127337122917,0.287969325277553,0.99988016650531
"ENSG00000122643",-0.229927377829043,6.04594647757456,1.2504732677127,0.288070079392842,0.99988016650531
"ENSG00000110987",-0.201988746686997,4.95789265922625,1.2499964446344,0.288157346591691,0.99988016650531
"ENSG00000221990",-0.320581501958783,2.51277983570073,1.24958133453515,0.28823550608765,0.99988016650531
"ENSG00000213096",0.185074178626963,5.05832719381894,1.24875134719597,0.28838465332917,0.99988016650531
"ENSG00000113522",-0.529475581014288,0.801713713950316,1.24887536486063,0.288407507914551,0.99988016650531
"ENSG00000116977",-0.211212321313354,5.88628130656232,1.24851791531572,0.28842729854538,0.99988016650531
"ENSG00000141040",1.29693978180724,0.0263297390686636,1.24939197012094,0.288441679149974,0.99988016650531
"ENSG00000219481",0.227311084224565,4.16602236742883,1.24826418100429,0.288474128292533,0.99988016650531
"ENSG00000197629",-0.4234096911604,6.41429369299773,1.2478071925441,0.288557283062634,0.99988016650531
"ENSG00000142178",-0.33788595333101,2.45891034806448,1.2478013231069,0.288561188241185,0.99988016650531
"ENSG00000166579",-0.266258286296649,3.24472875087923,1.24769821679641,0.288578415245321,0.99988016650531
"ENSG00000291221",0.241862672221152,3.47566129965344,1.24752603423267,0.288609548511779,0.99988016650531
"ENSG00000005893",-0.186268753329602,7.2985614788078,1.24745470700886,0.288621778842107,0.99988016650531
"ENSG00000147119",-0.49878568493321,1.17007108159566,1.24719291416317,0.288686174247127,0.99988016650531
"ENSG00000137513",0.20870498190002,4.81643923085336,1.24690092924241,0.288723466368797,0.99988016650531
"ENSG00000179163",0.324873477251434,3.95275490387354,1.24681885470039,0.288738742237602,0.99988016650531
"ENSG00000187634",0.803098885512073,0.939320969954077,1.24694758968735,0.288749257469565,0.99988016650531
"ENSG00000147481",0.798196502166892,0.722125301099316,1.24666495874352,0.288799586862662,0.99988016650531
"ENSG00000249085",-0.296942384202077,3.24408837498658,1.24594006244931,0.288900265547584,0.99988016650531
"ENSG00000296527",-0.477849075676248,1.00941774955966,1.24605386988825,0.288905396485347,0.99988016650531
"ENSG00000147124",-0.268472149647711,3.23368539691677,1.2457758169341,0.288930447115999,0.99988016650531
"ENSG00000072501",0.266257211193001,6.20743993680681,1.24553189223644,0.288973998430358,0.99988016650531
"ENSG00000293035",0.4209713880308,3.013327218649,1.24512181745643,0.289050558042653,0.99988016650531
"ENSG00000272677",-0.751947664128234,0.931969596042924,1.24508797147646,0.289112423300566,0.99988016650531
"ENSG00000285710",-0.357931228450084,2.08752515109582,1.24456123448211,0.289156712367613,0.99988016650531
"ENSG00000228072",0.597722558542735,1.0332762517245,1.2445913770458,0.289172986487377,0.99988016650531
"ENSG00000178752",0.411863592789652,2.04534225982212,1.24446523479182,0.289175285223999,0.99988016650531
"ENSG00000136895",0.455371716896457,3.11167725024782,1.24443559252286,0.289176432184475,0.99988016650531
"ENSG00000184922",-0.180865992006403,6.6345100008644,1.24440022376662,0.289181569019204,0.99988016650531
"ENSG00000102554",0.509063612776665,1.23333574688241,1.24418084320506,0.289242398999574,0.99988016650531
"ENSG00000100519",-0.172267023995861,5.96706245188169,1.24355518047475,0.289336717300772,0.99988016650531
"ENSG00000109445",-0.187576134452639,5.27661788164719,1.24353373670781,0.289340681078935,0.99988016650531
"ENSG00000171552",-0.227280520838572,4.25111351293557,1.24244794767021,0.289540582124371,0.99988016650531
"ENSG00000234425",0.656786482411582,0.772803371377563,1.24245431308206,0.289577027092174,0.99988016650531
"ENSG00000115353",0.977024238720697,0.40378843968009,1.24205802690319,0.289711171807246,0.99988016650531
"ENSG00000295746",0.61006508234977,0.409062558189484,1.24157795393169,0.289787844359412,0.99988016650531
"ENSG00000259086",0.520075102078119,0.914113769353393,1.24095939700115,0.28984069005355,0.99988016650531
"ENSG00000205356",-0.204517048520257,4.55349723277434,1.24058666314731,0.289882975413412,0.99988016650531
"ENSG00000058262",-0.176830068662513,6.93833602024319,1.23990796579465,0.290007627429204,0.99988016650531
"ENSG00000224000",-0.558636253115174,0.957472862058081,1.23995961714196,0.290021266407955,0.99988016650531
"ENSG00000288586",1.23224877206954,-0.0303823136009804,1.24058897681315,0.290112426440209,0.99988016650531
"ENSG00000064995",-0.17077320801142,6.15464371966717,1.23814638664961,0.290332468841588,0.99988016650531
"ENSG00000306403",-1.18215582792145,-0.196839135522134,1.23859970942493,0.290390134220711,0.99988016650531
"ENSG00000293791",-0.300970067689133,3.45630661967087,1.2377983136152,0.29039780365481,0.99988016650531
"ENSG00000175130",0.198315119680786,7.43616927993523,1.23774560042418,0.290406435176278,0.99988016650531
"ENSG00000092820",-0.250358760594997,6.8881038692182,1.23771387725728,0.290412293885576,0.99988016650531
"ENSG00000260806",-0.920608342279002,0.183629331403375,1.23813133693473,0.290508954136984,0.99988016650531
"ENSG00000183495",0.19695001145233,5.83893837696074,1.23699209206868,0.290545602672208,0.99988016650531
"ENSG00000308869",-0.772796436503454,-0.0899499455741281,1.23806423352043,0.290568303840096,0.99988016650531
"ENSG00000114450",-0.19593122418794,5.85276601665728,1.23654870835112,0.29062752691778,0.99988016650531
"ENSG00000166268",0.778134866941725,0.142635261365769,1.23663095659848,0.290741752631797,0.99988016650531
"ENSG00000243389",0.671754987822256,0.517359921819157,1.23601941551435,0.290783684319908,0.99988016650531
"ENSG00000147852",0.28332496671623,3.9178305736372,1.23483292408966,0.290945636039857,0.99988016650531
"ENSG00000148290",-0.252960388938279,4.29531444918924,1.23443559760876,0.291018833711142,0.99988016650531
"ENSG00000171700",0.206979764870739,6.67753449085648,1.23423081048098,0.29105632690986,0.99988016650531
"ENSG00000143375",-0.326428666363514,3.60928929225849,1.23335363295414,0.291219546228429,0.99988016650531
"ENSG00000174227",0.189463301858414,4.89471553011596,1.23314058723573,0.291258555011003,0.99988016650531
"ENSG00000293332",-0.296805090886365,4.01995761541156,1.23313620702272,0.291259656883352,0.99988016650531
"ENSG00000111837",-0.540801214719211,1.23883268228395,1.23214857830678,0.291458448325657,0.99988016650531
"ENSG00000129292",-0.220740991558466,6.65429995259517,1.23205428546845,0.291459794637302,0.99988016650531
"ENSG00000119535",0.257638941965179,4.79779771018092,1.23171985354898,0.291522215352591,0.99988016650531
"ENSG00000126214",0.169507553713544,5.44910677056762,1.23163373980496,0.291537864037836,0.99988016650531
"ENSG00000272217",-0.600850461152667,0.553509226325928,1.23118915847111,0.291712875573094,0.99988016650531
"ENSG00000019995",0.206200913349653,4.52175781147878,1.23027858086993,0.291789905229783,0.99988016650531
"ENSG00000307007",1.22750553486918,0.158957008838403,1.23066215517629,0.291838176199454,0.99988016650531
"ENSG00000076864",0.916007673798396,0.705785090165864,1.23020818883943,0.29184578272915,0.99988016650531
"ENSG00000227407",-0.4519819496364,1.39984126904664,1.23000592582976,0.291854420604961,0.99988016650531
"ENSG00000289588",-0.529838146357279,1.30808713294185,1.22996708979118,0.291862883997717,0.99988016650531
"ENSG00000002016",0.354527973230472,2.75977536389138,1.22952252343584,0.291931995856664,0.99988016650531
"ENSG00000133019",-0.315546516649417,2.88234281854838,1.22869297183394,0.292086024053871,0.99988016650531
"ENSG00000120217",-0.372466739660209,5.29971193818621,1.22865695135775,0.292091168973074,0.99988016650531
"ENSG00000168542",0.970779374156858,1.36849285054481,1.22842574585812,0.292157858149629,0.99988016650531
"ENSG00000243802",-0.432009219304362,1.46298079377123,1.2281033579004,0.292205548753166,0.99988016650531
"ENSG00000261312",0.694390195245511,0.626523918108868,1.22731056352534,0.292396612940353,0.99988016650531
"ENSG00000160867",0.772717514339582,1.16235267551194,1.22661210415538,0.292487756490333,0.99988016650531
"ENSG00000171094",1.35333735238208,-0.214717690766981,1.22798757664565,0.292501862898804,0.99988016650531
"ENSG00000226149",-0.468249585349032,2.45896188800108,1.22639999350424,0.292514543363076,0.99988016650531
"ENSG00000116670",0.270311103489181,5.56017410761737,1.22564745752382,0.29265204171389,0.99988016650531
"ENSG00000174516",-0.924477370128744,0.536887225556205,1.22630196788621,0.292682710290349,0.99988016650531
"ENSG00000157654",-0.199309923518751,5.39108086035358,1.22533682286104,0.292710034927483,0.99988016650531
"ENSG00000101347",-0.21876760967299,8.52994574068354,1.22501622829206,0.292769854552699,0.99988016650531
"ENSG00000070540",-0.569810030093402,1.63446507515321,1.22495383621158,0.292790225862883,0.99988016650531
"ENSG00000139132",0.74902748988486,4.10588438707128,1.22426914069454,0.29290983547831,0.99988016650531
"ENSG00000175463",0.816129495442851,0.375023669985393,1.22444299557333,0.292944840855124,0.99988016650531
"ENSG00000258017",0.802643036597314,4.04512304833333,1.22406950144204,0.292947340668085,0.99988016650531
"ENSG00000157111",-0.328664711993518,3.36220272906994,1.22376188343429,0.29300520059291,0.99988016650531
"ENSG00000236682",-0.590963047411094,1.61788653599588,1.22354775965964,0.293053333383812,0.99988016650531
"ENSG00000142599",0.189336480917457,6.04402147697932,1.22334595421942,0.293081988383934,0.99988016650531
"ENSG00000145354",-0.181029319397026,5.40706171575014,1.22331199676637,0.293088359523632,0.99988016650531
"ENSG00000153237",0.687996443901998,0.813509975049476,1.22336649417703,0.293137991719196,0.99988016650531
"ENSG00000163705",0.271992390635988,3.87884402195246,1.22204527752413,0.293326016537373,0.99988016650531
"ENSG00000099308",0.264216799390271,3.55552937786471,1.22125945076568,0.293473362373227,0.99988016650531
"ENSG00000102901",0.301912399125687,3.11717885041165,1.22125526413775,0.293474827042568,0.99988016650531
"ENSG00000234127",-0.319219073530424,2.93763117716903,1.22106334618331,0.293510831219416,0.99988016650531
"ENSG00000106829",-0.187734504013003,6.11948389927463,1.22100823628161,0.293519623647853,0.99988016650531
"ENSG00000102078",-0.45315492656719,1.39956908882858,1.2209566719006,0.293544334882069,0.99988016650531
"ENSG00000116649",0.186696723481328,6.51992211205462,1.22062295694023,0.293591834438634,0.99988016650531
"ENSG00000082068",0.193657349763538,6.25522321988315,1.22018285894497,0.2936743569227,0.99988016650531
"ENSG00000100599",-0.268864260746073,5.99846782801652,1.22004563860132,0.293700095554256,0.99988016650531
"ENSG00000106631",0.780207031809017,0.479526105007516,1.22015719057041,0.293758074734384,0.99988016650531
"ENSG00000125869",-0.370356191864018,3.48217630416322,1.21907420002145,0.293883694796013,0.99988016650531
"ENSG00000106246",0.297637074582298,3.19431879268322,1.21885504677284,0.293924725630056,0.99988016650531
"ENSG00000072415",-0.212037483956625,4.36115252124929,1.21836582194741,0.294015792683849,0.99988016650531
"ENSG00000135604",-0.321968685132965,4.26335538169353,1.21825969554624,0.294035738420109,0.99988016650531
"ENSG00000100442",-0.1509356915661,6.25500457723666,1.21815365790515,0.2940552669735,0.99988016650531
"ENSG00000261460",0.584153633560039,1.15172180245726,1.21822417105797,0.294061169466452,0.99988016650531
"ENSG00000254996",0.393349192841465,3.00197189659201,1.21786499590307,0.29411093239479,0.99988016650531
"ENSG00000157184",-0.165463342170941,5.5305312448656,1.21773031212757,0.294134838918858,0.99988016650531
"ENSG00000185798",0.316557126275713,3.14921340329461,1.21620026431929,0.294423973602766,0.99988016650531
"ENSG00000103472",0.187044931782011,6.77950633136508,1.21598015504442,0.294464032375946,0.99988016650531
"ENSG00000136147",-0.295824964020195,5.5837924888255,1.21535888494677,0.294581039542173,0.99988016650531
"ENSG00000125967",0.420921473694751,2.2991896772885,1.21506611584579,0.294640124937869,0.99988016650531
"ENSG00000162430",0.685722005247449,0.491675587294039,1.21544810778213,0.294650894909608,0.99988016650531
"ENSG00000118689",-0.23166030704864,5.6242252262729,1.21456906028416,0.294729863275417,0.99988016650531
"ENSG00000249773",-0.502761028731793,0.828330923629693,1.21499467107319,0.2947321536926,0.99988016650531
"ENSG00000205755",-0.464835816971361,2.48633106061339,1.21425715168076,0.294791064309191,0.99988016650531
"ENSG00000292363",-0.464835816971361,2.48633106061339,1.21425715168076,0.294791064309191,0.99988016650531
"ENSG00000187024",0.281004059163496,2.95048047432784,1.21418803191771,0.294803180641929,0.99988016650531
"ENSG00000006432",1.08873851283639,0.263611283133913,1.21449433735331,0.294842594244256,0.99988016650531
"ENSG00000283683",0.499685100083115,1.82276180989411,1.21347253525886,0.29494198584959,0.99988016650531
"ENSG00000123505",-0.181470577220894,6.91767180557874,1.21335285676544,0.29495921842986,0.99988016650531
"ENSG00000125870",-0.16199835295952,6.50606847571083,1.21326322055584,0.294976136575776,0.99988016650531
"ENSG00000134107",-0.255566407256328,5.70943810448574,1.21324530647324,0.294979529549249,0.99988016650531
"ENSG00000106789",0.411803079670553,3.02635512646423,1.21319891637002,0.294990043044515,0.99988016650531
"ENSG00000133195",0.232815449342674,8.10272732378544,1.21275126155761,0.295072767795809,0.99988016650531
"ENSG00000256538",0.849930751116648,0.198677716784196,1.21301798114625,0.295144548715461,0.99988016650531
"ENSG00000228277",0.494805888805538,1.45869798189901,1.21164172059217,0.295291082329251,0.99988016650531
"ENSG00000119321",-0.243770159507073,5.74848311900796,1.21086416213363,0.295429380058471,0.99988016650531
"ENSG00000180957",-0.193504481283118,6.82421116851631,1.21045326918084,0.295507091663287,0.99988016650531
"ENSG00000204237",-0.262245948171125,4.45758728051439,1.21045465268224,0.295507216419232,0.99988016650531
"ENSG00000138028",0.518466007822026,2.67347305418376,1.2103872452117,0.295522531534481,0.99988016650531
"ENSG00000139641",0.190769389423435,5.46917266005856,1.21015433638036,0.29556368191698,0.99988016650531
"ENSG00000233073",-0.615839428080014,0.073110250181299,1.2110639963262,0.29558234000315,0.99988016650531
"ENSG00000299324",-0.329604664969093,4.94755604585,1.20984433323902,0.295622606101614,0.99988016650531
"ENSG00000229852",0.337737953733036,3.62142979388307,1.20912763514908,0.295758867701685,0.99988016650531
"ENSG00000088038",-0.212198286213381,4.99944197344281,1.20909049587862,0.295765309810749,0.99988016650531
"ENSG00000188559",0.363552123806673,5.98369350653368,1.20885506958562,0.295809692974386,0.99988016650531
"ENSG00000153823",0.899060823169321,1.86945945195431,1.20884805638806,0.295816648035496,0.99988016650531
"ENSG00000128609",-0.181073815904048,5.62001249786014,1.20879628743199,0.295820841907982,0.99988016650531
"ENSG00000132429",-0.839525741403363,0.179323179452946,1.20943764359165,0.295865223461109,0.99988016650531
"ENSG00000294417",-0.487628640959453,2.16998356442147,1.20816327194858,0.295944787823307,0.99988016650531
"ENSG00000173852",0.188473277225031,4.95965651151503,1.20791424583863,0.295988140683041,0.99988016650531
"ENSG00000285755",-0.268310684104435,4.693837829534,1.2076840559765,0.296032014473273,0.99988016650531
"ENSG00000302519",0.912945638018326,0.8393616429991,1.20748770060096,0.296109224529054,0.99988016650531
"ENSG00000293241",-0.199254659120191,5.5986788781467,1.20712575077847,0.296137613498153,0.99988016650531
"ENSG00000213903",0.404811115376737,3.55588735418836,1.20673593705939,0.296212390996541,0.99988016650531
"ENSG00000113716",-0.185979993965239,5.53240234544128,1.20609414390948,0.296333470759142,0.99988016650531
"ENSG00000267121",-0.203504895183263,5.56105046455109,1.20592115330385,0.296366329222902,0.99988016650531
"ENSG00000213967",0.570387291073055,1.49496380545317,1.20591227221559,0.296385325629093,0.99988016650531
"ENSG00000272654",-0.659019117477313,0.439292184606265,1.20630423507768,0.29640210152972,0.99988016650531
"ENSG00000233101",0.970440659937559,0.673685394013922,1.20624959836312,0.296434066412649,0.99988016650531
"ENSG00000224078",0.236360720735764,5.16955241505919,1.2030733684912,0.296908056009006,0.99988016650531
"ENSG00000116237",0.217616326157244,5.58856819100128,1.20291499158783,0.296938204149229,0.99988016650531
"ENSG00000241852",0.537473385071982,1.17688042881599,1.20283918691068,0.296968961470179,0.99988016650531
"ENSG00000290924",-0.410991568556171,1.74961359277191,1.20266142669127,0.296995424281751,0.99988016650531
"ENSG00000250697",0.579598961397875,0.953884222960406,1.20247156231019,0.297052290806109,0.99988016650531
"ENSG00000187672",0.383487339653037,1.71065615178898,1.20181824185367,0.297154204385995,0.99988016650531
"ENSG00000254604",0.312769908467501,3.52476910424758,1.2017071596897,0.297169247045502,0.99988016650531
"ENSG00000149923",-0.173285459480298,8.29439087721433,1.20107003264109,0.297289923650866,0.99988016650531
"ENSG00000170624",-0.603789304969455,0.502902360926755,1.2010172025103,0.297376192718036,0.99988016650531
"ENSG00000198818",-0.203713744511163,6.7691059632807,1.2004814531685,0.297402265741967,0.99988016650531
"ENSG00000171130",0.581768536122174,2.27799976830906,1.20024936312721,0.297450674271772,0.99988016650531
"ENSG00000173085",-0.187131194691558,5.31513612889855,1.20016238255087,0.297463219907954,0.99988016650531
"ENSG00000111196",0.199425681476143,4.30181719880743,1.20012231780078,0.297471253016026,0.99988016650531
"ENSG00000153714",0.507621050915163,1.75954375771116,1.19916970503111,0.297659659312409,0.99988016650531
"ENSG00000225914",0.201750748832391,4.37209179570281,1.19864963017291,0.297752668629844,0.99988016650531
"ENSG00000142949",0.239278085768665,6.05164547160157,1.19847583321105,0.297785525769961,0.99988016650531
"ENSG00000129451",-1.05190100017146,0.124189612949169,1.1987871539165,0.297919304602371,0.99988016650531
"ENSG00000139436",-0.163835000701861,6.2962574992606,1.19749321129027,0.297973540416533,0.99988016650531
"ENSG00000303192",-0.556422600286979,1.24574983143326,1.19736905943407,0.298014311107051,0.99988016650531
"ENSG00000186153",0.221591620112658,6.64423435485488,1.19727093243427,0.29801609320077,0.99988016650531
"ENSG00000155749",-0.425187531135346,1.18338227777352,1.19723554943717,0.298037703916091,0.99988016650531
"ENSG00000148700",0.254819578087276,3.86302623959984,1.19711583352063,0.298046430124606,0.99988016650531
"ENSG00000235538",0.879040153340754,2.05665200083772,1.19688145518961,0.298105102095683,0.99988016650531
"ENSG00000101236",0.200776470479731,6.14406961163953,1.19627263688767,0.29820733042274,0.99988016650531
"ENSG00000179094",0.294024313482918,3.71696176987984,1.19615861763416,0.298229842398629,0.99988016650531
"ENSG00000106819",0.768013100592529,0.141523980252519,1.19703990194654,0.298242068840055,0.99988016650531
"ENSG00000177595",0.334469983234718,3.08678642286803,1.19596769981426,0.298267386113946,0.99988016650531
"ENSG00000174306",0.193364391547226,5.12768641292835,1.19500227464677,0.29845099453703,0.99988016650531
"ENSG00000167207",-0.339943432641715,2.66788621071528,1.19468005891166,0.298514931462374,0.99988016650531
"ENSG00000175611",-0.277397317933219,3.32064280850647,1.19390151798312,0.298663216417298,0.99988016650531
"ENSG00000184924",-0.280235853834925,5.43809901922509,1.19369625787776,0.298701685030921,0.99988016650531
"ENSG00000261064",0.16794514890799,5.21993845115416,1.19232873582082,0.298964547951816,0.99988016650531
"ENSG00000160352",0.359239054988512,3.19833124499381,1.19201765732924,0.299025493088454,0.99988016650531
"ENSG00000106025",0.893012173554818,0.286532220555266,1.19292241299984,0.299038755498402,0.99988016650531
"ENSG00000236081",0.454163627283638,2.18786851281419,1.19132323081218,0.29916365843228,0.99988016650531
"ENSG00000166377",0.191136217103702,5.85986972447148,1.19122583515257,0.299176754233499,0.99988016650531
"ENSG00000036672",0.768438097327083,0.992282754845452,1.19106566768664,0.299236468773274,0.99988016650531
"ENSG00000167257",0.228438634936031,4.31979273856458,1.19086329824809,0.299246945533864,0.99988016650531
"ENSG00000259583",-0.52395880508787,1.81938888463938,1.19039640228678,0.299342956003442,0.99988016650531
"ENSG00000011021",-0.204669943715375,4.09988627325528,1.19027397709799,0.299360514701278,0.99988016650531
"ENSG00000182628",0.160622350443801,5.77169265386736,1.18964581167581,0.299481176855016,0.99988016650531
"ENSG00000146410",0.272992547376124,3.18500774950186,1.18905990933156,0.299595834741715,0.99988016650531
"ENSG00000266970",-0.53088813241523,1.69966434596683,1.18860669449091,0.29968916779071,0.99988016650531
"ENSG00000176454",0.428248286026787,4.57599179348033,1.18845638948399,0.299710977269119,0.99988016650531
"ENSG00000122970",0.302313384510616,3.01429881686469,1.18799189790529,0.299801685023402,0.99988016650531
"ENSG00000272077",0.673316808600552,0.46523402958168,1.1861829248811,0.300213453195236,0.99988016650531
"ENSG00000170604",0.635732283062831,0.745361704425692,1.1860693964965,0.300244467758855,0.99988016650531
"ENSG00000117133",-0.175200599057626,5.8280602589291,1.18531252273938,0.300318312519196,0.99988016650531
"ENSG00000011028",0.190558958127923,7.30318283487751,1.18528307578248,0.300323996758436,0.99988016650531
"ENSG00000188641",0.213791429338107,9.2466109738887,1.18526417607842,0.300327653255861,0.99988016650531
"ENSG00000163348",-0.170110356529151,5.04867196040669,1.18387160391903,0.300597475322151,0.99988016650531
"ENSG00000265656",-0.735506984930983,-0.0379606293843519,1.18485175957694,0.300625032148892,0.99988016650531
"ENSG00000160588",0.422880261201237,2.92476527859738,1.1823198597377,0.300899840997538,0.99988016650531
"ENSG00000301612",0.82710073258559,1.13530168329957,1.18233704604388,0.300911176489038,0.99988016650531
"ENSG00000137040",-0.27645314542375,3.43966773972775,1.18217457745243,0.30092753080171,0.99988016650531
"ENSG00000162753",-0.250830154691704,4.48331634571916,1.18182379882361,0.300995053363263,0.99988016650531
"ENSG00000150990",-0.235944495125479,4.20417054257581,1.18156335950745,0.301045698330412,0.99988016650531
"ENSG00000139508",0.537062461101224,1.40204584861775,1.18149626848811,0.30107137015933,0.99988016650531
"ENSG00000289384",-0.591441652858845,1.03162113641059,1.18145257873855,0.301102043369187,0.99988016650531
"ENSG00000258561",0.285184735084045,4.62646482303254,1.18092582863003,0.3011694648128,0.99988016650531
"ENSG00000102359",-0.580264525174305,1.66307201923538,1.18065098921357,0.301232219436987,0.99988016650531
"ENSG00000089876",-0.415086300913865,1.97440449732031,1.18047640312033,0.301261572807543,0.99988016650531
"ENSG00000010438",0.616749291372433,0.616540242736812,1.18066326821879,0.301266039772648,0.99988016650531
"ENSG00000162062",0.453200910861279,2.60935054932753,1.18019663096755,0.301313661608975,0.99988016650531
"ENSG00000186314",0.314780964817725,3.57818574039867,1.17936270727831,0.301473930666129,0.99988016650531
"ENSG00000198933",0.598543578161184,2.10694391240203,1.17896217537665,0.301555253603875,0.99988016650531
"ENSG00000167103",-0.364955226825767,2.04819012343275,1.17889603934238,0.301569178079698,0.99988016650531
"ENSG00000148680",0.244210187203629,3.94773624071151,1.17883184952343,0.301577018393205,0.99988016650531
"ENSG00000171298",0.166284530563787,5.85060206273831,1.17864937327241,0.301612036094822,0.99988016650531
"ENSG00000120942",-0.178546511712274,4.69316607918481,1.17847006077228,0.3016472516614,0.99988016650531
"ENSG00000145247",0.410712873803171,4.10917973184483,1.17813157059554,0.301713407555662,0.99988016650531
"ENSG00000151729",0.294702416484998,3.55685767416178,1.17804573008068,0.301730482251412,0.99988016650531
"ENSG00000111845",-0.205168195114651,4.34718112058811,1.1780086531879,0.301737244346691,0.99988016650531
"ENSG00000196588",-0.196758980845508,7.36662231715298,1.17780769553191,0.301776005280841,0.99988016650531
"ENSG00000033867",0.206248021956986,5.88646325710513,1.17753809474685,0.30182857226308,0.99988016650531
"ENSG00000267469",0.42085809964632,3.64540381220125,1.17752894287602,0.301831073945369,0.99988016650531
"ENSG00000141682",-0.177274201692378,4.94183969710359,1.17709197216728,0.301915826989989,0.99988016650531
"ENSG00000155926",-0.265581832893664,7.03436873543052,1.17669135031729,0.301993698349272,0.99988016650531
"ENSG00000266053",0.434253515818395,1.7925096888598,1.17601998361984,0.302131410818044,0.99988016650531
"ENSG00000134461",-0.280541144700204,3.03168557011166,1.17518474537897,0.302289319311061,0.99988016650531
"ENSG00000165678",-0.200156546643832,7.11096621741963,1.17483776214734,0.302355649264014,0.99988016650531
"ENSG00000255663",0.603356320121588,0.400435441790998,1.17497879673571,0.302409696927088,0.99988016650531
"ENSG00000302384",0.689753717286017,0.899644740052744,1.17456906619908,0.302431008611599,0.99988016650531
"ENSG00000304408",-0.520395093840399,0.999045987678799,1.17448679853272,0.302445127056431,0.99988016650531
"ENSG00000227392",0.748621166502477,0.657925301895674,1.17450031332898,0.302462015061813,0.99988016650531
"ENSG00000078902",-0.18588409889696,5.41281879546638,1.17311992223313,0.302691669644285,0.99988016650531
"ENSG00000174720",-0.210795883271444,6.44521164232574,1.17214874713155,0.302881834626425,0.99988016650531
"ENSG00000007541",0.309430116684489,3.34829296466477,1.17134242323582,0.303041045110212,0.99988016650531
"ENSG00000175854",0.259847529017791,3.26146526875505,1.17102488006212,0.303103264308606,0.99988016650531
"ENSG00000144485",0.338188307768935,3.66272039618794,1.17079889320751,0.303147502395558,0.99988016650531
"ENSG00000120254",0.194263891092717,7.33495379307973,1.1689136753923,0.303516587981654,0.99988016650531
"ENSG00000177989",-0.206345639977195,4.59055282512069,1.16812762407046,0.303671455496453,0.99988016650531
"ENSG00000164287",0.737742916793536,0.0194642559951117,1.16898060347295,0.303708126080836,0.99988016650531
"ENSG00000120509",-0.278532381201772,3.72809193650088,1.16786206374073,0.303724071581505,0.99988016650531
"ENSG00000182329",1.00937084551352,-0.0167062143130653,1.16889410488344,0.303766711495445,0.99988016650531
"ENSG00000307433",0.507301636493824,1.89105597514341,1.1676340866836,0.30377411528144,0.99988016650531
"ENSG00000260664",0.596227707164577,1.67835441274399,1.16764440882178,0.303775495278239,0.99988016650531
"ENSG00000091428",0.399660475384807,2.16921828010946,1.16760207419233,0.303778749030279,0.99988016650531
"ENSG00000250635",0.365493777308434,2.76907193335947,1.167165787198,0.303862059267523,0.99988016650531
"ENSG00000161980",0.18508830318035,5.24918255719259,1.16674781687011,0.30394273207942,0.99988016650531
"ENSG00000261140",-0.373915402924254,2.16277991100527,1.16665555604807,0.30396609142351,0.99988016650531
"ENSG00000229484",0.611029271624647,1.20649673233902,1.16626484909728,0.304052007199793,0.99988016650531
"ENSG00000289238",-0.617752029006738,0.137555585250283,1.16681687610234,0.304127098846193,0.99988016650531
"ENSG00000133895",0.285208200683356,5.00273296564298,1.16550169529976,0.304188272400648,0.99988016650531
"ENSG00000183155",-0.249112347761189,4.00128880693501,1.16537629086122,0.304213403938101,0.99988016650531
"ENSG00000138363",0.180364026106226,6.36324833225391,1.164980242496,0.304290930695987,0.99988016650531
"ENSG00000165392",0.213395991491755,5.65954049622307,1.16445560617184,0.304394436118727,0.99988016650531
"ENSG00000149499",0.251392312650697,3.78247455041932,1.16439969942775,0.304406141327064,0.99988016650531
"ENSG00000145391",0.232000728755684,4.5555967241577,1.16438200839062,0.304409272890593,0.99988016650531
"ENSG00000101407",0.220141420026159,4.45774197328094,1.16423218847362,0.304438886125054,0.99988016650531
"ENSG00000136754",-0.167734069904457,6.35383084030713,1.16391348582797,0.304501416492036,0.99988016650531
"ENSG00000284052",0.266980584198718,3.17924397156665,1.16352508891987,0.30457912036817,0.99988016650531
"ENSG00000165716",0.82928630456843,3.29054573389582,1.16336899326982,0.304610118163405,0.99988016650531
"ENSG00000258454",-0.623785426917793,0.658577077140408,1.16361642865166,0.304623529310238,0.99988016650531
"ENSG00000080823",0.74749085775409,0.334062397214252,1.16321996299413,0.304764302338519,0.99988016650531
"ENSG00000079459",-0.162662436452509,6.81706741548393,1.16222948929392,0.304834111889052,0.99988016650531
"ENSG00000139998",0.438308387756587,2.03091528426893,1.16179834017437,0.304924120111573,0.99988016650531
"ENSG00000099377",0.9645870972453,0.376415878040127,1.16235378456661,0.304982082704412,0.99988016650531
"ENSG00000233783",0.929478142982595,0.609586356003735,1.1615026864591,0.305031340970443,0.99988016650531
"ENSG00000173369",0.420878092616356,1.28822248980936,1.16088080814139,0.305116813381941,0.99988016650531
"ENSG00000143919",0.157907324798603,6.17457513241794,1.16056675400417,0.305163123154863,0.99988016650531
"ENSG00000263708",-0.789368687798724,0.447673915463823,1.16121802301463,0.305175421876365,0.99988016650531
"ENSG00000285803",0.833521072608778,0.671487550157916,1.1590640056352,0.305503859219508,0.99988016650531
"ENSG00000261058",0.604869028278575,0.583446774915409,1.15897038786102,0.305557219883829,0.99988016650531
"ENSG00000258569",0.425059399523922,2.93146488010468,1.15854244247216,0.305565674483071,0.99988016650531
"ENSG00000291073",0.259684648798739,3.90490363371486,1.15836063351702,0.305600960238163,0.99988016650531
"ENSG00000260448",-0.556053777966278,1.26613556091611,1.15842496024486,0.30560714463735,0.99988016650531
"ENSG00000291208",0.459673111693579,2.0262460719174,1.15831338687849,0.305614237717746,0.99988016650531
"ENSG00000228862",-0.604826241614328,0.175458371163015,1.15856484536881,0.305713342496013,0.99988016650531
"ENSG00000234509",0.82110034044511,0.9671721591107,1.15763857888486,0.305769521796992,0.99988016650531
"ENSG00000134597",-0.182713376448029,5.08505637898443,1.15712812421737,0.305845170098092,0.99988016650531
"ENSG00000305453",0.896138317153855,0.17956712049154,1.15802788957512,0.305847557868487,0.99988016650531
"ENSG00000162302",0.335741880258858,3.73140210135171,1.15708973404235,0.305853690829591,0.99988016650531
"ENSG00000203666",0.196482693326581,4.61664647653226,1.15690584105937,0.305889665437428,0.99988016650531
"ENSG00000181031",0.550070738333308,1.28592207760454,1.15684251122038,0.305928219425787,0.99988016650531
"ENSG00000140678",0.168679066156188,6.59278513389831,1.15548611411484,0.306171565979595,0.99988016650531
"ENSG00000114405",0.276878477544056,3.12384477848661,1.15493309886568,0.306283003386465,0.99988016650531
"ENSG00000180182",-0.189882901394312,5.09801682736855,1.15491261192937,0.306285737776403,0.99988016650531
"ENSG00000067208",-0.174709226115327,7.01778994659344,1.15471955372116,0.30632412956552,0.99988016650531
"ENSG00000132600",0.2256326030843,4.08520019342086,1.1543394049049,0.306400352652905,0.99988016650531
"ENSG00000136021",-0.15006164036812,5.87808245438638,1.15428616647779,0.306410444614525,0.99988016650531
"ENSG00000114841",0.321901115154164,2.57800144243431,1.15387420279937,0.306494947522221,0.99988016650531
"ENSG00000298806",0.726824491722611,0.640878377987874,1.15418127799732,0.306505431874516,0.99988016650531
"ENSG00000305862",-0.405218452292818,1.48811931567477,1.15366731115928,0.306544193529127,0.99988016650531
"ENSG00000267688",1.11001275283973,-0.00723424604507779,1.15460357273281,0.306575694578124,0.99988016650531
"ENSG00000285906",-0.154103041261386,6.81599862095224,1.15344305464888,0.306578427068523,0.99988016650531
"ENSG00000124523",0.470763235131399,2.51774399503906,1.15331122967085,0.306607431025505,0.99988016650531
"ENSG00000109332",-0.165487448501511,8.04500904665157,1.1532520267771,0.306616505656505,0.99988016650531
"ENSG00000229236",0.733412590608604,1.17143428979556,1.1532682769159,0.306628094602851,0.99988016650531
"ENSG00000145832",0.407622466426774,3.52155538216606,1.15286896694219,0.306693595243842,0.99988016650531
"ENSG00000253177",-1.01783946948702,0.126880807368968,1.15328155958559,0.306809272598397,0.99988016650531
"ENSG00000172315",0.224603307896628,3.97184493857117,1.15224705165202,0.306817518114824,0.99988016650531
"ENSG00000237187",0.839982159704693,1.34913444335536,1.15193234794285,0.306908740522912,0.99988016650531
"ENSG00000169306",0.478321797210245,1.78297828624438,1.15134145919484,0.307003942566959,0.99988016650531
"ENSG00000058335",-0.204628861230589,5.12873091014224,1.15087803746398,0.307090361119451,0.99988016650531
"ENSG00000170889",-0.209556410165702,9.35267727242049,1.15069650573034,0.307126597310516,0.99988016650531
"ENSG00000291054",0.316082333631928,3.18603352629839,1.15031120424173,0.307204717917014,0.99988016650531
"ENSG00000181827",0.18051513998216,6.11930809054512,1.15006625372081,0.307252594636848,0.99988016650531
"ENSG00000168259",-0.147689512471266,7.36293292512978,1.14920329559372,0.307425210282217,0.99988016650531
"ENSG00000148153",0.193885823769005,5.03415777410139,1.14885983018723,0.307494145258168,0.99988016650531
"ENSG00000108953",-0.159792656634725,7.53118240032905,1.14875859274817,0.307514221361925,0.99988016650531
"ENSG00000113194",-0.191571517868654,6.02547688632293,1.14862212720874,0.307541554450278,0.99988016650531
"ENSG00000228061",0.574816108216993,1.69294743148678,1.14800998801188,0.307674990524344,0.99988016650531
"ENSG00000293434",0.276135338651723,3.22117484818426,1.14774546004246,0.307718329086664,0.99988016650531
"ENSG00000309597",-0.481463220544297,2.22273473918188,1.14759807042231,0.30775013711884,0.99988016650531
"ENSG00000073464",-0.284118100142961,3.66994719424412,1.14614335737977,0.308039117525602,0.99988016650531
"ENSG00000290956",0.465945721504427,1.15870180359915,1.146198223903,0.308043987417172,0.99988016650531
"ENSG00000157881",-0.271623677426007,2.94520863108119,1.14592517237263,0.308083820386166,0.99988016650531
"ENSG00000105983",0.213494051745246,5.31691140962886,1.14570875605634,0.308125699718909,0.99988016650531
"ENSG00000180066",0.941222803609958,2.92265044181954,1.14501357635147,0.308268265991854,0.99988016650531
"ENSG00000126012",-0.173802999023536,5.75519469107264,1.14499394223008,0.308269243894127,0.99988016650531
"ENSG00000124785",0.338961917766368,2.62854848423644,1.14458121359878,0.308354283017206,0.99988016650531
"ENSG00000277693",0.221153993905247,5.85376880167268,1.14451155421342,0.308366175837071,0.99988016650531
"ENSG00000136045",-0.17943069456374,5.74052330170803,1.14448263352349,0.308371992198122,0.99988016650531
"ENSG00000111144",0.348072915468521,5.51071363834709,1.14422642266502,0.308423502221455,0.99988016650531
"ENSG00000287078",-0.515828355193221,0.550416122482665,1.14417824876905,0.308493220829792,0.99988016650531
"ENSG00000157978",0.466217659072524,3.19707911912822,1.14385822589677,0.308498881683151,0.99988016650531
"ENSG00000187815",0.197781035048242,5.83883065602126,1.14213324417037,0.308844730351273,0.99988016650531
"ENSG00000115540",-0.216967146646873,4.89395412542145,1.14180823651815,0.308910491768056,0.99988016650531
"ENSG00000204740",0.718737984146115,0.597860874986932,1.14156613779719,0.309048589254261,0.99988016650531
"ENSG00000167778",0.256076365887061,3.28428787064481,1.14088301288583,0.309097775807314,0.99988016650531
"ENSG00000267858",-0.172547959741744,4.85397796269309,1.14049375921566,0.309175519449288,0.99988016650531
"ENSG00000210100",-0.336618486786266,3.28016264396156,1.14013368444582,0.309248979891818,0.99988016650531
"ENSG00000008256",0.216134929133924,4.03464985621931,1.13997874884687,0.309279608033615,0.99988016650531
"ENSG00000179632",-0.189907087964622,6.05732432826164,1.13939915754122,0.30939618013555,0.99988016650531
"ENSG00000250891",-0.659301001771269,0.167764533728928,1.13976246799544,0.309471989796745,0.99988016650531
"ENSG00000228594",0.366485894305017,4.06969181922397,1.13884355429098,0.309508931524232,0.99988016650531
"ENSG00000155508",-0.164812061249831,5.45245157552081,1.13843124433185,0.309591757135255,0.99988016650531
"ENSG00000111897",-0.197976659223113,5.77225737334313,1.13810907220719,0.309656876065072,0.99988016650531
"ENSG00000020181",0.344639713562929,5.17786595977908,1.13761238525577,0.309757422242478,0.99988016650531
"ENSG00000283380",-0.392235694320823,2.19891833625538,1.13762329261093,0.309759260771145,0.99988016650531
"ENSG00000248161",-0.570912815454235,0.681913335513075,1.13749282499821,0.309822553525383,0.99988016650531
"ENSG00000069966",0.233724283991355,4.90168635388636,1.13670358190484,0.309941530382018,0.99988016650531
"ENSG00000310415",0.774732423479231,3.73499440288714,1.13660964496007,0.309960984091419,0.99988016650531
"ENSG00000177144",0.226891089051241,3.79463645559526,1.13657156113239,0.309968638754236,0.99988016650531
"ENSG00000257337",0.439360230969511,4.18641324382937,1.13652414357195,0.309978022299507,0.99988016650531
"ENSG00000006695",-0.229805833335222,3.92512813869853,1.13611180464345,0.310061682094754,0.99988016650531
"ENSG00000164442",-0.183139092748231,7.08020431511593,1.13609375026025,0.310064735929326,0.99988016650531
"ENSG00000162976",-0.184464698465971,4.3302814864371,1.13602040217246,0.3100800002178,0.99988016650531
"ENSG00000124813",-0.204308360826848,5.38847114494698,1.13601316751647,0.310081099625686,0.99988016650531
"ENSG00000228793",-0.527225162564079,0.699355709375364,1.13598737489123,0.31014130909371,0.99988016650531
"ENSG00000102125",0.201445025115887,4.34444631095961,1.13539038329926,0.310207658727644,0.99988016650531
"ENSG00000162817",-0.705320562312606,0.90327907506732,1.13527075310775,0.31027100891185,0.99988016650531
"ENSG00000151327",-0.178226514751253,5.89523600514504,1.13350283620598,0.310590242769419,0.99988016650531
"ENSG00000285570",1.52859236154015,0.408210113776463,1.12946557307625,0.310651944107582,0.99988016650531
"ENSG00000140030",-0.254047251586208,3.28430278917488,1.13316387366848,0.310660027893419,0.99988016650531
"ENSG00000169862",-0.469043948011979,0.982260856277471,1.13314563650604,0.310687063450555,0.99988016650531
"ENSG00000141580",-0.164813293733787,5.481315407024,1.13290623561418,0.310711437910718,0.99988016650531
"ENSG00000301422",0.983032767538682,0.555854429589733,1.13299354366141,0.310736157807841,0.99988016650531
"ENSG00000112659",-0.254549684897371,3.59914382732189,1.13268850434432,0.310756418031781,0.99988016650531
"ENSG00000306966",0.354627642619749,6.62176351724793,1.13239374635459,0.31081557092297,0.99988016650531
"ENSG00000135298",0.492281241102316,3.39382317785042,1.13173429994254,0.310950944669115,0.99988016650531
"ENSG00000183853",0.810619163219436,0.732779254679749,1.13175857025938,0.311003280474883,0.99988016650531
"ENSG00000149474",0.282784883445565,2.9146599785109,1.13129818575981,0.311039938898901,0.99988016650531
"ENSG00000300781",-0.479820652225859,1.35237765607356,1.13133709160861,0.31104427895693,0.99988016650531
"ENSG00000268403",-0.741094640893141,0.0333221735068812,1.1318376140305,0.311140681592802,0.99988016650531
"ENSG00000196684",0.310611513582274,3.00270258333551,1.13053475033217,0.311195223475767,0.99988016650531
"ENSG00000163866",-0.187656661832041,4.97631972162115,1.13004600325255,0.311293553524634,0.99988016650531
"ENSG00000213588",0.332220246454014,2.97176767171467,1.12982472522895,0.3113400832196,0.99988016650531
"ENSG00000118193",0.250075301387103,4.3381922322318,1.1287589312201,0.311556102456433,0.99988016650531
"ENSG00000103342",0.150246972734986,7.16264020189393,1.12870900229525,0.311565892070185,0.99988016650531
"ENSG00000164403",0.439759257409226,2.05108237969107,1.12870353137933,0.31157190102863,0.99988016650531
"ENSG00000176749",0.44402921879869,1.75457137323637,1.12862255230152,0.311591903316665,0.99988016650531
"ENSG00000061938",-0.213507184863262,6.16418880570873,1.12818843323556,0.311672111273758,0.99988016650531
"ENSG00000066056",-0.572494780303292,0.757061075332172,1.12809746239452,0.311764318996847,0.99988016650531
"ENSG00000153214",0.161541696879417,5.5438616106022,1.12755668730787,0.311801090150785,0.99988016650531
"ENSG00000214050",1.11642184574991,1.77179118342162,1.1275933807729,0.311801220465697,0.99988016650531
"ENSG00000145287",-0.222958641835927,10.5182601293544,1.12716839688833,0.311880371954493,0.99988016650531
"ENSG00000108262",0.198637171298666,4.20062223559509,1.12716428329593,0.311881652999197,0.99988016650531
"ENSG00000159267",0.165119185021365,5.85805970839137,1.12712087165417,0.311890096071001,0.99988016650531
"ENSG00000145919",-0.176330827946255,4.67931951642727,1.12670797609242,0.311974784967145,0.99988016650531
"ENSG00000152455",0.357223385871153,3.24040453734526,1.12654783905635,0.312008413715245,0.99988016650531
"ENSG00000291061",-0.815146682444069,0.12747610593371,1.12727424369178,0.312022515710945,0.99988016650531
"ENSG00000299339",0.320485120093325,4.08652050585751,1.12598395573849,0.312122953284217,0.99988016650531
"ENSG00000294554",0.719979073991528,0.562925788135907,1.12602765144226,0.312209240092746,0.99988016650531
"ENSG00000276997",-0.545479804748519,0.54031560189129,1.12583917052155,0.312221298801191,0.99988016650531
"ENSG00000272391",0.19027254316004,6.02261971371353,1.12540470098793,0.312240964691448,0.99988016650531
"ENSG00000303060",0.781878569151636,0.298716263916063,1.12537779773347,0.312324120740461,0.99988016650531
"ENSG00000023330",0.210027101000177,6.42447692194535,1.124785853587,0.31236762136122,0.99988016650531
"ENSG00000155380",0.235730427658156,5.98551416174635,1.12469232985803,0.312386777379008,0.99988016650531
"ENSG00000225313",0.688503717063916,0.950389935845036,1.1247803813576,0.312402817118105,0.99988016650531
"ENSG00000087299",0.315571155047735,3.64712713843228,1.12443868572184,0.312439450742398,0.99988016650531
"ENSG00000227240",-0.318279072767781,2.68800706165211,1.12407014157266,0.312516382861499,0.99988016650531
"ENSG00000273711",-0.753931204706688,0.688107978068577,1.12433402530682,0.312527081961595,0.99988016650531
"ENSG00000262660",0.748116390086312,0.38532238936153,1.12459313660337,0.312533261447714,0.99988016650531
"ENSG00000185332",0.473058814717672,2.87664424181405,1.12381769305787,0.312568716012408,0.99988016650531
"ENSG00000293511",0.855530541765281,0.560280873760918,1.12390606350281,0.312584190457777,0.99988016650531
"ENSG00000160877",-0.160413177670426,5.05004607720941,1.1236523156061,0.312599860806225,0.99988016650531
"ENSG00000244151",1.43428432484025,-0.277629828431726,1.12453909331404,0.312619343572324,0.99988016650531
"ENSG00000187266",0.91809035748587,0.8810985653734,1.12361363197042,0.312668292991865,0.99988016650531
"ENSG00000234072",-0.329548872092159,2.44482798614621,1.12330806735457,0.312673556637144,0.99988016650531
"ENSG00000064547",-0.279703686224044,3.88397688995065,1.12327138441259,0.312678458982256,0.99988016650531
"ENSG00000112592",0.228078226723258,4.03962319349472,1.12275483036403,0.312784325114971,0.99988016650531
"ENSG00000308019",-0.784889907190408,0.161112408878447,1.12268005058477,0.312947758491773,0.99988016650531
"ENSG00000164253",-0.172133138120257,4.91943404064636,1.12137408787926,0.313067493357657,0.99988016650531
"ENSG00000177732",0.391374004962302,4.03885741788118,1.12126473333588,0.313090390042387,0.99988016650531
"ENSG00000123405",0.983568974626845,1.48028198547745,1.12099221995629,0.313167612571147,0.99988016650531
"ENSG00000143106",-0.19012257948432,8.05104701603061,1.12064335532597,0.313217378992805,0.99988016650531
"ENSG00000140939",0.470577676516591,1.63162853428275,1.11997115490902,0.313365060586737,0.99988016650531
"ENSG00000197780",-0.184752233219718,5.83089782119413,1.11987634388403,0.313375096577098,0.99988016650531
"ENSG00000035141",0.209115295351767,5.71821391013901,1.11987100533565,0.313376199605826,0.99988016650531
"ENSG00000106609",-0.144479561386036,6.92669200035848,1.1192723843783,0.313499343554079,0.99988016650531
"ENSG00000137331",-0.297848678600583,6.03387773573208,1.11919788679594,0.313514683050415,0.99988016650531
"ENSG00000136068",-0.174720095916266,5.30642004821625,1.11913361864092,0.313527931310667,0.99988016650531
"ENSG00000198771",0.179075978488393,5.95026790873194,1.11889082648652,0.313577893527258,0.99988016650531
"ENSG00000303532",0.725708754732469,0.201646229523092,1.11900516979607,0.31367468156512,0.99988016650531
"ENSG00000164011",0.165393075830341,4.8700117112727,1.11818217999618,0.313724044138696,0.99988016650531
"ENSG00000172985",0.830431880171678,0.521994304310929,1.1183786725247,0.313747014989484,0.99988016650531
"ENSG00000251141",-0.350763294315475,3.04849767987195,1.11764077519774,0.31383666246673,0.99988016650531
"ENSG00000269609",0.246522787125943,4.33198257663248,1.11755559570919,0.313853301953564,0.99988016650531
"ENSG00000128944",0.198220993458063,4.26777803368933,1.11728022852011,0.313910118546882,0.99988016650531
"ENSG00000198208",0.337643834864605,2.41365756708883,1.11726423927604,0.313915981176759,0.99988016650531
"ENSG00000108639",-0.200866958350957,7.4933573837881,1.11652307123874,0.314065879102265,0.99988016650531
"ENSG00000132155",-0.149476360327588,6.73274992619276,1.11555472490727,0.314265774383107,0.99988016650531
"ENSG00000266994",0.678374632592207,0.827130713327593,1.11477251506312,0.314459548310736,0.99988016650531
"ENSG00000162461",-0.511813709109321,0.839448114159243,1.11473864936339,0.314463889678616,0.99988016650531
"ENSG00000165164",0.607505149688757,1.86316145347318,1.11461171553048,0.314468792250734,0.99988016650531
"ENSG00000293352",0.512185590022154,2.56899763445529,1.11413029819641,0.314564301907871,0.99988016650531
"ENSG00000172663",-0.229467198027547,3.55629809478629,1.11387669558379,0.314613388133839,0.99988016650531
"ENSG00000189334",0.531344417012972,1.76259346240681,1.11375727338693,0.314646824698937,0.99988016650531
"ENSG00000111358",-0.192743973121253,5.37499820452555,1.11366988903444,0.314655404798004,0.99988016650531
"ENSG00000253559",-0.648850938254718,0.191807690880382,1.11423995507448,0.314712605047853,0.99988016650531
"ENSG00000204439",-0.256841949711538,4.10004612129533,1.11232000553494,0.3149352675319,0.99988016650531
"ENSG00000188739",-0.445480193997809,1.28685024197836,1.1121605773809,0.314984211764316,0.99988016650531
"ENSG00000071189",0.189297466681937,5.22343233509529,1.11200112186674,0.315000929748511,0.99988016650531
"ENSG00000306766",0.285794051782245,3.01917033179553,1.11146042727803,0.31511436175367,0.99988016650531
"ENSG00000104450",-0.217833462074761,4.0851226682688,1.11139159738937,0.315127673569,0.99988016650531
"ENSG00000250317",-0.161169803287995,5.05819189008686,1.11138698946496,0.315128305668215,0.99988016650531
"ENSG00000165280",-0.158850175156771,7.62724273616601,1.1113268865309,0.31514065182841,0.99988016650531
"ENSG00000119285",0.173323419838781,5.51367647804683,1.11087449243646,0.315234498858365,0.99988016650531
"ENSG00000188732",-0.402125852333232,2.47595786531391,1.10949209096997,0.315524928073073,0.99988016650531
"ENSG00000224939",-0.495307415464451,0.893066174537694,1.10904970948589,0.315643010842574,0.99988016650531
"ENSG00000134686",0.190097945783727,6.08059424608608,1.1086342114375,0.315699690307701,0.99988016650531
"ENSG00000225012",-0.530985806373538,0.94657313065183,1.10849425662089,0.315756951733155,0.99988016650531
"ENSG00000160796",0.502159763029235,3.04887025967445,1.10830646785288,0.315769383561788,0.99988016650531
"ENSG00000138463",0.466179945505851,2.13457265802021,1.10828512977113,0.315777338745555,0.99988016650531
"ENSG00000164032",0.201064340922496,8.3787415207683,1.10819726603315,0.315790529070045,0.99988016650531
"ENSG00000274425",-0.783568476700527,0.704335417446047,1.10839408441403,0.315805755759717,0.99988016650531
"ENSG00000092531",-0.173927332624969,5.96868338697421,1.1079826798361,0.315835172039461,0.99988016650531
"ENSG00000122778",0.409632258822353,2.38564322496876,1.10791337439179,0.315852900215222,0.99988016650531
"ENSG00000269038",-0.586772449366815,1.25884651017981,1.10799093617755,0.315858117841838,0.99988016650531
"ENSG00000101751",-0.243013119166101,3.3066371659727,1.10757583810793,0.315920879782571,0.99988016650531
"ENSG00000259736",0.4232286192258,2.16942362856194,1.10705158721768,0.316033132334766,0.99988016650531
"ENSG00000189229",0.933280637087768,0.0309345823490495,1.10779194393447,0.316073890039031,0.99988016650531
"ENSG00000173068",0.731043041802354,0.934399921564094,1.10675620882008,0.316118979811374,0.99988016650531
"ENSG00000005436",0.182535842146392,4.76029733207566,1.1065419741952,0.316135343094666,0.99988016650531
"ENSG00000018189",-0.193025085414496,4.86016160053913,1.10653328580083,0.316137103732211,0.99988016650531
"ENSG00000079156",-0.564427626836581,2.03819251797799,1.1060417651775,0.316243752776747,0.99988016650531
"ENSG00000063241",-0.180855054202176,4.91277753400743,1.10596754570983,0.316254991729238,0.99988016650531
"ENSG00000004478",0.227625826036276,5.10073756999606,1.10581668428175,0.316286313471645,0.99988016650531
"ENSG00000136002",0.605940442515755,0.637848729505782,1.10600657358845,0.316310731479509,0.99988016650531
"ENSG00000113838",0.435239202795654,1.47911037055566,1.10537231902687,0.316388331089781,0.99988016650531
"ENSG00000140022",-0.410135835764238,1.82097163062056,1.1049471757444,0.316474475179336,0.99988016650531
"ENSG00000268729",-0.422873975297591,2.10729512869145,1.10453795473993,0.316557143987359,0.99988016650531
"ENSG00000176473",0.295430214849119,3.411667969863,1.10408764526797,0.316647703693276,0.99988016650531
"ENSG00000291102",0.210507763995689,4.5295203379391,1.1035191606419,0.316765889711965,0.99988016650531
"ENSG00000258964",-0.520140535425884,0.89791327497402,1.10314356910403,0.316869551779667,0.99988016650531
"ENSG00000224746",0.536699935593706,1.49766756135057,1.1016695643163,0.317163349429364,0.99988016650531
"ENSG00000175352",0.319114511905332,3.13679265052797,1.10161224100737,0.317165384930324,0.99988016650531
"ENSG00000115234",-0.174305345563004,5.78342225757501,1.10156822056236,0.317173472307452,0.99988016650531
"ENSG00000103168",0.276142809754744,3.43618407657621,1.10067028704949,0.31736240157586,0.99988016650531
"ENSG00000284060",-0.667100121473581,0.246976490732497,1.10093442717838,0.317461521661126,0.99988016650531
"ENSG00000166575",0.188808716226122,4.75242857596624,1.0999988307607,0.31750243061626,0.99988016650531
"ENSG00000137824",0.19425237288159,4.84301159306875,1.09979366825974,0.317545362923657,0.99988016650531
"ENSG00000233848",0.841696587949277,0.111542809391001,1.10031730830813,0.317616125647954,0.99988016650531
"ENSG00000163002",0.209934735380382,4.12426610852989,1.09917870327494,0.317674542838676,0.99988016650531
"ENSG00000101888",0.174962712023341,5.57882136649941,1.09885528791465,0.317741954959448,0.99988016650531
"ENSG00000135862",-0.174936504622415,5.97035242517649,1.09874585041892,0.317764903517198,0.99988016650531
"ENSG00000234171",0.393427510526731,2.389976049969,1.09865296669242,0.317787240032785,0.99988016650531
"ENSG00000279605",0.853143155655488,2.30287728791113,1.09848752118035,0.317823877303691,0.99988016650531
"ENSG00000172830",0.406839037145146,4.35621479234273,1.09825619381546,0.317868059797411,0.99988016650531
"ENSG00000198824",0.203908632848822,4.81977778265022,1.09727500123369,0.318074076308724,0.99988016650531
"ENSG00000291105",-0.284287459648053,3.89095281256026,1.0972147946716,0.318086978378619,0.99988016650531
"ENSG00000152332",-0.165678510062055,7.45586253244321,1.09694368835827,0.318143373159717,0.99988016650531
"ENSG00000184384",-0.21595510766715,8.72099026024093,1.09633854786053,0.318270605721841,0.99988016650531
"ENSG00000053372",0.179054466184017,5.88225028836819,1.09629143516103,0.318280530343188,0.99988016650531
"ENSG00000288853",0.411231720892437,4.67774395125355,1.09604938362437,0.318331669270926,0.99988016650531
"ENSG00000255395",0.534814293416887,0.544110932508574,1.09637590349372,0.318339592612876,0.99988016650531
"ENSG00000009830",-0.367716353282909,2.28367353925262,1.09515620551696,0.318523011459768,0.99988016650531
"ENSG00000180209",-0.491067328493297,1.66498687666851,1.09517864532068,0.318523516386377,0.99988016650531
"ENSG00000148824",-0.252757909970676,3.30767518996295,1.09491804782314,0.318570649177679,0.99988016650531
"ENSG00000128928",0.164979483199842,5.75863953161053,1.09490411183813,0.31857251489482,0.99988016650531
"ENSG00000032219",-0.269695728907539,6.65988267635593,1.09485090716097,0.318583706358328,0.99988016650531
"ENSG00000308724",-0.686481104958556,0.347019446087265,1.09483993636395,0.318711996632048,0.99988016650531
"ENSG00000198851",-0.488056692508487,1.60583761235879,1.09397083028521,0.318780478324568,0.99988016650531
"ENSG00000265401",0.480326082975983,1.92835050704243,1.09343338561339,0.318888724874056,0.99988016650531
"ENSG00000134516",0.151766711694178,7.83202538312537,1.09330091777154,0.318910393016086,0.99988016650531
"ENSG00000138376",0.173433815649543,5.69233557655566,1.09288762081507,0.318997607714503,0.99988016650531
"ENSG00000167393",0.38201897079744,2.08271520258953,1.09285455854616,0.319009607990746,0.99988016650531
"ENSG00000292327",0.38201897079744,2.08271520258953,1.09285455854616,0.319009607990746,0.99988016650531
"ENSG00000112578",-0.213482465957259,4.76387009275286,1.09266560014553,0.319044743064165,0.99988016650531
"ENSG00000177030",0.179829821145272,5.35271232595883,1.09210446281166,0.319162930481895,0.99988016650531
"ENSG00000270344",0.353138613477692,2.6825267714484,1.09184216107875,0.319220165543508,0.99988016650531
"ENSG00000180644",-0.510409233953885,1.65136345122951,1.09108884177003,0.319388564910797,0.99988016650531
"ENSG00000117475",-0.21350444426556,5.4780933226561,1.09094930236198,0.319406989199783,0.99988016650531
"ENSG00000141510",-0.193091722489775,4.4521564543967,1.09086195513523,0.319425796024063,0.99988016650531
"ENSG00000138231",0.202439855033227,4.10758664987186,1.09083150009832,0.3194323376121,0.99988016650531
"ENSG00000235947",-0.730770123653902,0.575846621929402,1.09077430197238,0.319513163764718,0.99988016650531
"ENSG00000120533",-0.190967801785103,7.97641986891587,1.09037693375978,0.319527995869085,0.99988016650531
"ENSG00000253626",-0.172596176210685,5.46758966012697,1.09027191152923,0.319550238747118,0.99988016650531
"ENSG00000163235",0.423391951304786,1.73153442914529,1.09007920406304,0.319599626439764,0.99988016650531
"ENSG00000166197",0.165122652110788,6.36640369597402,1.08936269387711,0.319742632992149,0.99988016650531
"ENSG00000283930",0.619011849505904,1.05559289013757,1.08916619241785,0.319804496666011,0.99988016650531
"ENSG00000215039",0.373562022692702,2.8907817712878,1.08902746173206,0.319815417553035,0.99988016650531
"ENSG00000226268",-0.422761670828566,1.19677309200729,1.08852152764321,0.319936555965666,0.99988016650531
"ENSG00000185298",0.170006000026446,5.69093656244396,1.088161318956,0.319997145941824,0.99988016650531
"ENSG00000137364",-0.215404866268921,4.34489532190091,1.08804407784217,0.320022358267513,0.99988016650531
"ENSG00000164897",0.238415673153746,4.57847018282215,1.087966544789,0.3200387647535,0.99988016650531
"ENSG00000253474",-0.352773514742873,2.70531551007627,1.08777665934992,0.320082076243719,0.99988016650531
"ENSG00000162769",0.208239467994516,4.18713722862923,1.08772961289297,0.320089060352538,0.99988016650531
"ENSG00000205111",-0.501680613923326,0.426068038355644,1.08800144766202,0.320110153024395,0.99988016650531
"ENSG00000205488",-0.294027795340291,2.67012399098083,1.08692726859955,0.320260867695392,0.99988016650531
"ENSG00000130164",-0.194171290553352,4.82955110567707,1.08681620690168,0.320282685890891,0.99988016650531
"ENSG00000018236",1.13326491320109,0.686590452311727,1.08721313544536,0.320286603250133,0.99988016650531
"ENSG00000126945",-0.147043573327148,5.9536909228398,1.08553258630689,0.320555033866305,0.99988016650531
"ENSG00000104341",0.24881701267673,6.68627829647282,1.08479411692124,0.32071200182242,0.99988016650531
"ENSG00000197301",0.600666518543593,2.19004159661292,1.08450231665194,0.320778019098157,0.99988016650531
"ENSG00000161204",-0.249697290304183,3.37126938942326,1.0842133594588,0.320836571091232,0.99988016650531
"ENSG00000113810",0.179720705436832,7.42938223800335,1.08419730646853,0.32083894486257,0.99988016650531
"ENSG00000236534",-0.15425796841491,6.95735639310221,1.08396852409533,0.320887629483667,0.99988016650531
"ENSG00000296029",-0.583822692507836,0.376970439384875,1.08413832404134,0.32091984131932,0.99988016650531
"ENSG00000081803",0.511341146793662,1.28273228278094,1.08356018207735,0.320987194901246,0.99988016650531
"ENSG00000082074",-0.291468928825535,7.01073850153129,1.08301138609329,0.321091414958447,0.99988016650531
"ENSG00000130640",0.151948577525905,5.44554441221526,1.08228603018769,0.321246001645068,0.99988016650531
"ENSG00000099968",-0.156586625319579,6.26066571083107,1.08205409364978,0.321295427404599,0.99988016650531
"ENSG00000303689",-0.683085487429135,0.214978753354581,1.08299639873281,0.321317425446763,0.99988016650531
"ENSG00000130520",0.191236692895717,6.1681986318849,1.08154138204027,0.321404769322155,0.99988016650531
"ENSG00000258086",0.602747972816343,2.94658847085263,1.08137718373554,0.321441345504387,0.99988016650531
"ENSG00000187753",0.566058850813421,0.517397215053798,1.08155847843127,0.321449760180977,0.99988016650531
"ENSG00000147894",-0.352299278959675,2.43887538003866,1.08118573542871,0.321483232681158,0.99988016650531
"ENSG00000128596",0.520226549496238,2.17701092775308,1.08103490551236,0.321516730944194,0.99988016650531
"ENSG00000167996",-0.237944378434374,13.9102398868302,1.08028812885471,0.3216722502221,0.99988016650531
"ENSG00000215895",-0.672895064626508,0.0704335626260901,1.08089044372374,0.321709322827085,0.99988016650531
"ENSG00000289339",0.802721394995692,0.0865704178825777,1.08067604453442,0.321727988867816,0.99988016650531
"ENSG00000130311",-0.195827696124637,5.92473570392927,1.08001170870044,0.321731306882987,0.99988016650531
"ENSG00000108641",0.461916734860817,1.49060953607854,1.08003393707371,0.321739458380149,0.99988016650531
"ENSG00000233144",-0.447995427920132,3.19344866954291,1.07980632804082,0.321776323797948,0.99988016650531
"ENSG00000106976",0.338371448914915,4.35315368558938,1.07970684755054,0.321796824252501,0.99988016650531
"ENSG00000106526",-0.496709600328607,1.26120835429335,1.07883463040786,0.321998362004027,0.99988016650531
"ENSG00000287933",-0.637285340003547,0.483051626930202,1.07901046164944,0.322036985945391,0.99988016650531
"ENSG00000145681",-0.639801888299944,0.159184077497091,1.07907358663901,0.322105116957857,0.99988016650531
"ENSG00000205559",0.255991389829185,3.77761625820582,1.07824875770051,0.322108818098659,0.99988016650531
"ENSG00000198538",0.212554094007956,3.92387864921343,1.07816366850884,0.322126976246175,0.99988016650531
"ENSG00000308241",0.364809015461385,2.72475280505492,1.07777166127777,0.322212955377739,0.99988016650531
"ENSG00000115020",-0.16781857893242,5.42570105593516,1.07759593876025,0.322247985909612,0.99988016650531
"ENSG00000160703",0.188616285676456,4.47121313995817,1.07689967845745,0.322397476520082,0.99988016650531
"ENSG00000126243",-0.277171682589443,3.16576643652587,1.07653220925191,0.322477024116225,0.99988016650531
"ENSG00000143110",0.288351905946554,4.64903199942864,1.07634638568617,0.32251600907254,0.99988016650531
"ENSG00000254973",-0.614803021070493,0.510783045601056,1.0763524655692,0.322625169026932,0.99988016650531
"ENSG00000114383",-0.201955939389623,5.10669977377992,1.0753042975057,0.322739303337451,0.99988016650531
"ENSG00000133131",0.276712447123694,2.90796419518257,1.07473110549145,0.322863688586331,0.99988016650531
"ENSG00000135929",-0.344148526211269,2.17288163392246,1.07429212323097,0.322959862741401,0.99988016650531
"ENSG00000066185",0.707132452963303,0.618505817227852,1.07424528477525,0.323016747283406,0.99988016650531
"ENSG00000087274",-0.172782515876318,6.009191955567,1.07399566846495,0.323020190995305,0.99988016650531
"ENSG00000147383",0.255159360200055,3.57884283940114,1.07389516955708,0.323042531022796,0.99988016650531
"ENSG00000227492",0.479962201468558,1.73481226735501,1.07361083196527,0.323109567767114,0.99988016650531
"ENSG00000134215",0.175247596887845,7.83208183181907,1.07342612584226,0.323142586320688,0.99988016650531
"ENSG00000130300",0.598933449440996,0.958738843850686,1.07333557085943,0.323185772287569,0.99988016650531
"ENSG00000184227",-0.204212616370387,5.10804903766738,1.07317735671237,0.323196163231048,0.99988016650531
"ENSG00000081014",0.176249904014083,4.69125794348284,1.07267814906063,0.32330376814919,0.99988016650531
"ENSG00000149357",-0.181564849869144,7.8482731351342,1.0726580508844,0.323307768040482,0.99988016650531
"ENSG00000161921",-0.41903174577192,1.40816842979875,1.07265622922471,0.323323857760377,0.99988016650531
"ENSG00000119865",0.389251263712796,2.91151082840506,1.07238606512835,0.32336796143159,0.99988016650531
"ENSG00000130958",-0.281209694470725,2.82972061596042,1.07235603848064,0.323374458696048,0.99988016650531
"ENSG00000138821",-0.252927915211335,7.32508648460796,1.07234046766937,0.323376103667667,0.99988016650531
"ENSG00000285130",-0.31168686398373,2.76456263834384,1.07229583091906,0.323387695906863,0.99988016650531
"ENSG00000254226",0.68582607728312,0.333704040289037,1.07236389431479,0.32346039582859,0.99988016650531
"ENSG00000111674",0.611579772658701,1.22604674973211,1.0720114051812,0.323461105545489,0.99988016650531
"ENSG00000139915",0.27573805655655,4.46508403515293,1.0717937981828,0.323494126174855,0.99988016650531
"ENSG00000102543",0.299103815961135,3.13698272626821,1.07160520977383,0.323535620202521,0.99988016650531
"ENSG00000283453",0.422743710231328,1.73979811730179,1.07152597786474,0.323558545650086,0.99988016650531
"ENSG00000172349",0.378093962979767,2.58594068811024,1.07128490968389,0.323606174011688,0.99988016650531
"ENSG00000152527",0.78344560876401,0.402768181100562,1.07160602314704,0.323620827051556,0.99988016650531
"ENSG00000213347",0.255199230045237,3.28329611217535,1.07119865615277,0.32362301224445,0.99988016650531
"ENSG00000101363",-0.21528560750408,4.3872506177504,1.07110121603003,0.323643328494791,0.99988016650531
"ENSG00000050555",0.717278482146148,0.524826573714789,1.07067708791966,0.323824946252285,0.99988016650531
"ENSG00000144320",0.198547171590022,4.32410430794506,1.07011991714856,0.32385487480102,0.99988016650531
"ENSG00000146426",-0.21777693078413,4.79962430645313,1.06990471794396,0.323901168318564,0.99988016650531
"ENSG00000006194",-0.22797529714661,4.2413409162926,1.06985839566207,0.323911292121674,0.99988016650531
"ENSG00000134160",-0.619591614941752,-0.101040021523081,1.06966269879661,0.323968835095525,0.99988016650531
"ENSG00000263002",-0.319003148113707,2.68045901553602,1.06928177245601,0.324037402700655,0.99988016650531
"ENSG00000151632",1.74689814286313,2.43765982215734,1.06902174199611,0.324093749271643,0.99988016650531
"ENSG00000114933",-0.245298575226398,6.74607178526085,1.06888007122418,0.324122043349099,0.99988016650531
"ENSG00000131759",0.300543323508176,4.15442449573905,1.06885814533746,0.324127214519773,0.99988016650531
"ENSG00000170854",-0.18703029430063,4.0464290633625,1.06876088375274,0.324148220954274,0.99988016650531
"ENSG00000275700",0.187628779981674,5.55240437664106,1.06818966849808,0.324271185430119,0.99988016650531
"ENSG00000147471",0.156393095529445,5.99149025934985,1.06814461876924,0.324280908914043,0.99988016650531
"ENSG00000139428",0.191932131810291,4.19273386105564,1.06786931092358,0.324340813902693,0.99988016650531
"ENSG00000089820",0.238125145288516,3.98679068004327,1.06654822016291,0.324626611185682,0.99988016650531
"ENSG00000100038",-0.261145790299986,3.00663303198455,1.06600199358061,0.324745787009791,0.99988016650531
"ENSG00000124279",-0.265233868995753,3.10312690766443,1.06431233707885,0.325111913472433,0.99988016650531
"ENSG00000294028",0.794785706679938,0.18732447513082,1.0647051812377,0.32512551877172,0.99988016650531
"ENSG00000117222",-0.190540594610347,4.86173696143713,1.0642185931429,0.325131122297166,0.99988016650531
"ENSG00000221944",0.429098352057153,2.55501835696836,1.06418486125565,0.325140796458575,0.99988016650531
"ENSG00000105639",-0.585971044153455,0.285707742090318,1.06464738369345,0.325168449794574,0.99988016650531
"ENSG00000232931",0.297400120650833,5.2990215273723,1.06396020581438,0.325186916092872,0.99988016650531
"ENSG00000246100",-0.539126708445008,0.965173060979922,1.06387810426986,0.325229418643368,0.99988016650531
"ENSG00000077942",0.415659320401442,2.42100363001408,1.0636474770004,0.325257915344142,0.99988016650531
"ENSG00000143553",-0.19515163849078,5.48202378275192,1.0636122359632,0.325262415038437,0.99988016650531
"ENSG00000185950",0.153749354663284,6.30430671147628,1.06334951472493,0.325319419458909,0.99988016650531
"ENSG00000272750",-0.473303288933887,0.516603005266236,1.06359363370388,0.325326061941548,0.99988016650531
"ENSG00000058272",-0.19710090590346,7.59444612384376,1.06255769906265,0.325491365808802,0.99988016650531
"ENSG00000110330",-0.158259471148889,5.32883385557925,1.0623695459911,0.325532276548546,0.99988016650531
"ENSG00000291141",-0.301337615635784,3.58130515657623,1.06228659677065,0.32555095993892,0.99988016650531
"ENSG00000213420",0.732157353221077,0.638030228952844,1.06199488772022,0.325679592826022,0.99988016650531
"ENSG00000163110",-0.220500073076341,6.17746420833957,1.06162928669228,0.325693159680275,0.99988016650531
"ENSG00000122126",0.210284320255661,3.91032506128148,1.06160093744547,0.325699899659267,0.99988016650531
"ENSG00000163608",-0.153606379130171,5.06788016639814,1.06154565950182,0.325711381205367,0.99988016650531
"ENSG00000204256",-0.185989184621382,7.6925814782342,1.0611308848767,0.325801550854579,0.99988016650531
"ENSG00000068323",-0.166299668364335,4.89085508100999,1.06096683546623,0.325837451699368,0.99988016650531
"ENSG00000286887",-0.668705982746968,0.287110563087967,1.06129635145775,0.325864687763114,0.99988016650531
"ENSG00000106348",-0.214380106478287,6.53889779042475,1.06065246691063,0.325905658260891,0.99988016650531
"ENSG00000176410",-0.259750993102683,3.43560793705186,1.06051827333047,0.325935771578218,0.99988016650531
"ENSG00000132357",-0.288449925706753,3.21569456526802,1.06046259143871,0.325948126130245,0.99988016650531
"ENSG00000132824",-0.176200626000526,6.55534461947737,1.06018525272661,0.326007369534383,0.99988016650531
"ENSG00000205639",0.287636933085414,3.42490406185353,1.06001891545313,0.32604459780877,0.99988016650531
"ENSG00000306967",0.26305276768502,3.17219469799622,1.05969240963128,0.326115912650907,0.99988016650531
"ENSG00000125703",-0.210364099201477,4.46228162858999,1.05955736312006,0.326144484132687,0.99988016650531
"ENSG00000257595",0.400660640962734,2.52376066725685,1.05947620737397,0.326164074998669,0.99988016650531
"ENSG00000162734",-0.162185792376915,6.27011846945906,1.05899640141494,0.326266389455221,0.99988016650531
"ENSG00000287699",0.459442093636087,2.14692463248504,1.05838736402382,0.326403462412649,0.99988016650531
"ENSG00000119314",-0.174595413361222,7.59999061455096,1.05768466074051,0.326552520987285,0.99988016650531
"ENSG00000069702",-0.253917305897926,3.46560418991681,1.05763392669675,0.326564440422364,0.99988016650531
"ENSG00000104946",-0.300148069072281,4.82345363448757,1.05736017550522,0.326623594874956,0.99988016650531
"ENSG00000004777",0.648692668597013,0.823450294747397,1.05755858210032,0.326634849574311,0.99988016650531
"ENSG00000132958",0.238676698645133,3.99399960622438,1.05725676136952,0.326646455368558,0.99988016650531
"ENSG00000245552",0.462788643011023,2.1558622361822,1.05712693870188,0.326680659699519,0.99988016650531
"ENSG00000031698",-0.207072186673813,5.93497952672735,1.05700513550293,0.326700906089134,0.99988016650531
"ENSG00000146676",0.188738660081956,5.16069266545967,1.05692892022989,0.326717580149322,0.99988016650531
"ENSG00000170035",0.166682090591751,5.33303476527444,1.05665612234618,0.326777170400162,0.99988016650531
"ENSG00000297330",0.609508148553797,2.66055549936726,1.05662061873305,0.326786959792207,0.99988016650531
"ENSG00000153767",-0.239751304695198,3.97396500428734,1.05608572495511,0.326902315063258,0.99988016650531
"ENSG00000214922",0.437886991955328,1.76883192947285,1.05601259266665,0.326923644404657,0.99988016650531
"ENSG00000198331",-0.265300772932865,4.37330160682366,1.05587894443191,0.326947413735853,0.99988016650531
"ENSG00000033627",-0.233184685656783,4.12892630858445,1.05576089750607,0.326973243801221,0.99988016650531
"ENSG00000155816",0.618062355418322,1.26099025054827,1.05545871070204,0.327053828644058,0.99988016650531
"ENSG00000258700",-0.601064752913279,0.694531530716771,1.0554915383333,0.327105002595801,0.99988016650531
"ENSG00000172893",0.280229260244636,3.44626113426479,1.05402965171645,0.327352518431238,0.99988016650531
"ENSG00000137337",0.306037124932733,3.31497569608692,1.0539326033693,0.327373945687872,0.99988016650531
"ENSG00000198796",0.810995377305232,-0.0631255776484703,1.05480003159665,0.327393829884756,0.99988016650531
"ENSG00000267265",0.174715695006783,5.03773593301214,1.05373247680013,0.327416906999547,0.99988016650531
"ENSG00000188566",0.325345671230827,2.80365852114708,1.05264044245286,0.32765809753947,0.99988016650531
"ENSG00000151014",0.216967978092148,4.05503820713385,1.05257572161329,0.32767089032069,0.99988016650531
"ENSG00000289421",0.355262841734318,2.22654602763054,1.05248862202635,0.327693304854894,0.99988016650531
"ENSG00000145780",-0.215170747510826,4.25262684117704,1.05199278570247,0.327798747675115,0.99988016650531
"ENSG00000169660",-0.247198380087939,4.42025183868911,1.05181054648841,0.327838726049096,0.99988016650531
"ENSG00000151135",-0.261500586379273,3.38146022110991,1.05161049367625,0.327883184273381,0.99988016650531
"ENSG00000111364",0.167385580813258,5.43387595293604,1.0516013702908,0.327884311295031,0.99988016650531
"ENSG00000303389",0.820990727839812,-0.0426975455406319,1.05227953098036,0.327918142401962,0.99988016650531
"ENSG00000257545",-0.63033578984454,0.195540797395227,1.05200261113481,0.327924757842242,0.99988016650531
"ENSG00000228100",0.826911232490264,0.461987936973622,1.05125099152164,0.327948628484045,0.99988016650531
"ENSG00000225506",0.57953378654631,2.06725358254387,1.05131844130931,0.327951116227339,0.99988016650531
"ENSG00000261236",0.158401136789892,5.67059122542464,1.05122281212982,0.327967439139797,0.99988016650531
"ENSG00000067842",1.02588833539037,1.43239957402168,1.05127047105226,0.327968870857701,0.99988016650531
"ENSG00000272886",-0.176864286846909,6.64871995803415,1.05117309397602,0.327978342868778,0.99988016650531
"ENSG00000177469",0.759202780900744,2.91703550685187,1.05104601599049,0.328007995233391,0.99988016650531
"ENSG00000070018",0.199138257776581,3.99681129303197,1.05068261028332,0.32808653657297,0.99988016650531
"ENSG00000165152",0.295053206726728,3.23723500898855,1.05039645419208,0.32815013984584,0.99988016650531
"ENSG00000154767",-0.299257534366201,3.80403724994085,1.05026970044852,0.3281775166409,0.99988016650531
"ENSG00000144645",0.351151878907958,2.13453915159498,1.04967626794248,0.328311367409924,0.99988016650531
"ENSG00000185947",-0.206853839200709,6.05137668151449,1.04874195263953,0.328513008445103,0.99988016650531
"ENSG00000287720",0.547836011925457,0.748285231811693,1.04892233160124,0.328517047758454,0.99988016650531
"ENSG00000117461",-0.41235866594367,1.63726519638286,1.04871229389238,0.328529072337719,0.99988016650531
"ENSG00000126804",-0.209001615072029,5.68096517640892,1.04855438761238,0.328554318268201,0.99988016650531
"ENSG00000237310",-0.505560954228347,1.75290585764357,1.0478947033698,0.328708017178682,0.99988016650531
"ENSG00000184432",-0.158503515601033,6.44389966043643,1.04777861449804,0.328725213592279,0.99988016650531
"ENSG00000073050",0.260371839307545,3.55223553077109,1.04776646920975,0.328728674825663,0.99988016650531
"ENSG00000001561",-0.319633473593437,2.74651054865073,1.04721565204499,0.328851127952897,0.99988016650531
"ENSG00000180879",-0.218454432906235,8.19139306716664,1.04711705830402,0.328871053753422,0.99988016650531
"ENSG00000107736",0.236150755868273,4.09863563572874,1.04676498115885,0.328949143228525,0.99988016650531
"ENSG00000291069",0.297722414198716,2.97255293508447,1.04614034741973,0.3290879398895,0.99988016650531
"ENSG00000171606",0.165752858865085,4.62775436334391,1.04562532734266,0.32920059761325,0.99988016650531
"ENSG00000280832",-0.319891647622766,2.88474981261626,1.04529139347538,0.329276251618835,0.99988016650531
"ENSG00000260017",-0.500611458945173,0.907430044395764,1.04539770788917,0.32928015253729,0.99988016650531
"ENSG00000294191",1.18032244190502,1.27876162901034,1.04528929051603,0.329327742133045,0.99988016650531
"ENSG00000165782",0.217425502796106,3.92590902237841,1.04434017489794,0.329484813388998,0.99988016650531
"ENSG00000069122",-0.768468675671468,-0.0707583827498546,1.04413713734959,0.329486389757044,0.99988016650531
"ENSG00000306601",0.894068396700739,0.81293562223631,1.0443844139288,0.329498414554876,0.99988016650531
"ENSG00000117153",-0.16625134505828,4.6911762220565,1.04423432778022,0.329507986112339,0.99988016650531
"ENSG00000100664",-0.198534377380792,7.47592210285055,1.04375450221231,0.329613820493352,0.99988016650531
"ENSG00000051596",0.212215146895258,4.59123362420086,1.04356763589399,0.329655525802429,0.99988016650531
"ENSG00000287249",0.492797392975683,1.41426562749862,1.04347866283827,0.329684520740062,0.99988016650531
"ENSG00000132471",-0.147878117078689,6.01757113188028,1.04342247503106,0.329687306215964,0.99988016650531
"ENSG00000025039",0.276518859141264,3.97991302436766,1.04326366752513,0.329722945635283,0.99988016650531
"ENSG00000221968",0.281938467301609,4.57437591795937,1.04324534791013,0.329726835074295,0.99988016650531
"ENSG00000171320",0.237633719482951,4.90943996475572,1.04294950971658,0.329792226110689,0.99988016650531
"ENSG00000007264",0.462804953122811,2.60454996478058,1.04281600500424,0.3298241064485,0.99988016650531
"ENSG00000179941",-0.339242715036707,2.17978036538938,1.04233056305649,0.329933115828602,0.99988016650531
"ENSG00000119227",-0.317314462621588,2.75962728643572,1.04207757236614,0.329987497946401,0.99988016650531
"ENSG00000290862",-0.324894339073302,3.38193778128616,1.04172244782225,0.330064680812536,0.99988016650531
"ENSG00000182247",-0.184047529534742,9.22083621390444,1.04140303470662,0.330134693944213,0.99988016650531
"ENSG00000182541",0.166585142203429,6.15820838644455,1.04095439546228,0.330234216912168,0.99988016650531
"ENSG00000228519",0.303782469515859,2.84911587894852,1.04049931380526,0.33033699391966,0.99988016650531
"ENSG00000300261",0.663139897006515,0.95578862576281,1.04035465966852,0.330391652691309,0.99988016650531
"ENSG00000287883",0.421403153502246,1.5957833555123,1.03961998664925,0.330537820826394,0.99988016650531
"ENSG00000141562",-0.237499187917532,4.15557438855417,1.039537827424,0.330549120835014,0.99988016650531
"ENSG00000147065",-0.154084162162939,8.78728462501601,1.03933592354464,0.330593571755438,0.99988016650531
"ENSG00000290357",0.923668923850931,0.491489331873649,1.04015193694303,0.330601352518216,0.99988016650531
"ENSG00000232729",0.332263656851616,4.28842423923047,1.03919834926533,0.330624524061696,0.99988016650531
"ENSG00000269404",-0.597986229629289,1.84863776072013,1.0390347567654,0.330666364988316,0.99988016650531
"ENSG00000179588",-0.299475747742359,3.66870424932244,1.03886087518921,0.330699894138255,0.99988016650531
"ENSG00000183307",0.256961396209243,3.6756937428354,1.03829175473364,0.330826377894088,0.99988016650531
"ENSG00000249635",0.473449953426128,0.875964174850112,1.0381325648593,0.330887781923773,0.99988016650531
"ENSG00000224259",0.50473333767145,2.35556865746385,1.03674527600155,0.331176107185294,0.99988016650531
"ENSG00000170615",0.789484209851168,1.22261313336273,1.03637516017055,0.331268559136359,0.99988016650531
"ENSG00000181852",-0.148266350947091,6.0262891221197,1.03622838878762,0.331285175673069,0.99988016650531
"ENSG00000074276",0.791329047798546,1.63004344160149,1.03620722558747,0.331304223100027,0.99988016650531
"ENSG00000164096",-0.197183792441753,7.00475253509246,1.03613556162691,0.331305857828183,0.99988016650531
"ENSG00000165030",-0.202107177681131,3.98248504840025,1.03609919052019,0.331314414053011,0.99988016650531
"ENSG00000157450",-0.169062984203392,6.10329837471928,1.03607020645375,0.331320434306287,0.99988016650531
"ENSG00000103202",0.286513794183474,6.30234168407306,1.03584683023273,0.331370236366397,0.99988016650531
"ENSG00000104973",-0.171706544598603,5.27855074694058,1.03575202794185,0.331391399749675,0.99988016650531
"ENSG00000295471",0.389092748349317,1.67584858492817,1.03576856083744,0.331394128179588,0.99988016650531
"ENSG00000116809",-0.178141111275241,4.59993898715425,1.03555658136331,0.331435291050892,0.99988016650531
"ENSG00000101457",-0.156360258458609,5.87822909936732,1.0354640781049,0.331455601579261,0.99988016650531
"ENSG00000276462",0.439693443178299,1.38399888933429,1.03550604088853,0.331456519008168,0.99988016650531
"ENSG00000114346",0.192316369010099,4.00669937233706,1.03500641037718,0.33155816310003,0.99988016650531
"ENSG00000138036",-0.236435938063885,3.34885192149646,1.03414384298131,0.331751280785062,0.99988016650531
"ENSG00000273559",-0.184291929087974,5.17243022047515,1.03292685207131,0.332022287102429,0.99988016650531
"ENSG00000303584",0.613256417033893,0.650151607752633,1.0331102172344,0.332036593469748,0.99988016650531
"ENSG00000052126",-0.226937991139448,5.09203738761393,1.03255112093301,0.332106340816693,0.99988016650531
"ENSG00000099338",-0.366911502344958,1.95781069302695,1.03220246534788,0.332189982589082,0.99988016650531
"ENSG00000154928",0.353193146196952,5.78167134775562,1.03203864567904,0.332220972599138,0.99988016650531
"ENSG00000023041",0.217783767345508,5.09679728307644,1.03184707361343,0.332263946826103,0.99988016650531
"ENSG00000105877",0.649223388723787,0.475292888919312,1.03198124405037,0.332307443122414,0.99988016650531
"ENSG00000072609",-0.148551601285411,6.02869961764667,1.03159305674121,0.332320709777982,0.99988016650531
"ENSG00000298118",-0.520361098100772,0.734514162815018,1.03178045856259,0.33232384278139,0.99988016650531
"ENSG00000112078",-0.14586218947943,6.64354183014402,1.03141466258317,0.33236065103983,0.99988016650531
"ENSG00000182606",0.167906718045114,5.71338555678123,1.03137190568642,0.332370239689506,0.99988016650531
"ENSG00000167196",0.171164595559147,5.20010794957988,1.03121440248581,0.332405538686109,0.99988016650531
"ENSG00000167785",-0.342543218684953,1.85901209455304,1.03092081353785,0.332476869954122,0.99988016650531
"ENSG00000188177",-0.182735639102913,4.55677090366812,1.03084445322314,0.332488718654798,0.99988016650531
"ENSG00000108039",0.15434614596996,5.05055424483367,1.03070962491533,0.332518744359456,0.99988016650531
"ENSG00000050426",0.166230304142186,5.00742087183411,1.03047970739288,0.332570306890796,0.99988016650531
"ENSG00000223446",0.574992861728242,0.172266954361143,1.030578466953,0.332681008143835,0.99988016650531
"ENSG00000177885",-0.166838517651654,9.14004405686224,1.0299275105801,0.332693935733562,0.99988016650531
"ENSG00000141084",-0.188254956490499,4.81504388444586,1.02949384126674,0.332791507644147,0.99988016650531
"ENSG00000068745",-0.155946331121647,5.70840638873395,1.0294821974166,0.332793850345371,0.99988016650531
"ENSG00000182165",-0.346385459197013,2.9559122464114,1.02945660503203,0.332801136165551,0.99988016650531
"ENSG00000196214",-0.164130240197499,4.6459310012248,1.02938791805002,0.332815321845042,0.99988016650531
"ENSG00000179456",0.269951439012087,3.28998113473066,1.02926516861224,0.332843560423796,0.99988016650531
"ENSG00000204856",0.207358016019515,4.80887062879907,1.02909223945367,0.332881673779445,0.99988016650531
"ENSG00000309655",-0.408657150088304,1.58723268887972,1.02908215151033,0.332892538291271,0.99988016650531
"ENSG00000115295",-0.347686966650192,2.27171286432955,1.02894174629884,0.332918621482945,0.99988016650531
"ENSG00000068903",-0.203892279693166,5.16836960684808,1.0288685386452,0.332931632753695,0.99988016650531
"ENSG00000065526",-0.174540447345874,6.76031838091252,1.02744198581625,0.333252067758085,0.99988016650531
"ENSG00000153443",-0.206149899978162,3.95423859383781,1.02672833096245,0.333413065720737,0.99988016650531
"ENSG00000083067",0.620158411701378,0.671911169032195,1.02660737485874,0.333480502352212,0.99988016650531
"ENSG00000132846",0.46832408967817,2.16730765795104,1.02625012103117,0.333523743907697,0.99988016650531
"ENSG00000101361",0.159753282109962,6.41355780231593,1.02598276573155,0.333580377632084,0.99988016650531
"ENSG00000303442",-0.39561970558686,1.99658784230467,1.02596944195488,0.333588034711779,0.99988016650531
"ENSG00000145703",-0.190349659168183,4.65393721152646,1.02572214688635,0.333639353369296,0.99988016650531
"ENSG00000255872",-0.17910310516827,4.40444513244215,1.02558783622588,0.33366967180864,0.99988016650531
"ENSG00000301812",-0.465526939377497,1.16722319888316,1.02555799782321,0.33369239636994,0.99988016650531
"ENSG00000261105",0.50802208077698,1.31822593817281,1.02550767136361,0.333702459566478,0.99988016650531
"ENSG00000236021",-0.234512170560624,3.54164254422252,1.02529508007231,0.333736008637457,0.99988016650531
"ENSG00000296107",0.606212219168656,0.934476384934324,1.02511417375643,0.333801784219685,0.99988016650531
"ENSG00000114423",-0.233346623147416,4.91436350311142,1.02489898658282,0.333824689451068,0.99988016650531
"ENSG00000110171",-0.520747567917927,0.498211695518542,1.02516534147498,0.33383865355296,0.99988016650531
"ENSG00000309114",-0.435274168915102,1.04184411065089,1.02480713462987,0.333866678868688,0.99988016650531
"ENSG00000090863",-0.157086425732434,7.21799112140926,1.02462169762411,0.333887023060541,0.99988016650531
"ENSG00000128594",-0.406117628203568,2.16727902891828,1.02463327342501,0.333888321390808,0.99988016650531
"ENSG00000184254",0.514053318304847,2.57973296937887,1.02457657555788,0.333899473540382,0.99988016650531
"ENSG00000162620",-0.410474976048075,2.02590366482366,1.02434621033387,0.333954115686798,0.99988016650531
"ENSG00000113327",-0.26933564135406,3.21156220802664,1.02427379108529,0.333966521763196,0.99988016650531
"ENSG00000147416",-0.154976038760264,8.42164318689881,1.02328749857362,0.33418801802635,0.99988016650531
"ENSG00000049245",-0.194948539669282,4.24551651603938,1.0231795935524,0.334212781261332,0.99988016650531
"ENSG00000197332",0.53055884307751,1.26882098292911,1.02307809708435,0.334254380624654,0.99988016650531
"ENSG00000180822",0.233840545469761,4.093292980702,1.02290636642802,0.33427456560011,0.99988016650531
"ENSG00000139233",-0.150209309130327,5.65380784971496,1.02243966435998,0.33437951705227,0.99988016650531
"ENSG00000112773",-0.233132710511919,6.56585394656756,1.02204584782927,0.334468498003001,0.99988016650531
"ENSG00000291035",0.202404670280562,4.83456013659975,1.02139511275571,0.334615888095407,0.99988016650531
"ENSG00000152223",0.217897692163513,4.36676905025759,1.02093983082156,0.334718975710767,0.99988016650531
"ENSG00000101255",0.28572471561083,4.27045148322869,1.02089019835494,0.334730233541827,0.99988016650531
"ENSG00000102043",0.26916600310677,3.70283141190228,1.02029287721294,0.334865690741263,0.99988016650531
"ENSG00000303382",1.6806521337922,0.998577300929852,1.01039636434429,0.334871514291705,0.99988016650531
"ENSG00000084731",0.545506489762017,1.79139701516356,1.01993115904977,0.334953752984357,0.99988016650531
"ENSG00000077092",0.722555087175398,0.160040749896848,1.02030709462778,0.335012322448654,0.99988016650531
"ENSG00000238172",-0.426763644442772,1.41757793278565,1.01944447198984,0.33506935269306,0.99988016650531
"ENSG00000175764",0.217949910839519,3.96721646372761,1.01926189703374,0.335099116759685,0.99988016650531
"ENSG00000096996",-0.245336286099985,3.41603138774962,1.01910080921848,0.33513603390465,0.99988016650531
"ENSG00000212724",0.853547476576497,0.112042745855505,1.01965012202616,0.335177418597762,0.99988016650531
"ENSG00000310521",0.606941272480234,0.747854311831174,1.01857547176049,0.335292390840679,0.99988016650531
"ENSG00000286388",-0.354263806287462,2.65461881440183,1.01788785770881,0.335412409470986,0.99988016650531
"ENSG00000115524",-0.146436615511686,7.66407220580562,1.0177567235977,0.335440009170596,0.99988016650531
"ENSG00000060558",-0.15598803118994,6.5095217420898,1.01769348661862,0.335454368286238,0.99988016650531
"ENSG00000291049",-0.549243675627276,1.54840328580996,1.01763500007035,0.335476974249418,0.99988016650531
"ENSG00000153015",0.156955475710093,6.27758736058046,1.01748025446208,0.335502780244977,0.99988016650531
"ENSG00000128272",-0.199495463497232,7.03257285084748,1.01739106778691,0.335523025620248,0.99988016650531
"ENSG00000109686",0.242433224928303,3.91998237374934,1.01735097571581,0.335532686191758,0.99988016650531
"ENSG00000124217",-0.278171858808442,2.96313091630904,1.01692948609761,0.335629342822523,0.99988016650531
"ENSG00000234160",0.666947141711075,1.01807837967608,1.01699881556805,0.335635534775084,0.99988016650531
"ENSG00000304100",-0.65507428574737,0.14694580102659,1.01748605797401,0.335660549480449,0.99988016650531
"ENSG00000005206",0.197014998133585,4.00973643278439,1.01660318927047,0.335702556316849,0.99988016650531
"ENSG00000260083",0.386648440218546,2.50229121134338,1.01655054325868,0.335716432851704,0.99988016650531
"ENSG00000117242",0.323921224830036,2.61993206303604,1.01626084856617,0.33578181571201,0.99988016650531
"ENSG00000248360",0.265884139130014,6.17392826577125,1.0159708454695,0.335845749205142,0.99988016650531
"ENSG00000269929",-0.252895687584058,3.27989195445023,1.01591603508897,0.335859214000062,0.99988016650531
"ENSG00000143333",-0.211874442526871,7.40303382117123,1.01523500555721,0.33601312515152,0.99988016650531
"ENSG00000294356",0.78081626760387,0.699102762003749,1.01487607209314,0.336137587868554,0.99988016650531
"ENSG00000111445",0.2773894609763,4.17758104097133,1.01464967502093,0.336146889683621,0.99988016650531
"ENSG00000234707",-0.749978700229093,-0.0176785154694281,1.01533879902133,0.336220551167062,0.99988016650531
"ENSG00000163961",0.207322796255872,4.46947513337445,1.01396141490344,0.336303471948336,0.99988016650531
"ENSG00000145979",-0.26951559712964,2.96103176586018,1.01392411724969,0.336313181651811,0.99988016650531
"ENSG00000168078",0.2027716683045,4.03918935124052,1.0136627974932,0.336371709690246,0.99988016650531
"ENSG00000279118",-0.43810433916034,0.934291640072983,1.01367790743153,0.336398525539751,0.99988016650531
"ENSG00000246334",0.97346027037992,-0.00138034037187403,1.01411860228208,0.336471479070027,0.99988016650531
"ENSG00000171861",-0.294091250143433,2.6882438405601,1.01320362554047,0.33647820203929,0.99988016650531
"ENSG00000288674",-0.641690194885674,0.329889867665886,1.01341006167287,0.336553382158407,0.99988016650531
"ENSG00000107186",1.02718089143812,0.287567028454469,1.01298367945945,0.336635954189883,0.99988016650531
"ENSG00000204257",-0.658478507440763,0.926581422747866,1.01182004574225,0.336818015503292,0.99988016650531
"ENSG00000051009",0.290334402438915,4.28006470885019,1.01167839215043,0.33682426859671,0.99988016650531
"ENSG00000198053",-0.174065343250418,7.52693198783106,1.01111411401901,0.336952778997372,0.99988016650531
"ENSG00000189419",0.573296075127785,1.07720980467718,1.01112088944889,0.336976708484128,0.99988016650531
"ENSG00000169758",0.535518411733423,1.57386172403303,1.01100424370336,0.336987679312787,0.99988016650531
"ENSG00000025770",0.243897470842275,4.08981409477665,1.01053912283696,0.337084686818624,0.99988016650531
"ENSG00000019144",0.302799856764971,3.21455542762383,1.00969766882002,0.337277751510278,0.99988016650531
"ENSG00000133318",0.156211638689346,7.22069889340515,1.00751722674442,0.337776101430808,0.99988016650531
"ENSG00000206172",-0.45761808837934,0.742824347965026,1.00774489734366,0.337776722316218,0.99988016650531
"ENSG00000006282",0.332040234277272,2.35405972076145,1.00747578898684,0.337790156429662,0.99988016650531
"ENSG00000186806",-0.488730994001678,1.44116228020047,1.0071627450352,0.337868567136052,0.99988016650531
"ENSG00000152382",0.281263519601395,2.92601059597466,1.0066261562711,0.337982185705042,0.99988016650531
"ENSG00000135655",-0.190068709490273,7.21104511793202,1.00648911280871,0.338011977047568,0.99988016650531
"ENSG00000163191",-0.196698149728297,9.87370689263171,1.00632223089477,0.338050284659094,0.99988016650531
"ENSG00000175967",-0.55991633806068,0.221123742824827,1.00684569867053,0.338059217862298,0.99988016650531
"ENSG00000164051",0.211180691895607,4.17268136693282,1.00626211575684,0.338064498608677,0.99988016650531
"ENSG00000104763",-0.195020694620222,6.2911728122661,1.00580944203358,0.338168050432786,0.99988016650531
"ENSG00000158290",-0.178148034209827,4.66877067813002,1.00565814054121,0.338203122183259,0.99988016650531
"ENSG00000133313",-0.215205085931758,4.91250350070616,1.00557059246661,0.338223120467048,0.99988016650531
"ENSG00000101624",-0.235902645985997,3.10411213503255,1.00546064185414,0.33824956231937,0.99988016650531
"ENSG00000118762",0.164788664249675,5.58151742555445,1.00534016064832,0.338275881309697,0.99988016650531
"ENSG00000129925",-0.226879818676952,3.61017081298844,1.00529311322726,0.338287408796042,0.99988016650531
"ENSG00000231131",-0.320397591978136,8.91520953852957,1.00518928337108,0.338310535415186,0.99988016650531
"ENSG00000224020",0.289199539022117,3.33336426756815,1.00513465770537,0.338324044789005,0.99988016650531
"ENSG00000304860",0.366310790324688,1.99829141915463,1.00449849934047,0.338473680391939,0.99988016650531
"ENSG00000081019",-0.17650059723961,5.99009437325613,1.00397484537312,0.338589844857553,0.99988016650531
"ENSG00000225880",0.789742630661939,6.14699664192443,1.00319093568547,0.338770342240455,0.99988016650531
"ENSG00000271032",0.988260226034344,0.0346875764275315,1.00369121955227,0.338787447871968,0.99988016650531
"ENSG00000105357",0.383712266329307,2.24786376051747,1.00304729440812,0.338806954640286,0.99988016650531
"ENSG00000133243",0.262636738225253,5.48859000122301,1.0028897755263,0.338839690412126,0.99988016650531
"ENSG00000116786",-0.151607248708385,6.66411825995121,1.00259036246092,0.338908653241132,0.99988016650531
"ENSG00000058668",0.211652982078834,5.38937923611695,1.0023552509877,0.338962864598603,0.99988016650531
"ENSG00000101447",0.233028366615206,3.46018973307977,1.0020198882957,0.339041055446297,0.99988016650531
"ENSG00000259498",1.41382841656648,0.66340724254489,1.00159239931564,0.339068588530714,0.99988016650531
"ENSG00000288756",1.12972340819251,-0.109045336215916,1.00278998172125,0.33911208946189,0.99988016650531
"ENSG00000179796",-0.403551330379918,1.49609374375457,1.00162745009547,0.339141824287711,0.99988016650531
"ENSG00000171401",1.02073048571724,0.707939218669826,1.00168354424807,0.339165311078932,0.99988016650531
"ENSG00000253522",-0.163757085947685,5.78135581524357,1.0012006876325,0.339229118165201,0.99988016650531
"ENSG00000149743",-0.320624587455365,3.7574345978322,1.00048052472928,0.339396089036204,0.99988016650531
"ENSG00000157303",0.457932408689044,4.13816259346013,1.00030853881976,0.339435570619385,0.99988016650531
"ENSG00000143387",-0.354337929406147,2.95684130887223,1.00018718804216,0.339464607550075,0.99988016650531
"ENSG00000188580",0.463116498203976,1.82219683053868,0.99901931622583,0.339739229913716,0.99988016650531
"ENSG00000225434",-0.225840358386244,4.90452579276923,0.998821988136894,0.339778794104005,0.99988016650531
"ENSG00000290192",0.314584438075196,4.47377586341029,0.998615412036675,0.339826802581881,0.99988016650531
"ENSG00000298853",-0.793405210928699,0.1333629476808,0.999286521299343,0.339836038274778,0.99988016650531
"ENSG00000240770",0.569292420122527,0.841867109703179,0.998644121639075,0.339843657871574,0.99988016650531
"ENSG00000182378",0.38412560092259,2.5862258827596,0.998475849955677,0.339861191869142,0.99988016650531
"ENSG00000292344",0.38412560092259,2.5862258827596,0.998475849955677,0.339861191869142,0.99988016650531
"ENSG00000279583",0.290150636045896,4.26278487748467,0.99845109438776,0.339864845938431,0.99988016650531
"ENSG00000186847",0.745171360281365,0.570178015729847,0.998693388362795,0.339892856692685,0.99988016650531
"ENSG00000177932",0.310257412262777,2.84295913551585,0.998316750409223,0.339897195459567,0.99988016650531
"ENSG00000188092",0.187853714542083,4.57603115152535,0.998136211900091,0.339937672652342,0.99988016650531
"ENSG00000286796",-0.810292734508026,1.19112284086722,0.998290590253502,0.339945496261901,0.99988016650531
"ENSG00000141425",0.161243731923972,5.96788894590751,0.998094357598085,0.339947041588938,0.99988016650531
"ENSG00000261645",0.966552189002731,0.137360692125981,0.998240322012217,0.340049044296706,0.99988016650531
"ENSG00000198498",-0.173703830188051,5.77925321849649,0.997647939288609,0.340050404950601,0.99988016650531
"ENSG00000139218",-0.230762081248194,8.37204771484304,0.997627933683343,0.340055020383441,0.99988016650531
"ENSG00000161010",0.351231192853873,2.83709345915683,0.997554141514742,0.340073698095788,0.99988016650531
"ENSG00000039523",0.284653803522309,3.70781509548216,0.997263745385132,0.340140089615308,0.99988016650531
"ENSG00000160050",0.406002810126163,3.41161760439642,0.99672894356323,0.340264149808522,0.99988016650531
"ENSG00000100596",-0.160871070589388,5.43871777705686,0.996669496258605,0.340277113519469,0.99988016650531
"ENSG00000146476",-0.198801498748946,4.10190231258429,0.996522035410666,0.340311678441962,0.99988016650531
"ENSG00000253710",-0.303985422307735,3.0876776049864,0.99645989203002,0.340326902842979,0.99988016650531
"ENSG00000117114",-0.165642838373901,6.50782420891622,0.995974369009443,0.340438282590719,0.99988016650531
"ENSG00000169783",-0.232115176694307,5.03030902214335,0.995296558250686,0.340595769024,0.99988016650531
"ENSG00000250565",-0.250177024030312,3.55797054912098,0.995101503864905,0.340641557339658,0.99988016650531
"ENSG00000110811",1.05042179616145,0.593279133494744,0.994887986674595,0.34075370810695,0.99988016650531
"ENSG00000294400",1.00055887920619,0.0956659986258564,0.99284227325188,0.340869833692043,0.99988016650531
"ENSG00000235007",0.526858723980207,1.43793941987844,0.994040299554468,0.340897645711269,0.99988016650531
"ENSG00000120055",0.556924015108506,0.504881964071517,0.994290302063144,0.340908675996172,0.99988016650531
"ENSG00000166037",0.173383631311601,5.52489230145622,0.993168618035301,0.3410900627333,0.99988016650531
"ENSG00000170946",0.247208102559225,3.77338098767303,0.992912200975195,0.341150290775287,0.99988016650531
"ENSG00000284634",-0.286190643120214,2.90594897586419,0.992351091556257,0.34128193801924,0.99988016650531
"ENSG00000135002",0.205596772770815,4.01578905245867,0.991892329603957,0.341387603335526,0.99988016650531
"ENSG00000108592",-0.177233570165679,4.73574691522485,0.991837968151817,0.341400097607416,0.99988016650531
"ENSG00000268056",-0.503115001904626,0.713888819373195,0.99159822786825,0.341491983505277,0.99988016650531
"ENSG00000136807",-0.175116404394252,5.49815530696774,0.990857207365937,0.341628370637976,0.99988016650531
"ENSG00000124532",0.204505283558131,3.88782016111241,0.990225183493167,0.341776308245962,0.99988016650531
"ENSG00000077984",0.487567914335854,1.1542019940205,0.990270524734992,0.341790429611697,0.99988016650531
"ENSG00000070476",0.180453999501136,5.32970151170505,0.989949811142092,0.341840047348474,0.99988016650531
"ENSG00000185104",0.1570155631559,8.58479528070433,0.989595624575994,0.3419226861571,0.99988016650531
"ENSG00000120253",0.205748193001375,4.10059899103684,0.989590808117147,0.341924275663605,0.99988016650531
"ENSG00000160293",0.169499159221539,5.04887517765036,0.989337511836246,0.341983099162935,0.99988016650531
"ENSG00000110435",-0.165855338896595,5.14389115611455,0.989069103919773,0.342045677503126,0.99988016650531
"ENSG00000136111",0.354030117090787,2.54451252099807,0.988964253098905,0.342072532192096,0.99988016650531
"ENSG00000064201",0.689503885156078,2.82239715045512,0.98874006433937,0.342126002887923,0.99988016650531
"ENSG00000237945",-0.194626067475276,4.28672066085702,0.98855444616177,0.342166247575704,0.99988016650531
"ENSG00000289132",0.526487615691792,0.907294671736927,0.988541986939605,0.342190748883283,0.99988016650531
"ENSG00000289915",-0.631451792776624,0.219263117161905,0.988691662937386,0.342252872579726,0.99988016650531
"ENSG00000291129",-0.259587045957584,3.04070188050011,0.988050540389666,0.342284976739932,0.99988016650531
"ENSG00000291261",0.316268523705162,2.49009190439809,0.98798029253126,0.342302929526954,0.99988016650531
"ENSG00000182718",-0.164482327937322,8.51051825242826,0.987950669186473,0.342307032441582,0.99988016650531
"ENSG00000156599",-0.177896572255505,6.36055452057476,0.987820003489198,0.342337597084955,0.99988016650531
"ENSG00000110074",0.19724446120374,4.64034276437954,0.987385263230614,0.342439614878411,0.99988016650531
"ENSG00000172171",-0.180748814037498,4.43150883869317,0.987201945311576,0.34248253990287,0.99988016650531
"ENSG00000302351",0.324138407336698,3.97055790125789,0.987061327817104,0.342515636844102,0.99988016650531
"ENSG00000166411",-0.218246913256946,5.38534032884638,0.98697518439263,0.342535286154865,0.99988016650531
"ENSG00000110315",-0.241187047277175,3.58867345832962,0.986537180426624,0.342638529105013,0.99988016650531
"ENSG00000164136",-0.346473692293899,2.47879605931272,0.986103627732226,0.342741583197188,0.99988016650531
"ENSG00000115073",-0.167284128905643,4.61049316975567,0.986031255476296,0.342756645354446,0.99988016650531
"ENSG00000230453",-0.232854694601984,4.93141639309645,0.985888230452171,0.342790128595608,0.99988016650531
"ENSG00000303924",0.474351840316659,1.08229393194061,0.985643911506618,0.342863137455581,0.99988016650531
"ENSG00000165891",0.330054353270411,3.16176292892793,0.985439934735427,0.342896181681716,0.99988016650531
"ENSG00000184937",0.238328621862619,3.54635822062273,0.985332291336824,0.342920879066239,0.99988016650531
"ENSG00000079462",0.243595558053152,3.77063595559512,0.984871845614614,0.343028797651776,0.99988016650531
"ENSG00000099821",0.207850553780452,4.16679849688514,0.984715151225663,0.343065273550064,0.99988016650531
"ENSG00000064225",0.158948690353699,5.38874141032331,0.984403736679692,0.343137975748052,0.99988016650531
"ENSG00000125820",-0.286111037775066,3.10896865851092,0.984172356760025,0.343193531372779,0.99988016650531
"ENSG00000102531",-0.217869722595864,6.07393662134236,0.984144474691043,0.343198810946207,0.99988016650531
"ENSG00000171766",-0.179543235889376,5.33199720866999,0.984006137614483,0.343231310443811,0.99988016650531
"ENSG00000148384",0.245075037803136,4.23043148280587,0.983912030615655,0.343253758414007,0.99988016650531
"ENSG00000141543",0.158109650738359,6.21799301171106,0.983437110472084,0.343364918029963,0.99988016650531
"ENSG00000307120",-0.270473513398495,2.83980103434335,0.98329676027468,0.343399359952299,0.99988016650531
"ENSG00000251259",0.208833642619074,3.79710450397159,0.983212389682963,0.343418323109912,0.99988016650531
"ENSG00000075624",-0.195199347769977,12.9065357238136,0.982680925507286,0.343542612378927,0.99988016650531
"ENSG00000103671",-0.171490186056942,4.94643384583929,0.982023223671092,0.343697428934469,0.99988016650531
"ENSG00000169710",0.17428046125709,6.52934910871089,0.981906668963818,0.343724710624564,0.99988016650531
"ENSG00000239470",-0.190198554025461,4.86312604520478,0.981015168438709,0.343934840542547,0.99988016650531
"ENSG00000303944",-0.340983404964531,2.19332593458718,0.98054067052191,0.344050287648659,0.99988016650531
"ENSG00000160221",-0.168408080196211,4.98428853721525,0.980454456679806,0.344066760636552,0.99988016650531
"ENSG00000135407",0.377657946488717,1.98663552539001,0.980299785474477,0.344107694567035,0.99988016650531
"ENSG00000132639",-0.495607493097409,2.27554592104285,0.980248320336359,0.344118276407728,0.99988016650531
"ENSG00000113615",-0.16841586330409,4.99661510026047,0.97974903436224,0.344232981791989,0.99988016650531
"ENSG00000147145",0.414059026601951,3.07453397194139,0.979375844309484,0.344322139548426,0.99988016650531
"ENSG00000116191",-0.289946555125883,3.79935567283328,0.97918487183381,0.344366549683993,0.99988016650531
"ENSG00000135842",-0.273509653645632,6.98931176951727,0.97910375490714,0.344385095501543,0.99988016650531
"ENSG00000172046",-0.194095704168247,5.04587158889507,0.978723111251159,0.344475063375967,0.99988016650531
"ENSG00000158714",0.193665229072496,5.88220709521196,0.978611912086023,0.344501180590939,0.99988016650531
"ENSG00000140391",-0.150739706563092,5.49014270703228,0.97828958391121,0.344577293818588,0.99988016650531
"ENSG00000204262",0.509188339582782,1.62320907882144,0.978306942782848,0.344580489790155,0.99988016650531
"ENSG00000169508",-0.332939977980035,4.67412274799044,0.97823225929155,0.344591083233599,0.99988016650531
"ENSG00000259475",0.639124539976252,0.782429692375003,0.978358128457396,0.344603618544849,0.99988016650531
"ENSG00000256633",0.725248933949012,0.333101172023294,0.978245537757026,0.344679793019502,0.99988016650531
"ENSG00000196821",-0.156792399552063,6.42949840650126,0.977779121007061,0.344697845308322,0.99988016650531
"ENSG00000280594",-0.528831243171513,0.349897758051526,0.977793913222913,0.344780938780777,0.99988016650531
"ENSG00000302389",0.395653784781796,2.9875279654768,0.977213013523877,0.344832997830628,0.99988016650531
"ENSG00000197808",0.402543645223964,1.98642711088715,0.977140016071643,0.344854284158563,0.99988016650531
"ENSG00000233723",-0.480514338398515,1.086054951807,0.977030594168584,0.344900352840305,0.99988016650531
"ENSG00000173226",0.180164422447642,6.04333042024172,0.976629813804418,0.34496954136384,0.99988016650531
"ENSG00000125375",-0.218102343118425,4.13344750617899,0.976409148405407,0.345022158927097,0.99988016650531
"ENSG00000164418",0.203120315110718,5.82031932652683,0.976367304567316,0.345031643815397,0.99988016650531
"ENSG00000295260",-0.340658182411528,2.19511153376318,0.975738558425899,0.345184398229667,0.99988016650531
"ENSG00000107130",0.23161963122136,4.91206561190667,0.975546424237494,0.345226184026171,0.99988016650531
"ENSG00000075223",-0.358052926783094,1.64731506113844,0.975451085035629,0.345258218676019,0.99988016650531
"ENSG00000184792",-0.54745245956482,0.980223931494682,0.975486326457063,0.345283854562907,0.99988016650531
"ENSG00000033100",-0.173408119439587,4.79520879470082,0.975300674605969,0.345284407353102,0.99988016650531
"ENSG00000186615",0.331532738408463,2.43727039198917,0.975032514269108,0.345350249082755,0.99988016650531
"ENSG00000164077",-0.320679516438586,2.58565038693845,0.974925338257618,0.345375484059319,0.99988016650531
"ENSG00000185278",0.251157725185797,3.71595985518756,0.974756317353203,0.34541370740845,0.99988016650531
"ENSG00000294435",0.442779485258034,3.32414113143216,0.974453649954948,0.345485819600575,0.99988016650531
"ENSG00000114503",-0.150884706660184,5.59797222677836,0.974220618809261,0.345540103680746,0.99988016650531
"ENSG00000156011",-0.187721188231667,8.71203192078313,0.974216816660122,0.345540983521778,0.99988016650531
"ENSG00000169249",0.341879563024353,5.73675208468799,0.974183197900234,0.345548970011624,0.99988016650531
"ENSG00000115520",-0.1638656096881,5.0998550374762,0.974006585337354,0.345590879274814,0.99988016650531
"ENSG00000258144",0.579078137644859,0.734667268582398,0.97411918657498,0.345614854417973,0.99988016650531
"ENSG00000101940",0.200204461005631,3.98105953602642,0.973457685849976,0.345721552143457,0.99988016650531
"ENSG00000138685",0.403773465572451,1.71344738182161,0.973358603377735,0.345750237886706,0.99988016650531
"ENSG00000198756",-0.251158213242186,4.82233864611481,0.972937526357043,0.345844719730364,0.99988016650531
"ENSG00000168005",-0.200650227257829,5.02756853579086,0.972916983469849,0.345849510180164,0.99988016650531
"ENSG00000296841",0.674996096446818,1.96242573622097,0.972626073761294,0.34592316819771,0.99988016650531
"ENSG00000197168",0.657011372480345,0.0544790217258255,0.973260977001641,0.345951553241274,0.99988016650531
"ENSG00000139351",0.689212696918566,0.324896116303985,0.972303898449305,0.346099734704313,0.99988016650531
"ENSG00000289972",0.501231170265718,0.972598709851582,0.971332980292866,0.3462544967525,0.99988016650531
"ENSG00000139668",0.181326964882109,6.12267506325963,0.971065797952503,0.346289339565423,0.99988016650531
"ENSG00000111679",0.223721927585579,5.05946667108722,0.970943409808589,0.346318482690998,0.99988016650531
"ENSG00000261505",0.609171918840435,0.826061450203638,0.970662885866179,0.34646076336679,0.99988016650531
"ENSG00000118655",0.221304818013204,4.03880584915287,0.970276054132009,0.346477748040809,0.99988016650531
"ENSG00000288990",-0.498575645258846,1.69363526276385,0.970119663346994,0.346522172714083,0.99988016650531
"ENSG00000239388",0.507535205542412,1.12090675032793,0.969945252457343,0.346578315102466,0.99988016650531
"ENSG00000146828",0.175984954256154,6.42074933705976,0.969731542763619,0.346606930897112,0.99988016650531
"ENSG00000163462",-0.278006610267423,3.05225895863044,0.969651319221856,0.346627212438117,0.99988016650531
"ENSG00000231871",0.233071310755662,3.28725036675041,0.969390883943112,0.346689059384891,0.99988016650531
"ENSG00000169439",-0.190732987534033,8.33322842762611,0.969359405743607,0.34669558244749,0.99988016650531
"ENSG00000309183",0.634491752085141,0.7642520688051,0.969498631271672,0.3467045033447,0.99988016650531
"ENSG00000013441",-0.216005735589461,5.40608061243541,0.968880135903384,0.346809840794521,0.99988016650531
"ENSG00000237705",-0.590600280614057,0.565087676546384,0.967682702966295,0.347174052330871,0.99988016650531
"ENSG00000185608",-0.252099727193552,5.47247657710283,0.967264510627753,0.347195325489522,0.99988016650531
"ENSG00000280213",-0.496505143906004,0.478309513031299,0.966995732588082,0.347341800699024,0.99988016650531
"ENSG00000106992",0.389783223356731,2.33251976783895,0.966407493116468,0.347403663785058,0.99988016650531
"ENSG00000307266",-0.630386457879844,0.28187027088398,0.966600580299766,0.347484709787561,0.99988016650531
"ENSG00000226349",0.505323063469702,1.77451972465751,0.965741850870418,0.347566262778644,0.99988016650531
"ENSG00000291135",-0.329323411254877,2.97962892225785,0.965540345983177,0.347608690839272,0.99988016650531
"ENSG00000154898",0.349150126262856,1.93856673413238,0.965359975661265,0.347655157720585,0.99988016650531
"ENSG00000008277",0.380140149628379,2.57271875225582,0.965158552597233,0.347701006269632,0.99988016650531
"ENSG00000307038",0.533729979734278,1.11483536961534,0.965089350982127,0.347730054357324,0.99988016650531
"ENSG00000215304",-0.564912914878012,0.914270441169732,0.964739257764801,0.347837749837539,0.99988016650531
"ENSG00000197050",0.270753539189862,2.89077109731673,0.964577888396226,0.347839169435406,0.99988016650531
"ENSG00000141179",-0.221576221430412,3.97173975857192,0.964348522513543,0.34789314675529,0.99988016650531
"ENSG00000162576",0.753066729617899,0.526414267470774,0.964340739872363,0.347966813817238,0.99988016650531
"ENSG00000181090",0.155477030062457,6.8048688265334,0.96385678358988,0.348010460962383,0.99988016650531
"ENSG00000144619",-0.215205579455838,6.00701767473554,0.963649280226403,0.348060200803327,0.99988016650531
"ENSG00000128203",-0.476967403038559,1.85614894858551,0.963478640667064,0.348107113243223,0.99988016650531
"ENSG00000177951",0.170841418037865,4.64299028385586,0.963280264901432,0.34814896905907,0.99988016650531
"ENSG00000107937",-0.142304450063224,6.65948180151344,0.962923301127921,0.348234254201582,0.99988016650531
"ENSG00000171204",-0.227997370184323,4.70658539432886,0.962631475970877,0.34830457596554,0.99988016650531
"ENSG00000177380",0.220557731026137,3.47599585558113,0.962520937884297,0.348331629431256,0.99988016650531
"ENSG00000262902",0.495382578903413,0.929092416976384,0.96258266899824,0.348350263562757,0.99988016650531
"ENSG00000305868",0.185696972461868,7.67066713995382,0.96241432688729,0.348356361535644,0.99988016650531
"ENSG00000140455",0.168529249564945,5.95730041548141,0.961694630082697,0.348529146924817,0.99988016650531
"ENSG00000185304",-0.252039901756577,5.24248835679191,0.961686992446035,0.348531000139618,0.99988016650531
"ENSG00000286161",0.717199813367776,0.211546086370518,0.962197452830673,0.34853510130809,0.99988016650531
"ENSG00000136868",-0.174572122204552,4.95632593887474,0.96133093248005,0.348616668353503,0.99988016650531
"ENSG00000300371",0.711866152217858,0.414051582534683,0.961552859072049,0.348641538927625,0.99988016650531
"ENSG00000130669",-0.252865510774511,3.27415401007219,0.960838823135764,0.348735769822306,0.99988016650531
"ENSG00000136404",0.511657414169616,1.96725613421616,0.960774710391666,0.34875461667554,0.99988016650531
"ENSG00000138029",-0.140836637521776,5.97541046900537,0.960666861347634,0.34877610207959,0.99988016650531
"ENSG00000186687",0.153676276401936,5.32390937475953,0.960060101896319,0.348922034361185,0.99988016650531
"ENSG00000240344",0.24320607199472,4.3506776949675,0.960049419796937,0.348924929548554,0.99988016650531
"ENSG00000103742",-0.465899568729431,2.2169202493858,0.960057956600222,0.3489256050173,0.99988016650531
"ENSG00000122707",0.232433298667608,4.28834993676884,0.960018345007865,0.348932423038773,0.99988016650531
"ENSG00000175376",-0.246646040382178,3.12681398816047,0.959785797533079,0.34898923589815,0.99988016650531
"ENSG00000196876",0.697558727465397,0.406463918451428,0.959891100286008,0.349038962013854,0.99988016650531
"ENSG00000271855",0.754922465302061,0.171689768725801,0.959669710438387,0.349161434495771,0.99988016650531
"ENSG00000204946",0.337402658249568,2.78142948531659,0.95897635484631,0.349184445096907,0.99988016650531
"ENSG00000156795",0.261708917206617,4.09588487301541,0.958762876333206,0.349234671781315,0.99988016650531
"ENSG00000273084",-0.32907843386237,2.74339769140674,0.958735859426823,0.349242795021575,0.99988016650531
"ENSG00000254349",-0.241874538120853,6.84957643748751,0.958344636769442,0.349335033828623,0.99988016650531
"ENSG00000176438",0.173003804354334,4.99860298720741,0.958340085857976,0.349336332071763,0.99988016650531
"ENSG00000157954",-0.147336108359287,6.24304125484341,0.958332974462566,0.349337849771881,0.99988016650531
"ENSG00000182518",-0.2651884379374,3.91888633875963,0.958296395809847,0.349347207538244,0.99988016650531
"ENSG00000166813",0.799020730325961,0.750346786234076,0.958411714615917,0.349360325061183,0.99988016650531
"ENSG00000231991",-0.316181633105499,2.43330878450633,0.958139778706712,0.349387109372753,0.99988016650531
"ENSG00000304636",0.516318500499332,1.46486067683653,0.957929066263591,0.349448003920217,0.99988016650531
"ENSG00000137218",0.382073208723029,2.73797571870129,0.957699346138722,0.349492322891551,0.99988016650531
"ENSG00000113209",0.352057859076833,2.59671805097439,0.957371264311331,0.349572402929889,0.99988016650531
"ENSG00000240963",0.263202490252239,3.61989074845783,0.957296151350888,0.349588505713328,0.99988016650531
"ENSG00000166387",-0.174361424699132,4.37233965483423,0.957198851348419,0.349611646956385,0.99988016650531
"ENSG00000133619",-0.377449482201065,1.70063051098396,0.956552319158809,0.349774682541741,0.99988016650531
"ENSG00000157617",-0.173924251154987,4.72596449036921,0.956412048026428,0.349801491524992,0.99988016650531
"ENSG00000145817",-0.184654076747797,4.99054955936055,0.956360501659832,0.349813828527952,0.99988016650531
"ENSG00000115091",-0.17567513922729,8.98620623155103,0.95623713365686,0.349843442118603,0.99988016650531
"ENSG00000135040",0.180942796875539,5.219637758095,0.956219746883067,0.349847676732696,0.99988016650531
"ENSG00000133226",-0.149665117285719,7.99154110557341,0.956177135116477,0.349857932753045,0.99988016650531
"ENSG00000213799",-0.253926339014306,2.93955167377323,0.956000499055131,0.34990204679028,0.99988016650531
"ENSG00000171302",-0.163904776528707,4.86443334851019,0.955836910698665,0.34994039282912,0.99988016650531
"ENSG00000261028",-0.444071953176185,1.36418179468746,0.955476346184453,0.350042672562299,0.99988016650531
"ENSG00000162604",-0.145925813193419,5.81776908517803,0.954910957274857,0.350163945729624,0.99988016650531
"ENSG00000126882",0.191656249921891,5.729430900091,0.95484088934381,0.350180894447683,0.99988016650531
"ENSG00000231079",-0.913748445507591,0.117251298977603,0.955385449670813,0.350224606083474,0.99988016650531
"ENSG00000295421",-0.518468409077184,0.738597475912524,0.95479118235454,0.35023604488795,0.99988016650531
"ENSG00000153107",0.166441348309785,5.17949771544767,0.95436168753971,0.350296835147875,0.99988016650531
"ENSG00000116132",-0.560178494284567,0.57641341035293,0.954598621413908,0.350299609374088,0.99988016650531
"ENSG00000294361",-0.536926421080713,1.57206597620127,0.954316272120265,0.350315425138082,0.99988016650531
"ENSG00000118922",-0.190498902178921,4.98487359540534,0.954142696971913,0.350349915713491,0.99988016650531
"ENSG00000077157",0.154348892036802,5.37977196219987,0.953975544892266,0.350390277788118,0.99988016650531
"ENSG00000130592",0.356880819888745,2.86798790876916,0.953960019321315,0.350395478172889,0.99988016650531
"ENSG00000101654",0.190685270289325,4.66383736476402,0.953889354607851,0.350411403666086,0.99988016650531
"ENSG00000132017",-0.205365039857021,4.00160626241464,0.953360329986291,0.350539710201201,0.99988016650531
"ENSG00000134255",-0.154389674351928,6.47579755863596,0.953316913179789,0.350549735821037,0.99988016650531
"ENSG00000155906",0.1877065414086,4.57910976019959,0.953104524881408,0.350601510908496,0.99988016650531
"ENSG00000102081",-0.168536137580155,5.5085057534087,0.953041529449808,0.350616467514934,0.99988016650531
"ENSG00000203883",1.32464317501437,0.196957203192914,0.953590996068211,0.35063812682416,0.99988016650531
"ENSG00000180228",-0.180196915722108,4.57329688703387,0.952909014171521,0.350648890211536,0.99988016650531
"ENSG00000152492",-0.195438813633039,3.89776763667991,0.952617257831946,0.350719823997698,0.99988016650531
"ENSG00000288698",-0.494117694940583,0.854947741756068,0.952714890313864,0.350723731983101,0.99988016650531
"ENSG00000157353",0.281953954823111,2.93540832980861,0.952395351393664,0.350774390666195,0.99988016650531
"ENSG00000140743",0.170859214870868,4.52078019379457,0.95232078153688,0.350791473959348,0.99988016650531
"ENSG00000101400",0.398729954254191,1.57393214967169,0.9523014711686,0.350804898006886,0.99988016650531
"ENSG00000101265",-0.168095839954646,5.30965748392563,0.952165846981866,0.350828742788274,0.99988016650531
"ENSG00000304880",-0.503046523389384,0.429634881424673,0.952437036020293,0.350861304517731,0.99988016650531
"ENSG00000198216",0.434461519661162,2.09645808607407,0.951630885401051,0.350962614185186,0.99988016650531
"ENSG00000182481",-0.156301606496435,6.8170581312392,0.951423634788128,0.351008776850312,0.99988016650531
"ENSG00000297062",0.664369933931559,1.4405787085338,0.951488286854635,0.351013350805086,0.99988016650531
"ENSG00000181800",0.413398822357968,2.62885907585306,0.950938459308855,0.351128642017184,0.99988016650531
"ENSG00000196872",0.536880020966549,1.77964339665843,0.950707266626766,0.351188541993724,0.99988016650531
"ENSG00000303117",-0.413679466468982,1.20505639432289,0.950749134118272,0.351190079904515,0.99988016650531
"ENSG00000177406",-0.329530792746421,2.93663937790537,0.950483969224297,0.351238309015082,0.99988016650531
"ENSG00000066117",-0.177144990359906,4.28642944990077,0.949870156805954,0.351386466127411,0.99988016650531
"ENSG00000168781",0.344908354021488,3.35037127664133,0.949459260371953,0.351486830743144,0.99988016650531
"ENSG00000138134",0.527168736542905,0.89228794830275,0.949530953343449,0.351495380825021,0.99988016650531
"ENSG00000206052",0.424320280171653,2.11324433836505,0.948860540019592,0.351635165438045,0.99988016650531
"ENSG00000141569",0.323147681253301,3.71245109569931,0.948827182588895,0.351640441147345,0.99988016650531
"ENSG00000305447",0.690891541618671,0.136460373844905,0.949032147333779,0.351761567322435,0.99988016650531
"ENSG00000291174",0.727262305772526,1.91846033984448,0.948133560043326,0.351812394267065,0.99988016650531
"ENSG00000225855",0.541810460025189,1.28962285335978,0.948153286062446,0.351815662766052,0.99988016650531
"ENSG00000304996",0.806177010713986,0.505829645099357,0.948416624843471,0.351873929333266,0.99988016650531
"ENSG00000260473",0.828798532955065,0.47195176446023,0.94772521465203,0.351988939404449,0.99988016650531
"ENSG00000237649",0.209687478529079,4.81780888406646,0.947323116136905,0.352006320526323,0.99988016650531
"ENSG00000138382",0.192868153308141,5.98180838074693,0.947125770541536,0.352054166154242,0.99988016650531
"ENSG00000164199",-0.515067340209454,0.883953056373965,0.947206368389421,0.352084180724092,0.99988016650531
"ENSG00000151553",-0.242242104427876,2.97289104982604,0.946930495218016,0.352103216257841,0.99988016650531
"ENSG00000286001",-0.483331170396816,1.25077812342451,0.946977382323506,0.352106416232774,0.99988016650531
"ENSG00000167657",-0.206788529726188,3.65678274382098,0.94670746332742,0.352156783551278,0.99988016650531
"ENSG00000228395",0.58181065785061,1.72184638541619,0.946594681194292,0.352190349194181,0.99988016650531
"ENSG00000119408",0.137320685112149,6.66008492447939,0.946374075785161,0.352237469030897,0.99988016650531
"ENSG00000303433",0.351726958275576,1.75874675383575,0.945587523957468,0.352436665038919,0.99988016650531
"ENSG00000250519",-0.290443543423203,2.7904560366397,0.94516290198888,0.352534630568673,0.99988016650531
"ENSG00000257743",-0.490954301089172,0.969325580205429,0.94486655159891,0.352632534528993,0.99988016650531
"ENSG00000183048",0.305752494512295,3.17892179131071,0.94473138305047,0.352640654550731,0.99988016650531
"ENSG00000175322",0.287046033250682,3.39717685136584,0.944413739982612,0.352717151835277,0.99988016650531
"ENSG00000284719",0.284182445471548,4.42008003816368,0.94426171644147,0.352753745621247,0.99988016650531
"ENSG00000164099",0.209747914371861,3.92057525410118,0.943594959121156,0.352917032517685,0.99988016650531
"ENSG00000049249",-0.250840273763819,6.90216529240259,0.943565585976255,0.352923618952282,0.99988016650531
"ENSG00000289177",0.296764073069105,2.43210069353812,0.943165381117156,0.353023687156444,0.99988016650531
"ENSG00000267080",-0.207313203081518,3.67388906007648,0.943049196065437,0.353050671746211,0.99988016650531
"ENSG00000104972",-0.259453324497199,5.1199621893878,0.943040062759632,0.35305226429514,0.99988016650531
"ENSG00000112146",0.143839689640203,5.84606923032367,0.942812775913792,0.353107891122876,0.99988016650531
"ENSG00000213590",0.721591642111501,0.723955008199406,0.942915202639067,0.353110228981383,0.99988016650531
"ENSG00000261404",-0.66206551287656,0.127949531890101,0.943340440848643,0.353135349949752,0.99988016650531
"ENSG00000100364",0.220784386776316,7.25819939248477,0.942651095251434,0.353147470345171,0.99988016650531
"ENSG00000004399",-0.199124567635484,6.20294778579702,0.942574580060922,0.353166214683691,0.99988016650531
"ENSG00000166881",-0.148986315510191,5.41447775372572,0.94201742507078,0.353302729804494,0.99988016650531
"ENSG00000301820",-0.163677923323903,5.3246653707333,0.941884925445501,0.353335209508267,0.99988016650531
"ENSG00000237181",0.573866413210134,3.14971461960893,0.94172211279499,0.353376088569429,0.99988016650531
"ENSG00000261423",0.358125346466138,1.89362936757557,0.941688911810762,0.353388056437693,0.99988016650531
"ENSG00000305271",0.191122639954191,6.9680963179522,0.941173802105206,0.35350953393741,0.99988016650531
"ENSG00000134755",-0.205443398170393,4.73775762797348,0.940572274408846,0.353657418861872,0.99988016650531
"ENSG00000182004",0.156126703046503,7.88100699262706,0.940054233987084,0.353784290180929,0.99988016650531
"ENSG00000166681",0.396884421888775,6.48092223735978,0.93992028377939,0.353817190164975,0.99988016650531
"ENSG00000135686",0.18389356470454,5.24940326348176,0.939886155034162,0.353825599781496,0.99988016650531
"ENSG00000177699",-0.554229143226662,0.540058548967091,0.939857959645865,0.353891709870129,0.99988016650531
"ENSG00000182934",-0.148360352580014,6.82106240475121,0.939604309305112,0.353894800832039,0.99988016650531
"ENSG00000126005",-0.25302576042959,3.83614074691855,0.938890540646668,0.354070746836398,0.99988016650531
"ENSG00000187676",0.330599135444354,2.63132538743128,0.938800349486838,0.354094704088485,0.99988016650531
"ENSG00000229676",0.509267998237309,1.57058903298257,0.93846905558146,0.35418509359297,0.99988016650531
"ENSG00000171105",0.172384905217475,6.42891712263763,0.938301003211886,0.354215205061491,0.99988016650531
"ENSG00000110888",0.409454653017672,2.71874277426953,0.938304703396385,0.354216097730737,0.99988016650531
"ENSG00000232928",0.911145473876183,0.635884295986961,0.938274894313737,0.354279940286459,0.99988016650531
"ENSG00000304201",0.59059054349514,0.386684240404849,0.938151508009745,0.354351443186091,0.99988016650531
"ENSG00000242474",0.440475068160374,1.40520674180423,0.93733256043598,0.354464028684801,0.99988016650531
"ENSG00000155876",-0.17813100431555,5.7324991596093,0.936867526229695,0.354568117308089,0.99988016650531
"ENSG00000168282",-0.14370803638737,6.23731392313126,0.936791486883053,0.354586842711183,0.99988016650531
"ENSG00000228436",-0.215845603478279,3.93628824435345,0.936147309152279,0.354746059273204,0.99988016650531
"ENSG00000288999",-0.469578309794307,1.47437844682468,0.936065312791373,0.354777519702833,0.99988016650531
"ENSG00000089234",-0.164436541820648,4.64334254927973,0.935840301879832,0.354821628549137,0.99988016650531
"ENSG00000172403",-0.442452077972297,1.57737366038992,0.935477544560574,0.354922483694019,0.99988016650531
"ENSG00000124839",-0.565609844759338,0.914286751632802,0.935304315487944,0.354979371215933,0.99988016650531
"ENSG00000104219",0.232523572155119,3.72401674905441,0.935099203677353,0.355004819315078,0.99988016650531
"ENSG00000235027",1.38231801361993,0.503487733396386,0.93399693560113,0.355033132087561,0.99988016650531
"ENSG00000034713",-0.176609741685364,5.60835843076722,0.934898679605469,0.355053677095735,0.99988016650531
"ENSG00000156172",-0.437666560786629,1.55776175570207,0.934918725158037,0.355057835602814,0.99988016650531
"ENSG00000232233",-0.644465972360794,0.478486254950884,0.935076606822309,0.355098814164237,0.99988016650531
"ENSG00000148297",0.207134498887215,3.70064134233356,0.934455905419346,0.35516361983195,0.99988016650531
"ENSG00000173757",-0.161897721794191,4.90341525143387,0.933556775485742,0.355385395620294,0.99988016650531
"ENSG00000006704",0.308840559592334,4.83972924986146,0.933386911638759,0.355427365787782,0.99988016650531
"ENSG00000227345",0.16979009868622,4.73934090848243,0.933230615398587,0.355466111665867,0.99988016650531
"ENSG00000105254",-0.15111948731664,6.71930605772397,0.933116517148578,0.355494033851051,0.99988016650531
"ENSG00000290226",0.659194423777102,0.446832677638609,0.933286102937755,0.355519378998221,0.99988016650531
"ENSG00000115685",0.138104855151383,5.64165479407336,0.932697108994963,0.355597804970369,0.99988016650531
"ENSG00000122641",-0.292330378354223,3.16972355428491,0.932687605598937,0.355601287342721,0.99988016650531
"ENSG00000295686",-0.464820324197349,0.90330527369926,0.932479120517016,0.355680911103697,0.99988016650531
"ENSG00000183166",0.276327511882244,5.21639332016942,0.932142619547588,0.355735051942314,0.99988016650531
"ENSG00000119508",-0.493306796656566,1.86513850162072,0.93205894789583,0.355761185307136,0.99988016650531
"ENSG00000154305",-0.212498674111032,5.63315455496468,0.931963315649952,0.355779439218701,0.99988016650531
"ENSG00000087448",0.19725123834284,6.52580118744829,0.931885174969149,0.355798776918254,0.99988016650531
"ENSG00000283128",0.88479532364111,0.438372349409475,0.931652257272256,0.355930559040203,0.99988016650531
"ENSG00000166847",-0.147441828516143,5.52352714948459,0.93126764867768,0.355951771531242,0.99988016650531
"ENSG00000275457",-0.365970980535185,2.85638055747095,0.931150268546957,0.355982353666609,0.99988016650531
"ENSG00000099864",1.0321743418878,1.64537923628216,0.930766687856421,0.35608353748035,0.99988016650531
"ENSG00000171119",0.717938340605113,0.917432377476199,0.93080915711889,0.356095440172987,0.99988016650531
"ENSG00000137842",-0.253198420948141,3.92671819523624,0.930529956266167,0.356135137792372,0.99988016650531
"ENSG00000163870",-0.155095523797211,5.38992912014682,0.930486903668109,0.356145327013976,0.99988016650531
"ENSG00000122971",-0.284610254041132,2.68293650873341,0.930464193025144,0.356152997396931,0.99988016650531
"ENSG00000136247",0.206875627482784,4.24984649167396,0.930395503920467,0.356168346110772,0.99988016650531
"ENSG00000011260",0.143084149837704,5.61864464907547,0.930092049606218,0.356243265507941,0.99988016650531
"ENSG00000236915",-0.766368610084717,0.158091987639295,0.929915423511491,0.356440993680475,0.99988016650531
"ENSG00000238160",-0.66382829973516,0.375665719919189,0.929596571547963,0.356504839245756,0.99988016650531
"ENSG00000303969",-0.56153176728115,0.586044077660721,0.928963942082185,0.35658423515561,0.99988016650531
"ENSG00000180340",-0.185010136619493,4.03172357890977,0.928669109025414,0.356597087287013,0.99988016650531
"ENSG00000223390",0.431042068166267,1.86179719424021,0.928406800966456,0.356667880767568,0.99988016650531
"ENSG00000259589",-0.354253330620534,2.32154837766682,0.928262125533182,0.356701078269788,0.99988016650531
"ENSG00000210184",-0.703876495273649,0.0864177785728887,0.9288199258993,0.356748829633402,0.99988016650531
"ENSG00000196505",-0.156747575752481,4.79282675583281,0.92802905175903,0.356755919248818,0.99988016650531
"ENSG00000178163",0.437389323622917,2.99501252780973,0.927709561849655,0.356836273853203,0.99988016650531
"ENSG00000115946",-0.165203756678566,4.82618742941711,0.927472409917151,0.356894359434412,0.99988016650531
"ENSG00000254224",-0.498632879960343,0.628209202615977,0.927584877532283,0.356920917217345,0.99988016650531
"ENSG00000297492",-0.697821432539738,0.0950703042615479,0.927817201084819,0.356935301256752,0.99988016650531
"ENSG00000166289",0.360548876078001,2.54695266077679,0.927289597109469,0.356941793958012,0.99988016650531
"ENSG00000176095",-0.174024871542238,5.62411822137184,0.927005291574642,0.35701034696942,0.99988016650531
"ENSG00000172071",-0.183737570786434,3.96359491412072,0.926921530038146,0.357031658705989,0.99988016650531
"ENSG00000128731",0.162880588912898,6.27410260261091,0.926757137876924,0.357072109961327,0.99988016650531
"ENSG00000309969",-0.36952542687495,1.23758542780646,0.926534331792735,0.35714401456484,0.99988016650531
"ENSG00000297865",0.564612387170244,0.764123102415377,0.92641595348692,0.357196667027494,0.99988016650531
"ENSG00000114735",0.401566658284862,2.44904263799631,0.926186056664933,0.35721711498407,0.99988016650531
"ENSG00000258539",0.775243733434216,0.146177747104665,0.926659972644586,0.357239753388241,0.99988016650531
"ENSG00000198715",-0.157184727333769,5.46277200015132,0.925998849102381,0.35726099751935,0.99988016650531
"ENSG00000178175",-0.245304491933549,4.97192068486249,0.925673385373871,0.35734222015797,0.99988016650531
"ENSG00000169756",-0.170582459453914,7.19020836466627,0.925656077602876,0.357346393958221,0.99988016650531
"ENSG00000174788",0.688799884333389,0.568079267758976,0.926038817376138,0.357362842356485,0.99988016650531
"ENSG00000113595",0.270632228424018,2.96794064068047,0.92543279637543,0.357403353993622,0.99988016650531
"ENSG00000162522",0.490328734993798,2.60291870863137,0.925234525922475,0.357453731142686,0.99988016650531
"ENSG00000028277",-0.157033079184977,8.72227707049841,0.924994148785105,0.357511439853078,0.99988016650531
"ENSG00000165175",0.173262281143285,5.75658536175559,0.924701105035084,0.35758456318006,0.99988016650531
"ENSG00000164104",0.14329198539812,7.97089948401263,0.924328595849914,0.357677506953504,0.99988016650531
"ENSG00000104218",0.148623994923748,5.89198488010345,0.924116147538639,0.35773055362723,0.99988016650531
"ENSG00000307680",0.556182695072342,0.383159522461721,0.924391398913293,0.35775415008856,0.99988016650531
"ENSG00000103274",-0.216718046933262,4.37562364797992,0.923961835748261,0.357769417828899,0.99988016650531
"ENSG00000182362",0.189241361015073,4.15088601568387,0.923688444656443,0.357837729014528,0.99988016650531
"ENSG00000119574",-0.300779549889479,2.65505600358882,0.923055506476751,0.357997603838538,0.99988016650531
"ENSG00000168090",0.172713073027732,5.96247551573087,0.923026256925317,0.358002808393197,0.99988016650531
"ENSG00000133731",-0.209173111730529,5.3020194283252,0.922822349698201,0.358053797007771,0.99988016650531
"ENSG00000100889",0.16571146096236,5.0105814358109,0.922622680317834,0.358103831714049,0.99988016650531
"ENSG00000162517",-0.198358777152427,6.10325203230201,0.922423556522119,0.358153494339439,0.99988016650531
"ENSG00000290879",0.311578321554835,3.92455955478521,0.92185839661374,0.358295507052292,0.99988016650531
"ENSG00000116824",-0.510781979268997,1.26070431688552,0.921833722981686,0.358317884918449,0.99988016650531
"ENSG00000187446",-0.182697272745821,5.63180391834486,0.921656108538515,0.358345521617415,0.99988016650531
"ENSG00000115266",-0.484733042571585,0.602321217292613,0.9215384619777,0.358441948390894,0.99988016650531
"ENSG00000160447",0.354166707303433,4.04178778843135,0.921014984490669,0.358506596938107,0.99988016650531
"ENSG00000138439",0.257688005371534,3.48697100271118,0.920737408764371,0.358576613764126,0.99988016650531
"ENSG00000166135",-0.176061744100121,4.28550530806194,0.920224244440949,0.358704538704701,0.99988016650531
"ENSG00000095209",0.236675082175682,4.18610761050134,0.920107939955503,0.358733747450859,0.99988016650531
"ENSG00000169019",-0.211848677938978,4.37545969836942,0.91994171859349,0.358775360044739,0.99988016650531
"ENSG00000125618",0.888942365079399,0.473225490386301,0.920051854985334,0.358834225722159,0.99988016650531
"ENSG00000166546",0.684188951906065,0.742947739796118,0.9194796838591,0.358930907607675,0.99988016650531
"ENSG00000168143",0.596887898263516,0.398401626818409,0.919582532366383,0.358950378588182,0.99988016650531
"ENSG00000181704",-0.155566030189138,5.30737825231186,0.918958778330093,0.359021628939895,0.99988016650531
"ENSG00000260007",0.431669908697708,1.9073783932273,0.918945926689089,0.359030245818312,0.99988016650531
"ENSG00000127220",0.259570891371882,3.66387249435957,0.918803294941025,0.359061289652266,0.99988016650531
"ENSG00000283155",0.904970496122555,-0.212230137528878,0.9173236026728,0.359191037170444,0.99988016650531
"ENSG00000197415",0.663417370049138,0.568831294360527,0.918439339903408,0.359225051038531,0.99988016650531
"ENSG00000140320",-0.217706623095311,4.40872938142462,0.917728133564335,0.359331044807205,0.99988016650531
"ENSG00000100652",0.478174345691715,0.917493720169262,0.917843157109571,0.359338222710351,0.99988016650531
"ENSG00000309168",0.348907609495243,3.95420412748831,0.917679843028976,0.359343352654182,0.99988016650531
"ENSG00000170037",0.296421604179977,2.71538260666574,0.917600741957343,0.359364736768313,0.99988016650531
"ENSG00000180776",-0.166849942758146,5.45883581527667,0.917420677471559,0.359408010594693,0.99988016650531
"ENSG00000101294",0.182051297252204,4.24546211484905,0.91705618791497,0.359500004269613,0.99988016650531
"ENSG00000246375",-0.673492707140313,0.545351409477111,0.916618710370988,0.359660316455495,0.99988016650531
"ENSG00000240541",0.846033092820337,0.125965882212712,0.908732035379101,0.359690362108913,0.99988016650531
"ENSG00000299452",0.422410731980041,1.53878372299088,0.916302608075498,0.359698166136643,0.99988016650531
"ENSG00000123975",0.194682151596544,5.8221026180145,0.916066006456168,0.359748830678707,0.99988016650531
"ENSG00000301478",0.648583644749646,0.401398739934021,0.916355539373277,0.35974998115148,0.99988016650531
"ENSG00000163728",-0.217552990739524,5.79391463609621,0.915871870787893,0.359797710120659,0.99988016650531
"ENSG00000169330",0.521254512407432,1.46567067559548,0.915662118507003,0.3598588754738,0.99988016650531
"ENSG00000108423",-0.210704977571124,3.39949940973105,0.915627676916427,0.359860006990231,0.99988016650531
"ENSG00000070961",-0.190502820840102,7.16254676094941,0.915617800328595,0.35986168585764,0.99988016650531
"ENSG00000095321",0.396408056707641,2.39441580611645,0.915606264561741,0.359867765882244,0.99988016650531
"ENSG00000227827",0.441896656676282,1.11770493228511,0.914994666360107,0.360038028294259,0.99988016650531
"ENSG00000136874",-0.208326302395564,5.32720414803994,0.914802450900859,0.360067179646901,0.99988016650531
"ENSG00000122378",0.279190344771571,4.81925010941519,0.914621470113521,0.360112956673516,0.99988016650531
"ENSG00000307061",0.556676621311145,0.791341928050883,0.914649093132364,0.360132826885062,0.99988016650531
"ENSG00000081870",0.166260221435816,7.05528383669451,0.914220989961086,0.360213787460749,0.99988016650531
"ENSG00000125995",-0.179994206863539,7.40665517453342,0.913995867842536,0.360270582059602,0.99988016650531
"ENSG00000156042",-0.329434291269104,3.8443204981021,0.913940967190253,0.360284923422401,0.99988016650531
"ENSG00000206562",0.210202391453192,4.22062467989798,0.913915769528635,0.360291154873482,0.99988016650531
"ENSG00000127951",-0.362758295053253,3.58876245386163,0.913695736101387,0.360347005765651,0.99988016650531
"ENSG00000079819",0.153637665609241,6.46782616199422,0.91308798242271,0.360499772188779,0.99988016650531
"ENSG00000242258",-0.271699437274604,4.26994392617852,0.912816125947961,0.36056880021606,0.99988016650531
"ENSG00000130475",0.562035420273369,3.16757978029806,0.912613424721805,0.360620731064144,0.99988016650531
"ENSG00000171316",0.14853261325336,6.35607292628436,0.912160998776999,0.36073400636729,0.99988016650531
"ENSG00000273136",-0.159466561394443,4.51076658718307,0.91161812077648,0.36087160501957,0.99988016650531
"ENSG00000268205",0.202295114316267,4.15730425829602,0.911424809252285,0.360920578380629,0.99988016650531
"ENSG00000165476",-0.186482283533799,6.83067494074124,0.911304721102645,0.360950574382591,0.99988016650531
"ENSG00000116741",-0.236426696412329,4.81913479991452,0.910975359127384,0.361034146493315,0.99988016650531
"ENSG00000235106",0.283943680576561,5.03249834858452,0.910884568180666,0.3610570720839,0.99988016650531
"ENSG00000174473",0.482956491333552,1.30301820023372,0.91089572260681,0.361067607088883,0.99988016650531
"ENSG00000132613",0.270207945498305,2.73509347739661,0.910532066184527,0.361148369036577,0.99988016650531
"ENSG00000179406",0.226527153985867,4.0979752470881,0.909940044728883,0.361296512359836,0.99988016650531
"ENSG00000164031",-0.164213137158064,6.34343559761801,0.909843183593345,0.361320681102718,0.99988016650531
"ENSG00000281593",-0.225716462832355,4.83436910964487,0.909525492804669,0.361401468338711,0.99988016650531
"ENSG00000119599",0.283357096150745,3.235513088908,0.909461656440956,0.361418362113403,0.99988016650531
"ENSG00000146648",0.692138373800037,1.57368519028601,0.909180816787196,0.361499637346017,0.99988016650531
"ENSG00000175414",0.425410675836268,1.47389223268615,0.909031715514542,0.361538707240489,0.99988016650531
"ENSG00000114988",0.2316238566852,3.49429615946326,0.908666960554334,0.361619695635608,0.99988016650531
"ENSG00000181195",0.626840652453243,0.670544378637614,0.908815139010883,0.361636609542327,0.99988016650531
"ENSG00000308323",0.651051735813937,0.867578767934642,0.908558569296026,0.361682737873997,0.99988016650531
"ENSG00000173156",-0.812311862891505,0.111848132625002,0.90909479542832,0.361719952154725,0.99988016650531
"ENSG00000077327",-0.349362607034821,2.12976785255665,0.907265656563211,0.361978974425981,0.99988016650531
"ENSG00000126246",-0.311256467342053,2.06424031246799,0.907109611698983,0.362018278517288,0.99988016650531
"ENSG00000185787",-0.166056807992802,8.57628926565249,0.906453754982165,0.362181173864029,0.99988016650531
"ENSG00000051523",-0.223683160943369,9.73193219515269,0.906304844722912,0.362219049152905,0.99988016650531
"ENSG00000104853",-0.188734487121906,4.45055886011737,0.906132460368999,0.362263245869628,0.99988016650531
"ENSG00000211452",-0.830390550932459,0.198892401845607,0.906648098280395,0.362308126089114,0.99988016650531
"ENSG00000287885",0.275909808843367,3.91414875340486,0.905456329032938,0.362435693137814,0.99988016650531
"ENSG00000150459",-0.176872652437834,7.33752529284983,0.905452365517561,0.362435995160359,0.99988016650531
"ENSG00000158747",-0.200571273852036,3.80262455961552,0.905415694509653,0.362445939404075,0.99988016650531
"ENSG00000162542",0.222178680376342,4.24561959328561,0.905357465443401,0.36246053830562,0.99988016650531
"ENSG00000160299",0.246103172790803,4.97120702129066,0.905095101122367,0.362527168441861,0.99988016650531
"ENSG00000300077",0.435300769396404,1.09572492366776,0.904873234313389,0.362602033207512,0.99988016650531
"ENSG00000168140",-0.520494742444602,0.581387898050622,0.904943853794609,0.362629593433855,0.99988016650531
"ENSG00000184436",0.174344107509914,4.31560525481278,0.903822961502457,0.362851568010772,0.99988016650531
"ENSG00000121964",-0.20480216578914,6.72417527003843,0.903815303706591,0.362853154823065,0.99988016650531
"ENSG00000302358",0.486906002882342,0.498759861606079,0.903946710514794,0.362878346717536,0.99988016650531
"ENSG00000170325",0.184870405259225,4.17533591805976,0.903656259139549,0.36289410473635,0.99988016650531
"ENSG00000186469",0.776458980333664,0.465657182257494,0.903849556472295,0.362921406623439,0.99988016650531
"ENSG00000246582",-0.361597641660319,1.99085273602826,0.903544320774321,0.362927567311369,0.99988016650531
"ENSG00000141526",0.141982770169035,7.65022899269334,0.902982522926985,0.363065639254649,0.99988016650531
"ENSG00000104756",-0.155685463017573,4.83186780763036,0.902373294389502,0.363221472461456,0.99988016650531
"ENSG00000291101",0.319388525347872,2.62202590752297,0.902214351404843,0.363263780195849,0.99988016650531
"ENSG00000112837",-0.176760796332291,4.72816267338658,0.902200917614896,0.363265547586096,0.99988016650531
"ENSG00000183287",0.83954008479697,0.219631507432051,0.902659172833872,0.363285395739741,0.99988016650531
"ENSG00000107263",-0.159333951124622,9.0136049458968,0.902059994128163,0.363301243778503,0.99988016650531
"ENSG00000178567",-0.197969206517334,5.16289678968932,0.902009628139075,0.36331414950406,0.99988016650531
"ENSG00000135074",-0.265106262280227,3.96230348622976,0.901866166677647,0.36335123568317,0.99988016650531
"ENSG00000198018",-0.613621536391887,0.876577704684582,0.902045669661285,0.363357170526404,0.99988016650531
"ENSG00000070814",0.1417435648765,6.07706553327042,0.901810436552698,0.36336502829893,0.99988016650531
"ENSG00000148225",0.682118629664764,1.47096682191997,0.901781440298744,0.363387474281798,0.99988016650531
"ENSG00000273253",0.564698385024565,1.22138667216831,0.90176499478076,0.363391124120883,0.99988016650531
"ENSG00000017427",-0.449101818407085,1.22320529605089,0.901336914698838,0.363500706105805,0.99988016650531
"ENSG00000123572",-0.564957790393317,0.936238353939632,0.901276959492644,0.36352555440466,0.99988016650531
"ENSG00000197562",0.188639097391372,4.19699405573287,0.900943912307296,0.363586974597983,0.99988016650531
"ENSG00000152556",0.343948234552415,2.38444012859954,0.900897151639713,0.363601105270166,0.99988016650531
"ENSG00000078124",0.210206758753998,6.23897349923841,0.900809215271225,0.363621056387741,0.99988016650531
"ENSG00000090020",0.169172597287891,4.42187050461854,0.900602699774745,0.363674224314865,0.99988016650531
"ENSG00000143995",0.763104136377872,0.413007878085254,0.900971902236866,0.363674874342969,0.99988016650531
"ENSG00000246089",-0.341640846526417,2.28797004805756,0.900555379121413,0.363689826995949,0.99988016650531
"ENSG00000120658",0.258505824732599,4.37233858990862,0.900089518688291,0.36380559103859,0.99988016650531
"ENSG00000143382",0.455795610102106,2.90171057447251,0.899884494827935,0.363859203406136,0.99988016650531
"ENSG00000304750",-0.531562666805288,1.11042466138409,0.899860986917951,0.36388066016183,0.99988016650531
"ENSG00000111237",-0.160711814271744,7.22732417483692,0.899719861258999,0.363899927842088,0.99988016650531
"ENSG00000250604",-0.347208356747582,2.52488577390361,0.899715577805201,0.363903461695538,0.99988016650531
"ENSG00000291171",0.234330330773473,3.9322590125381,0.899319578535886,0.364003007311863,0.99988016650531
"ENSG00000156531",-0.14859814314159,5.32629121874565,0.899272253662366,0.364014638673733,0.99988016650531
"ENSG00000260874",0.559512222823569,1.54806305014465,0.899225436718592,0.364036089324938,0.99988016650531
"ENSG00000226243",-0.456524848127363,0.954958881688412,0.8993553970257,0.364041747846798,0.99988016650531
"ENSG00000171877",0.523903499290743,2.00653351769423,0.899182306950162,0.364041771480551,0.99988016650531
"ENSG00000161647",0.242696663588464,3.67882225091894,0.899124209773381,0.364053157741405,0.99988016650531
"ENSG00000013583",-0.18076804506324,4.78422908505709,0.899121623107607,0.364053509022645,0.99988016650531
"ENSG00000110046",0.191346030924589,3.88633912953881,0.899117953208257,0.364054617130631,0.99988016650531
"ENSG00000291159",0.432510365962965,1.63312718764463,0.898903747401191,0.364117309155033,0.99988016650531
"ENSG00000079150",-0.379762895287843,2.24492610102591,0.898518551102605,0.36421152193942,0.99988016650531
"ENSG00000286882",-0.58619586689871,0.36831817506288,0.898573855925613,0.364279611707369,0.99988016650531
"ENSG00000196850",-0.169793789354617,5.2013802759716,0.898208879034984,0.364287307602434,0.99988016650531
"ENSG00000132463",-0.136109359932059,6.60188196407978,0.898019282303405,0.36433592664531,0.99988016650531
"ENSG00000198055",0.232398069544419,4.23665194582976,0.897555304398112,0.364455377742427,0.99988016650531
"ENSG00000300768",-0.527101104480929,0.802329646934076,0.897129969790178,0.364592125282706,0.99988016650531
"ENSG00000198862",-0.176396243155273,4.96321995672649,0.896750856052698,0.36466180393861,0.99988016650531
"ENSG00000292979",0.303643829818328,2.68537805928565,0.896659514327783,0.364687099501839,0.99988016650531
"ENSG00000188493",0.313888620437934,3.44778095729107,0.89653284251066,0.364718411329718,0.99988016650531
"ENSG00000226711",0.712202926021269,0.319278891678032,0.896799909690901,0.364718997163447,0.99988016650531
"ENSG00000263004",0.818859198716901,0.728682621548892,0.896650248796251,0.364722497124243,0.99988016650531
"ENSG00000128050",0.151291564929123,6.86947368402025,0.89593097294389,0.364872405477016,0.99988016650531
"ENSG00000131368",0.215139958525008,3.72375538420223,0.895358077171938,0.365020394042983,0.99988016650531
"ENSG00000163930",-0.198906825349964,4.06509317793421,0.8951867789994,0.365064332565539,0.99988016650531
"ENSG00000282278",0.261985797937715,2.94993252804731,0.894729430050549,0.365182884397325,0.99988016650531
"ENSG00000165819",-0.167675636365315,5.09946617516251,0.894549049788441,0.365228177939899,0.99988016650531
"ENSG00000233067",0.465366676239296,1.24460440101135,0.894498290495768,0.365254653588279,0.99988016650531
"ENSG00000138085",-0.17316581155319,6.50523938914893,0.894142498960771,0.365332808661184,0.99988016650531
"ENSG00000157017",0.337591438821693,3.32498896662933,0.894028184846559,0.365363037492338,0.99988016650531
"ENSG00000243762",0.273654126377649,3.61804500961169,0.893425306545218,0.365518346678709,0.99988016650531
"ENSG00000172771",-0.367898115754617,1.76803790304121,0.893285729904801,0.365559842122512,0.99988016650531
"ENSG00000122068",-0.153309306033431,5.23887336582278,0.89320557656166,0.365574372825803,0.99988016650531
"ENSG00000172974",0.267665639773052,3.19918980420658,0.893073108733727,0.365609536274878,0.99988016650531
"ENSG00000123154",-0.212165210961892,3.40142002402351,0.892380612825237,0.365787998581128,0.99988016650531
"ENSG00000164125",-0.588349119857745,1.1276230064351,0.892049220222039,0.365887754452656,0.99988016650531
"ENSG00000254470",-0.175703830007642,4.34243858495543,0.891927223280138,0.365904640810574,0.99988016650531
"ENSG00000234009",0.151065408097782,6.49736939683239,0.891784094340513,0.365941265740836,0.99988016650531
"ENSG00000138399",-0.148932408541005,6.31368263613786,0.89174753826322,0.365950709910272,0.99988016650531
"ENSG00000018610",-0.237088304880821,3.01032946874154,0.891694232627151,0.365965799897824,0.99988016650531
"ENSG00000204217",-0.151413277357294,6.70364530871898,0.891451142898643,0.366027286001911,0.99988016650531
"ENSG00000174529",-0.48996277556923,0.456460136887769,0.891790200299124,0.366035227650502,0.99988016650531
"ENSG00000104983",0.379624144538782,1.79005521260662,0.891177265163868,0.366104491551466,0.99988016650531
"ENSG00000035403",0.231612461615495,5.95500586530794,0.891068422947313,0.366126213476956,0.99988016650531
"ENSG00000203880",-0.288496854440629,3.12027399719049,0.89102673689313,0.366138140053801,0.99988016650531
"ENSG00000175073",-0.198417129853134,5.40645363350565,0.890946356903,0.366157786537944,0.99988016650531
"ENSG00000223501",-0.141953483290612,5.61910770772183,0.890386601202116,0.366302548120571,0.99988016650531
"ENSG00000245248",0.45477006795669,2.23218339577617,0.890095093559989,0.366381284557276,0.99988016650531
"ENSG00000145736",0.152311969130921,5.43988400650544,0.889800874573772,0.366454129185874,0.99988016650531
"ENSG00000154134",0.274472988232235,3.91126371511498,0.889774938043279,0.366461377739856,0.99988016650531
"ENSG00000172932",0.239932684447023,6.87248877128048,0.889770593353559,0.366461946694446,0.99988016650531
"ENSG00000287503",0.63780802482915,0.555223676115203,0.890016704745191,0.366494999265867,0.99988016650531
"ENSG00000172728",0.174274708748051,4.53902830540945,0.889616990764008,0.366502026592337,0.99988016650531
"ENSG00000166250",0.551953653879968,0.815405387983969,0.889092406198844,0.3666774601068,0.99988016650531
"ENSG00000175110",0.165307150286335,5.55004831161661,0.888915114863008,0.366683529966821,0.99988016650531
"ENSG00000269934",0.480861118866529,1.28407267001887,0.88866608023426,0.366766280202258,0.99988016650531
"ENSG00000108094",0.142009054861109,5.88228700666058,0.888513318544734,0.366787650562796,0.99988016650531
"ENSG00000179029",-0.349488808657276,2.42717043417594,0.888301534096158,0.366846100985991,0.99988016650531
"ENSG00000085733",0.587305323869402,1.84122464941558,0.887860800405865,0.366964481951005,0.99988016650531
"ENSG00000164347",-0.162174466245813,4.61048287467894,0.887724899566628,0.36699241191471,0.99988016650531
"ENSG00000282386",-0.484424527178055,1.21791960385705,0.88775955761658,0.366996341288039,0.99988016650531
"ENSG00000213341",-0.145426589572629,4.97043505673058,0.887405455768316,0.367075130365104,0.99988016650531
"ENSG00000170525",-0.154370675725784,6.21845985258222,0.887237551945622,0.367118577836128,0.99988016650531
"ENSG00000166477",0.133480594441677,5.70106871530392,0.887056547914027,0.367165576775332,0.99988016650531
"ENSG00000101337",-0.14735870774417,6.61811031251546,0.886865266201533,0.367215229518565,0.99988016650531
"ENSG00000034053",0.151733894405806,6.09760261892214,0.886644590611579,0.367272545392844,0.99988016650531
"ENSG00000167094",0.484287094104418,1.39762248146498,0.886619705614519,0.36728970549999,0.99988016650531
"ENSG00000160323",0.484958165370835,1.62697815403008,0.8865553405191,0.367303100099689,0.99988016650531
"ENSG00000224825",-0.709659808214247,0.140751277540875,0.887096754089697,0.367308011961718,0.99988016650531
"ENSG00000182685",0.460745009232658,0.991856573500842,0.886269664880968,0.367390792195046,0.99988016650531
"ENSG00000225793",-0.344154645353155,1.9365941252622,0.885870586985569,0.36747900245319,0.99988016650531
"ENSG00000277870",0.499926198936312,0.55839227829237,0.885511592727897,0.367614960813775,0.99988016650531
"ENSG00000081052",-0.488820909537871,0.115211150841872,0.885802748928992,0.367661168829218,0.99988016650531
"ENSG00000105248",-0.207934745776714,3.72139523827327,0.884784034848729,0.367756913502298,0.99988016650531
"ENSG00000164620",0.241829739250977,2.87131101311402,0.884441724402472,0.367847091837656,0.99988016650531
"ENSG00000232623",0.363506482990352,2.43665563711252,0.883959254984387,0.367973526030923,0.99988016650531
"ENSG00000196456",-0.437916350695641,1.23936608672753,0.883635049512914,0.368068366489808,0.99988016650531
"ENSG00000108587",-0.192252220994247,6.5704154918425,0.883517632167128,0.368086097026745,0.99988016650531
"ENSG00000274600",0.483746326978702,1.11287428873357,0.882675109691157,0.368330313351781,0.99988016650531
"ENSG00000232093",0.60938453403654,0.447942603862586,0.882630116275774,0.368394516589797,0.99988016650531
"ENSG00000103266",0.162808555945132,5.86901680288476,0.882309550716168,0.368401150009112,0.99988016650531
"ENSG00000106009",0.182105610553244,4.93612196930068,0.882128198848774,0.36844863966563,0.99988016650531
"ENSG00000299996",0.552495101001522,0.242600413967151,0.881988539668378,0.368596623660807,0.99988016650531
"ENSG00000103197",0.200235098909594,3.85849194656229,0.88101961302881,0.368738523875601,0.99988016650531
"ENSG00000229921",0.59868273364919,1.92275985096182,0.880928673286809,0.368765963270702,0.99988016650531
"ENSG00000237773",-0.404004586506286,1.61568917047973,0.880889723853275,0.36877952908043,0.99988016650531
"ENSG00000171763",-0.204085663967234,5.31343395363835,0.880841594295024,0.36878452302455,0.99988016650531
"ENSG00000273151",0.393832955365599,1.66093417658571,0.880809038701488,0.368801848981542,0.99988016650531
"ENSG00000132514",1.19184749776982,0.390790739241362,0.880972916389262,0.368831387994497,0.99988016650531
"ENSG00000164327",-0.178915792120207,6.25993841188996,0.880590798510666,0.36885005951227,0.99988016650531
"ENSG00000237520",0.493527757235764,1.15801785795103,0.880240489277724,0.368967347254112,0.99988016650531
"ENSG00000132570",0.210003945166613,4.67437084808045,0.879998791238171,0.369005174700813,0.99988016650531
"ENSG00000282265",0.611767135586507,0.725614412934554,0.880079307867897,0.369019360195447,0.99988016650531
"ENSG00000166323",0.461918032802141,2.0700995313375,0.879955890571828,0.369020884122123,0.99988016650531
"ENSG00000128309",0.266387780202448,5.39734168148496,0.879826945997986,0.369049863798799,0.99988016650531
"ENSG00000008405",0.32356242267885,2.54824584933858,0.879316794145532,0.369185406776528,0.99988016650531
"ENSG00000198464",-0.171899567200681,4.57004773865917,0.87878382543101,0.369323222153308,0.99988016650531
"ENSG00000164086",0.28419827913809,4.86179914888685,0.878732521098248,0.369336597795388,0.99988016650531
"ENSG00000177427",0.580415280707822,0.658020379463228,0.878708654487029,0.369432419721304,0.99988016650531
"ENSG00000223886",0.426988627209801,1.18654437643855,0.878329983345375,0.369456275755897,0.99988016650531
"ENSG00000163958",0.77201718618425,0.0672594765650063,0.879027466435446,0.369467777918013,0.99988016650531
"ENSG00000114251",-0.67670520144826,0.658052736390387,0.878252185248891,0.369526056035876,0.99988016650531
"ENSG00000132361",-0.160210985328872,5.01583345233495,0.877904484607835,0.369553541311068,0.99988016650531
"ENSG00000156256",-0.205277535054571,5.92651981816969,0.87767772173432,0.369612819989618,0.99988016650531
"ENSG00000188921",-0.138202010160123,5.24232395165015,0.877608570892567,0.369630975158482,0.99988016650531
"ENSG00000120963",-0.144151691806248,7.3778519609476,0.877111883078584,0.369761244067899,0.99988016650531
"ENSG00000264577",0.393412653790778,2.20743063584447,0.876965355402702,0.36980481433534,0.99988016650531
"ENSG00000232006",-0.372687140201863,2.81825465884642,0.876913566278672,0.369814783769393,0.99988016650531
"ENSG00000102804",-0.152684878595123,4.78592920227502,0.876840347925088,0.369832779530601,0.99988016650531
"ENSG00000105982",-0.387099093292038,1.4145297694873,0.876688852658789,0.3698845045026,0.99988016650531
"ENSG00000177868",-0.164133255983238,6.57502529827184,0.876475927644598,0.369928184727409,0.99988016650531
"ENSG00000131051",-0.167469689436424,7.76442350648189,0.876471827431685,0.36992925685225,0.99988016650531
"ENSG00000137504",0.152878165200616,5.08167295008394,0.876284606188039,0.36997850647314,0.99988016650531
"ENSG00000080546",0.21508405263391,4.47464603120422,0.875585208752374,0.37016251168579,0.99988016650531
"ENSG00000116455",0.650724432358033,0.688774918903276,0.875590322853921,0.370188894048681,0.99988016650531
"ENSG00000220370",-0.349515668680424,2.31741376943233,0.875315597507954,0.370237371061707,0.99988016650531
"ENSG00000230533",-0.440322886398257,0.616941720690526,0.875497847720912,0.370238554093395,0.99988016650531
"ENSG00000162384",-0.177632168565304,4.87130960523077,0.875170143908159,0.370271594438328,0.99988016650531
"ENSG00000184986",0.861156024280894,0.88301134924828,0.875072146677785,0.370329004363309,0.99988016650531
"ENSG00000174917",-0.161813783249338,6.17098918482481,0.874800058046244,0.370368649040801,0.99988016650531
"ENSG00000132423",0.326700796632597,2.5388725887698,0.874738548548016,0.370387092296113,0.99988016650531
"ENSG00000168610",-0.156791836782148,6.97138596639306,0.874436416808777,0.37046432015869,0.99988016650531
"ENSG00000116478",0.165398786311052,7.32920846789061,0.874354414014837,0.370485900430938,0.99988016650531
"ENSG00000235244",0.146276432873947,6.89902453991758,0.874143755877811,0.370541350939246,0.99988016650531
"ENSG00000285921",0.486689908006437,1.26898573845435,0.874045013918023,0.37058212259564,0.99988016650531
"ENSG00000120992",-0.148810390134791,7.33674861729403,0.873861143208556,0.370615757876531,0.99988016650531
"ENSG00000304537",-0.382507200234724,1.43915387355227,0.873257686916665,0.370784790786743,0.99988016650531
"ENSG00000172757",-0.17867883243569,10.3686017713166,0.872504675764313,0.370973212932844,0.99988016650531
"ENSG00000177283",-0.532618369778359,0.255120926884505,0.873006578582569,0.370975956040415,0.99988016650531
"ENSG00000259188",0.771221181479064,0.573668754361061,0.87260301862255,0.371028358826282,0.99988016650531
"ENSG00000123104",-0.242936643294561,8.5029706147507,0.872233954432187,0.371044616425975,0.99988016650531
"ENSG00000197989",0.180689756884448,4.95056311630445,0.872087768908521,0.371083355373356,0.99988016650531
"ENSG00000163069",0.278288199810297,2.82359202022847,0.871819358810768,0.371155465572621,0.99988016650531
"ENSG00000266086",0.471014720508756,0.981121654779483,0.870887458452961,0.371419863495973,0.99988016650531
"ENSG00000100991",-0.157220028113678,6.63432601802953,0.870416866332509,0.371524421087828,0.99988016650531
"ENSG00000295910",0.740203328116999,0.867739070137406,0.870373181466115,0.371555225252127,0.99988016650531
"ENSG00000153922",0.168222166780655,6.09764439129017,0.869795640406103,0.371688676186997,0.99988016650531
"ENSG00000131171",-0.147720369921215,7.52662093122983,0.869539647594829,0.371756383818606,0.99988016650531
"ENSG00000267764",0.715867917545983,2.8364827457937,0.869497835117829,0.371768733222486,0.99988016650531
"ENSG00000143977",-0.200164572302589,8.48247734934276,0.86920448338019,0.371845069483911,0.99988016650531
"ENSG00000180611",-0.197477905599689,5.6006712153315,0.869176018533337,0.371852619652685,0.99988016650531
"ENSG00000188243",0.182836519140228,7.51850189386037,0.868700888586042,0.371978385716097,0.99988016650531
"ENSG00000280634",0.626352324175724,0.816472554303395,0.868771720776885,0.372016627012404,0.99988016650531
"ENSG00000126953",0.264331494633435,3.83109504141442,0.868544351215787,0.372020433518936,0.99988016650531
"ENSG00000102034",-0.146784263989362,4.78830146755227,0.868537217875491,0.372021998709857,0.99988016650531
"ENSG00000120899",0.141825994912238,6.72616544907419,0.868411064703123,0.372055145739237,0.99988016650531
"ENSG00000113758",0.491758350259176,3.11196353148317,0.868362165450708,0.372069356527077,0.99988016650531
"ENSG00000135940",-0.221419891942208,7.94468924854846,0.868348750309701,0.372071648461179,0.99988016650531
"ENSG00000290770",0.144266864009683,6.01382533393271,0.868197430274459,0.372111746469763,0.99988016650531
"ENSG00000111247",0.286560133163294,2.9208641937508,0.868059596845391,0.372149862587753,0.99988016650531
"ENSG00000107537",0.237970246147309,3.65909572516275,0.867108404495741,0.372401140233705,0.99988016650531
"ENSG00000248347",-0.650409878080388,0.31201727564509,0.867110437135453,0.372515014423014,0.99988016650531
"ENSG00000143384",-0.137968391252568,8.21820014182215,0.865741984318007,0.37276315409556,0.99988016650531
"ENSG00000186350",0.220939399787618,6.5500639715104,0.865545011026114,0.372815490134561,0.99988016650531
"ENSG00000158805",0.157813422179708,4.57884526311122,0.865531067741365,0.372819500948527,0.99988016650531
"ENSG00000154263",-0.344267935830846,2.02247772381084,0.865034262904816,0.372955511722806,0.99988016650531
"ENSG00000114107",0.262863990167801,3.22242640361718,0.865011325976981,0.372958629587853,0.99988016650531
"ENSG00000130956",0.288438335973377,2.9084401511309,0.86500274311018,0.372960855656704,0.99988016650531
"ENSG00000305877",-0.633270750310993,0.166897545725483,0.865213053277042,0.373041535012157,0.99988016650531
"ENSG00000138386",-0.156470994886599,5.25585663445173,0.864581283259234,0.373071715823528,0.99988016650531
"ENSG00000260630",-0.240179906129364,3.34887476115523,0.864362563121623,0.373130730224723,0.99988016650531
"ENSG00000101639",0.194767333717932,5.55900842536512,0.864264361706029,0.373156017184893,0.99988016650531
"ENSG00000156219",-0.624202010098924,0.852465404457734,0.864269788900636,0.37319019769081,0.99988016650531
"ENSG00000106013",0.574673795559721,0.322727105596305,0.864121293873651,0.3732646572179,0.99988016650531
"ENSG00000303179",0.655240984378267,1.48666105728804,0.863467931620478,0.373376442701303,0.99988016650531
"ENSG00000212907",-0.135298938765311,7.01665505646566,0.863329164648768,0.373404956267511,0.99988016650531
"ENSG00000147364",-0.267064106054448,3.38996838581719,0.86317762087488,0.373446216142495,0.99988016650531
"ENSG00000180316",-0.316780702239951,2.10866540961253,0.862950946732939,0.373509441384267,0.99988016650531
"ENSG00000129003",-0.159397597288587,6.96016702407868,0.862902351367698,0.373518661818887,0.99988016650531
"ENSG00000114388",-0.318365748186608,2.31882928127559,0.862181989280705,0.373714036984796,0.99988016650531
"ENSG00000168096",0.235126442368142,3.62452107143989,0.862112004820038,0.373729976765383,0.99988016650531
"ENSG00000178971",-0.356195048029214,1.77521578687242,0.862106381869739,0.373737302810804,0.99988016650531
"ENSG00000224086",0.365416675635884,1.49208267458357,0.862101013385407,0.373742891395585,0.99988016650531
"ENSG00000310399",-0.471443769934991,1.8874101241615,0.861025944911482,0.374023691819196,0.99988016650531
"ENSG00000198792",0.223002909609407,4.85919894151188,0.860976195634261,0.374032651168835,0.99988016650531
"ENSG00000136830",0.219888202350396,5.7514070253651,0.860468638946187,0.37416803620167,0.99988016650531
"ENSG00000101928",-0.260386945823068,2.5254794664592,0.860340492510443,0.374204488159681,0.99988016650531
"ENSG00000115808",0.17597974648057,4.62530097486019,0.860174875184218,0.374246799205979,0.99988016650531
"ENSG00000140264",-0.192060918003925,9.7065826022472,0.86010876927861,0.374264187766573,0.99988016650531
"ENSG00000285117",-0.338303369374548,1.31516633802584,0.860117955138892,0.37427976972887,0.99988016650531
"ENSG00000125304",-0.152856895711785,6.65265325413274,0.859804048974102,0.37434565100498,0.99988016650531
"ENSG00000225218",0.375223588895486,2.17349422770357,0.859416827969777,0.374452586549767,0.99988016650531
"ENSG00000264808",0.635538538246547,1.91864680641825,0.859115723778697,0.374534482000666,0.99988016650531
"ENSG00000278053",-0.18104435552806,5.45107568625118,0.859045756155466,0.374548495986073,0.99988016650531
"ENSG00000166845",-0.315849826664726,2.52461515395006,0.858689524667929,0.374646566061219,0.99988016650531
"ENSG00000169251",0.143009226998657,4.96860972575753,0.8585144196666,0.374690833445831,0.99988016650531
"ENSG00000161057",-0.145638690042886,6.08909690525238,0.857789730776959,0.374884806531069,0.99988016650531
"ENSG00000253972",0.895985168398575,0.412528807792071,0.858025097137826,0.374903257419915,0.99988016650531
"ENSG00000229659",0.259780676090681,2.75409208476661,0.857715348995325,0.374906635171079,0.99988016650531
"ENSG00000307540",0.792692172953547,3.09533109572531,0.857325469526297,0.375010880770162,0.99988016650531
"ENSG00000166848",0.156556366477717,6.1412920442742,0.857148510165554,0.375056682872211,0.99988016650531
"ENSG00000115970",0.16211025571466,6.24624834612278,0.856888122194479,0.375126511653752,0.99988016650531
"ENSG00000257526",0.400389707071256,1.98774619086836,0.856720824904864,0.375175710265801,0.99988016650531
"ENSG00000224812",-0.315667409539614,3.60887368856348,0.856544158756811,0.375219378753765,0.99988016650531
"ENSG00000287087",-0.479365806988572,1.59338429551011,0.85633954491956,0.375281941779744,0.99988016650531
"ENSG00000058404",0.591637000253708,1.27414241170805,0.856331733483641,0.375294319732323,0.99988016650531
"ENSG00000291113",0.148571967766369,5.02096912853288,0.85624280647193,0.375299819306512,0.99988016650531
"ENSG00000165591",-0.478444223866051,1.09865419272078,0.856283612633344,0.375306730343355,0.99988016650531
"ENSG00000068831",0.394611246660377,3.23692599258524,0.856182037110035,0.375317912423393,0.99988016650531
"ENSG00000125266",0.708228301532261,0.798902035531439,0.856246037560678,0.375336900155178,0.99988016650531
"ENSG00000290842",0.330297051028117,2.81631820481883,0.85603272037976,0.375357433243463,0.99988016650531
"ENSG00000160570",-0.200561353220913,3.849335249394,0.855989615100402,0.375368136243862,0.99988016650531
"ENSG00000229962",-0.689460485797981,0.308675006796048,0.856411300377659,0.375378132152932,0.99988016650531
"ENSG00000105835",-0.233850500618354,6.10493568312136,0.855460352293244,0.375509761374654,0.99988016650531
"ENSG00000174197",-0.150976447822377,6.39853980078651,0.855323614744786,0.375546494532825,0.99988016650531
"ENSG00000225377",0.238310332585775,5.21889916519244,0.855268814072845,0.375561249325429,0.99988016650531
"ENSG00000230648",0.315549667256343,2.51915512155673,0.854876204311794,0.375669125373806,0.99988016650531
"ENSG00000144036",0.286282597681615,4.83384137502886,0.854568157605568,0.375749733014807,0.99988016650531
"ENSG00000225206",0.400477883351719,2.16926224624971,0.854562107023761,0.375754183280495,0.99988016650531
"ENSG00000138744",-0.151689208040242,5.18140422210689,0.854320931919693,0.375816107703644,0.99988016650531
"ENSG00000116863",-0.209757264018066,5.44912896102074,0.854272840127429,0.375828990562043,0.99988016650531
"ENSG00000260528",0.242267979616158,3.74370495631971,0.853973628990025,0.375910032391804,0.99988016650531
"ENSG00000295948",-0.372394513566334,1.26866106856431,0.853077742073762,0.376165197728059,0.99988016650531
"ENSG00000158623",0.248662551314052,3.65335661868362,0.852922038221077,0.376193231202084,0.99988016650531
"ENSG00000170677",-0.193070306434371,4.30082624908504,0.852296129228795,0.376361594602502,0.99988016650531
"ENSG00000135537",0.192727895911128,5.18584132762121,0.852232966195554,0.376378301034024,0.99988016650531
"ENSG00000036054",-0.139771237044916,5.19211087288,0.852162023298986,0.376397425223036,0.99988016650531
"ENSG00000163655",0.155294690344303,5.66332238670463,0.852134646950382,0.376404793850578,0.99988016650531
"ENSG00000183647",0.4019367573059,1.66069887844011,0.851772885979194,0.376510633044155,0.99988016650531
"ENSG00000301565",-0.40382732301062,0.927369292798925,0.851373034866324,0.376632413350478,0.99988016650531
"ENSG00000119004",-0.169951887581697,5.60940857947484,0.851175594179873,0.376663498915489,0.99988016650531
"ENSG00000148219",0.315196236739209,2.79758443638974,0.851117307195809,0.376680766715377,0.99988016650531
"ENSG00000289839",-0.27051445028129,2.60641779127744,0.850975369090317,0.376719111157572,0.99988016650531
"ENSG00000005020",0.164776928582565,6.94020805355976,0.850628439761313,0.376811200915956,0.99988016650531
"ENSG00000182963",0.493469767980569,1.49768489095598,0.850480676194457,0.376859268038911,0.99988016650531
"ENSG00000071462",-0.168010318054981,6.04435619039292,0.84991966694255,0.37700269232697,0.99988016650531
"ENSG00000228172",0.735986326456125,1.33658239944672,0.849750995689229,0.377081557060423,0.99988016650531
"ENSG00000155093",-0.160113049079938,4.57975601185052,0.849404041840807,0.377142404761771,0.99988016650531
"ENSG00000166192",-0.440659455979562,1.23641288694313,0.849273932630457,0.377192940512181,0.99988016650531
"ENSG00000134769",0.154613911119208,6.62438103276686,0.849185576411331,0.37720116383102,0.99988016650531
"ENSG00000303208",1.11192013732351,0.278212679191509,0.849173528252358,0.37731351163378,0.99988016650531
"ENSG00000267751",0.380510637432557,2.5416636449316,0.848440809209491,0.377406767212038,0.99988016650531
"ENSG00000214941",-0.252501993006873,3.62286950636793,0.848285669672951,0.377445319743936,0.99988016650531
"ENSG00000287431",0.341438923970507,1.99660710295738,0.847901930053377,0.377554092098127,0.99988016650531
"ENSG00000173039",-0.160236194426261,5.19716974052059,0.847719238177426,0.377598134170638,0.99988016650531
"ENSG00000121073",-0.151499809130788,6.26491660289608,0.847543506829343,0.377645718846962,0.99988016650531
"ENSG00000179388",0.601038048799315,0.333206262654583,0.847721968786606,0.377664370026558,0.99988016650531
"ENSG00000115998",-0.211731766433963,3.30033404535468,0.84721192177182,0.377736445944655,0.99988016650531
"ENSG00000259456",-0.549412704940862,0.863106282052459,0.847238536129993,0.377769845277329,0.99988016650531
"ENSG00000079482",0.147182010291802,5.12620334148911,0.847070612886497,0.377773992863099,0.99988016650531
"ENSG00000270304",-0.60173323780771,0.160069038818829,0.847535583566329,0.377802539965718,0.99988016650531
"ENSG00000171453",0.14511794290665,5.25324580627494,0.846710276598904,0.377871626629339,0.99988016650531
"ENSG00000235236",0.562965909164996,0.387998069979767,0.846840996978904,0.377961204605462,0.99988016650531
"ENSG00000196141",-0.260772849106969,7.78634549983066,0.846291794358564,0.377985120504467,0.99988016650531
"ENSG00000272620",0.566943122296784,0.33680527026136,0.846666375707171,0.377988113842495,0.99988016650531
"ENSG00000269968",0.507173709010558,4.18561656201531,0.846170159944603,0.37801858207456,0.99988016650531
"ENSG00000120690",-0.168506213158004,7.88049754002984,0.846112961050607,0.378033650302587,0.99988016650531
"ENSG00000234465",0.243863297614002,3.06904224146422,0.846089577167525,0.378041234278333,0.99988016650531
"ENSG00000285967",-0.323821930346749,2.53793081108492,0.846038223509976,0.378056335272354,0.99988016650531
"ENSG00000124787",0.292732138296867,2.34539140335868,0.846030783150275,0.378059026449055,0.99988016650531
"ENSG00000182551",-0.244417787495575,6.56002043280139,0.845846675132067,0.378105934428473,0.99988016650531
"ENSG00000143337",-0.155356362869454,6.38006170953773,0.845722340060422,0.378139691954435,0.99988016650531
"ENSG00000115317",-0.225246976992779,3.74819183080833,0.84566330229228,0.378156344755929,0.99988016650531
"ENSG00000291217",-0.427136342433905,0.859213231273809,0.845508771488137,0.378224435696694,0.99988016650531
"ENSG00000179715",-0.423887991647198,4.65524866087777,0.845391801780088,0.378229702756645,0.99988016650531
"ENSG00000184209",-0.207879037309101,4.06739505960618,0.844936676903491,0.378353490647053,0.99988016650531
"ENSG00000180543",-0.271184686572692,3.3031255359366,0.844595220306139,0.37844684187073,0.99988016650531
"ENSG00000081320",-0.143640397797196,5.45997062078959,0.844302077543457,0.378525626412365,0.99988016650531
"ENSG00000265354",-0.132677030304138,5.6791952639929,0.84361786725285,0.378711753700133,0.99988016650531
"ENSG00000088179",0.234674852356286,3.85177948212365,0.843601191856078,0.378716806136076,0.99988016650531
"ENSG00000179144",0.858201900079324,0.42189415822849,0.843901402512266,0.378725289396284,0.99988016650531
"ENSG00000080493",-0.343490067349187,1.61072671254798,0.843417066122663,0.378774726599157,0.99988016650531
"ENSG00000162723",0.773775705598635,0.0722460565535794,0.84326558890083,0.378977473358308,0.99988016650531
"ENSG00000261416",0.720540774533094,0.664161151451562,0.842683820751119,0.379028784625905,0.99988016650531
"ENSG00000116852",0.509376911759186,2.03007928270665,0.8424089436086,0.379044753034767,0.99988016650531
"ENSG00000288597",0.535685119174364,0.704873051626612,0.842496899831674,0.379059908931328,0.99988016650531
"ENSG00000269026",-0.292694808395904,2.75590741728683,0.841848133855462,0.379195616013098,0.99988016650531
"ENSG00000288887",-0.188883281527654,5.17270807115386,0.841601347491982,0.379261158996063,0.99988016650531
"ENSG00000100023",-0.158022420565943,5.13472979140587,0.840999276219006,0.37942545241365,0.99988016650531
"ENSG00000270372",0.159627069764504,7.5748503025858,0.840900646468818,0.379452308216145,0.99988016650531
"ENSG00000100600",-0.276895276743782,2.91514995761674,0.840330362337412,0.379609319107536,0.99988016650531
"ENSG00000166908",-0.207167258021416,3.958911264997,0.840196318816696,0.379645049641297,0.99988016650531
"ENSG00000197753",0.626539920515972,1.68710081521286,0.839999459675266,0.379706266366308,0.99988016650531
"ENSG00000074582",0.218000986832754,3.61275071802145,0.839632115754239,0.379799440282738,0.99988016650531
"ENSG00000197930",0.15039783689962,5.56788009959162,0.839537146493416,0.379824780088979,0.99988016650531
"ENSG00000302127",0.535972904335948,0.493826563192029,0.839679819078998,0.379831794063135,0.99988016650531
"ENSG00000056277",-0.206263264627918,3.54190321792145,0.839498312458263,0.379836067441191,0.99988016650531
"ENSG00000177971",-0.166279034553874,5.60575479176225,0.839456954680338,0.379846705439725,0.99988016650531
"ENSG00000273156",0.564897286682596,0.37409158335855,0.83990593971532,0.379856494177798,0.99988016650531
"ENSG00000115507",-0.149681700361265,5.3889605283363,0.839263623745961,0.379899573168827,0.99988016650531
"ENSG00000291154",0.148445956605063,4.71829350384148,0.839244778115155,0.379904982896196,0.99988016650531
"ENSG00000178966",0.178248152386975,5.35956979538042,0.838750823459335,0.380039838089466,0.99988016650531
"ENSG00000289376",-0.438410353668908,5.02206083928919,0.838569776949552,0.380089406781583,0.99988016650531
"ENSG00000182858",-0.214044213260571,3.57883786548846,0.838188641123256,0.380194323698611,0.99988016650531
"ENSG00000204178",0.147858128320911,5.01600402702201,0.838159475775756,0.380201759194401,0.99988016650531
"ENSG00000246067",0.163730925800634,4.90279205963301,0.837830122049764,0.380292057080004,0.99988016650531
"ENSG00000158270",-0.308606919244157,2.40255297574944,0.837811845638983,0.380299182223449,0.99988016650531
"ENSG00000294893",-0.509597587689379,0.113433424845434,0.838290433427926,0.38030160661137,0.99988016650531
"ENSG00000164951",0.280299031330911,3.42999259094153,0.837796636098392,0.380301776436171,0.99988016650531
"ENSG00000154822",0.191779748802403,4.8852430155904,0.837593503458378,0.38035685065573,0.99988016650531
"ENSG00000231758",0.471024663509412,2.5158682437704,0.837561542964292,0.380367874143447,0.99988016650531
"ENSG00000301033",-0.559931803534894,0.255568391246021,0.837744888603174,0.38043748134497,0.99988016650531
"ENSG00000145912",0.170318666124783,6.87638647355036,0.83688697375391,0.380550292065792,0.99988016650531
"ENSG00000262001",-0.518496947462989,0.411750755867788,0.83696285170963,0.380610169979796,0.99988016650531
"ENSG00000213315",-0.171416991274448,6.83756299340918,0.836600578888786,0.380628824539388,0.99988016650531
"ENSG00000262967",0.314360603952724,3.45708096984007,0.836494664144159,0.380658715398964,0.99988016650531
"ENSG00000245937",0.147822833772234,5.12225949251073,0.83630046037253,0.380711179185228,0.99988016650531
"ENSG00000164751",-0.166124082486028,4.8758613040358,0.83619395795916,0.380740624079216,0.99988016650531
"ENSG00000111962",-0.172074672678802,5.24402396756785,0.836167730718656,0.380747586420019,0.99988016650531
"ENSG00000120616",-0.170253515589954,6.23556975988249,0.836149158145455,0.380752662704803,0.99988016650531
"ENSG00000082515",0.209304012471321,4.62355443009841,0.836009898861,0.380791172914957,0.99988016650531
"ENSG00000172661",-0.179201904261458,5.23643553445622,0.835498914808883,0.380931171057924,0.99988016650531
"ENSG00000083844",-0.188210962039135,3.99321190099472,0.83503176788273,0.381059899687416,0.99988016650531
"ENSG00000259959",0.490549079852143,0.86248315022431,0.834968513335381,0.381105014636043,0.99988016650531
"ENSG00000166794",-0.271600641462224,9.19335843779227,0.834650801050147,0.381164130057397,0.99988016650531
"ENSG00000299420",-0.29730696478232,2.98624776405904,0.834460350262885,0.381217995382885,0.99988016650531
"ENSG00000157483",-0.172623598212566,5.73632566294898,0.834447803383488,0.381219944511194,0.99988016650531
"ENSG00000103326",0.177410990358188,5.66508561330092,0.834412168757557,0.38122974445258,0.99988016650531
"ENSG00000256576",-0.509420122421917,1.06630971202993,0.834483584940998,0.381230309141554,0.99988016650531
"ENSG00000144815",0.183580362277998,4.73646645465659,0.834380241304852,0.381238795885452,0.99988016650531
"ENSG00000305830",0.468593397485469,1.08317618072974,0.834274880001511,0.381289556450048,0.99988016650531
"ENSG00000227230",-0.445012394962693,1.55644279648725,0.834076983570674,0.38133198829111,0.99988016650531
"ENSG00000181788",-0.148018791919351,5.4313165536487,0.833949807200847,0.38135689451843,0.99988016650531
"ENSG00000278535",0.600880224589462,0.415762437675471,0.834159874710195,0.381445670896687,0.99988016650531
"ENSG00000171631",-0.135388603592503,7.14458341000149,0.83304570421338,0.3816056769742,0.99988016650531
"ENSG00000267365",-0.636947795702819,0.160036081411989,0.833428082859687,0.381621479809756,0.99988016650531
"ENSG00000182287",0.305097995720696,8.83031817671117,0.832890320727243,0.381648461060053,0.99988016650531
"ENSG00000168310",-0.171962004109149,5.43957799493188,0.832527577252966,0.381748395508718,0.99988016650531
"ENSG00000135052",0.136001258991795,5.45360302338156,0.832470109487387,0.381764231560624,0.99988016650531
"ENSG00000166266",-0.148615871762246,6.75511828793983,0.83244513059638,0.3817710919697,0.99988016650531
"ENSG00000167220",0.209136582560137,3.79089605195234,0.832229704908812,0.381831004167697,0.99988016650531
"ENSG00000231826",-0.516577960849423,0.848429774872413,0.832024641604608,0.381918840323803,0.99988016650531
"ENSG00000183250",0.550144492526177,1.0948233499068,0.831827723020432,0.381958455279219,0.99988016650531
"ENSG00000251396",0.325426612452518,2.90696981424023,0.831281502727271,0.382093203893001,0.99988016650531
"ENSG00000171475",-0.13296508166676,5.94138845673213,0.831185120844855,0.382118496960042,0.99988016650531
"ENSG00000260428",-0.26708639586286,2.64246000514998,0.831070433498525,0.382152120562506,0.99988016650531
"ENSG00000116151",-0.353022056806109,2.18496566857305,0.830981113435152,0.38217914917248,0.99988016650531
"ENSG00000134265",-0.145617126658804,5.01509752006284,0.830942507084009,0.382185564536981,0.99988016650531
"ENSG00000107872",-0.179148647936461,4.15604860550932,0.830840040183439,0.38221408722282,0.99988016650531
"ENSG00000136925",-0.186461292398065,3.96146485633533,0.830796084595675,0.382226275180598,0.99988016650531
"ENSG00000112343",-0.149736837660099,5.57461988561226,0.830789386429176,0.38222771121781,0.99988016650531
"ENSG00000306024",0.600143483703277,0.90327945592036,0.830579826059734,0.382305982933306,0.99988016650531
"ENSG00000155189",0.153072519958629,6.13370797698043,0.83030282101241,0.382362042062072,0.99988016650531
"ENSG00000141098",-0.250040676904391,3.23741147628343,0.830285491383859,0.382367849231453,0.99988016650531
"ENSG00000119688",-0.158301665120642,4.40069028181541,0.830081119715945,0.382423596223366,0.99988016650531
"ENSG00000125977",-0.138592626554781,8.22502482123646,0.830065850690925,0.382427485917558,0.99988016650531
"ENSG00000109323",-0.218048018028535,6.64183947883525,0.829992786510403,0.382447674057974,0.99988016650531
"ENSG00000286274",0.582690196280018,1.18750229279747,0.829953123057993,0.382471448779805,0.99988016650531
"ENSG00000294779",0.569402346307201,0.636577703966823,0.830017527985213,0.382504897048156,0.99988016650531
"ENSG00000177479",-0.14546027042887,6.64064220036334,0.829691543736272,0.382530911580737,0.99988016650531
"ENSG00000233539",-0.252879706877467,4.20465112538392,0.82956041379046,0.382567493102232,0.99988016650531
"ENSG00000101160",-0.172263852983223,5.16314886652691,0.829438031034407,0.382601012499094,0.99988016650531
"ENSG00000296693",0.701683573920083,0.215342319053708,0.829796167662802,0.382618358084835,0.99988016650531
"ENSG00000175220",0.165821136395897,5.60576932440067,0.829249139638379,0.382653222741668,0.99988016650531
"ENSG00000307240",-0.435312389520977,1.44052601825723,0.828859153366586,0.3827705038828,0.99988016650531
"ENSG00000146070",-0.222045594723004,6.2426364138663,0.828579403044239,0.382838455136609,0.99988016650531
"ENSG00000234350",-0.261835420807938,2.52151952811903,0.827647812151662,0.383098384436466,0.99988016650531
"ENSG00000117362",-0.147729634370309,7.17152525107154,0.827319558383573,0.383187294913581,0.99988016650531
"ENSG00000179776",-0.660911578966324,0.449830078026351,0.82699110917053,0.383390054604971,0.99988016650531
"ENSG00000106052",-0.18026127975628,7.00366803643564,0.826438079628272,0.383431663002788,0.99988016650531
"ENSG00000149929",0.205666137814489,4.16858255785705,0.826006037348783,0.383551941369666,0.99988016650531
"ENSG00000237172",-0.440172230356326,0.770550794435143,0.825432768115534,0.383741547190727,0.99988016650531
"ENSG00000154188",0.591037702530204,0.252780648418556,0.825099226405976,0.383908312038072,0.99988016650531
"ENSG00000309043",0.822599804744042,0.323518908170541,0.825024327745763,0.383909105324097,0.99988016650531
"ENSG00000228010",0.537443343066057,1.13898175140896,0.824346182672573,0.384029598649211,0.99988016650531
"ENSG00000135677",-0.129553284974018,5.55696169729856,0.824127669802218,0.384073321579624,0.99988016650531
"ENSG00000309796",-0.586850035941803,0.186026951029453,0.824501221264368,0.384105287134849,0.99988016650531
"ENSG00000213621",-0.150938880973144,5.93471401156155,0.823647066320675,0.384206996486859,0.99988016650531
"ENSG00000271614",-0.236243734481442,2.85254127147452,0.823557339526398,0.384233264265363,0.99988016650531
"ENSG00000204576",-0.198989176039343,3.80785419013996,0.823479688949981,0.384254122698734,0.99988016650531
"ENSG00000267390",0.548975641511247,1.19724635537456,0.823437573729078,0.384281246348193,0.99988016650531
"ENSG00000109220",-0.134748592251296,5.57886956101314,0.823323335465297,0.384297086998598,0.99988016650531
"ENSG00000135250",0.146041078347496,6.55176650123911,0.822949686804659,0.384401089800016,0.99988016650531
"ENSG00000138160",0.257239509125371,3.95933751095771,0.822927124641992,0.384407845524964,0.99988016650531
"ENSG00000171135",-0.189194672733956,5.27428603921407,0.82281741592732,0.384437949962889,0.99988016650531
"ENSG00000255647",0.444203358806303,1.08433141066611,0.822814320971254,0.384454596076748,0.99988016650531
"ENSG00000115137",-0.301381697732498,2.43244280381266,0.822580443177324,0.384506438633708,0.99988016650531
"ENSG00000298945",0.771161826550362,0.827492376571506,0.822712024097138,0.384582289440507,0.99988016650531
"ENSG00000291080",-0.32175989476055,2.28281439374189,0.822173206325636,0.384620648979863,0.99988016650531
"ENSG00000203879",-0.143625785527233,4.8986344016605,0.822155408567612,0.384622526725976,0.99988016650531
"ENSG00000198860",-0.14836323361216,5.93271245335555,0.82173510840813,0.384739513870648,0.99988016650531
"ENSG00000236778",0.30842681085288,2.6440702543329,0.82172716800529,0.384743850128251,0.99988016650531
"ENSG00000165246",-0.151520235110016,7.10197880947197,0.821685491816091,0.384753338304818,0.99988016650531
"ENSG00000136943",0.676568776223375,1.42218440801941,0.821093495792805,0.384930719307172,0.99988016650531
"ENSG00000128578",0.416033986495512,2.39331762401905,0.820976078063282,0.3849544278576,0.99988016650531
"ENSG00000303871",0.730513401172467,0.374414661654048,0.821030902770714,0.385044740848246,0.99988016650531
"ENSG00000137764",0.16682603506665,5.34563430706835,0.82048880915277,0.385087262332555,0.99988016650531
"ENSG00000142330",-0.211004301087194,3.47482530620836,0.820150836663704,0.385182417592606,0.99988016650531
"ENSG00000108578",0.151812887008495,4.91020716529196,0.820083264995873,0.385200659033713,0.99988016650531
"ENSG00000305544",-0.453571870966519,1.02077803009549,0.820071251855205,0.385222833490765,0.99988016650531
"ENSG00000197937",0.320475758312018,2.38780728323992,0.819743526148305,0.385297911222023,0.99988016650531
"ENSG00000204677",0.352684946240987,2.43460758545853,0.819389379520712,0.385397431464305,0.99988016650531
"ENSG00000223646",0.434999412902736,2.81034170958636,0.818694400822413,0.385590347696968,0.99988016650531
"ENSG00000241945",-0.236295829351044,3.01361916813247,0.818322845386962,0.385693991587575,0.99988016650531
"ENSG00000281566",-0.593501433614816,0.035212342463287,0.819034688280531,0.385701238405196,0.99988016650531
"ENSG00000282917",0.52299728250435,1.48029298508926,0.818241793573701,0.385725841437033,0.99988016650531
"ENSG00000111877",-0.205624524723588,4.98256996041693,0.818133966369071,0.385745776403255,0.99988016650531
"ENSG00000258465",0.367834114712131,3.28347126748573,0.818002509934002,0.385783450999128,0.99988016650531
"ENSG00000101342",0.270578321395466,3.08056524293166,0.817984357947401,0.385788670332132,0.99988016650531
"ENSG00000152518",-0.147825934582815,8.96478136297233,0.817867704570292,0.385820137224228,0.99988016650531
"ENSG00000023608",-0.199361515480603,3.77372976024523,0.816854545480471,0.386104559987906,0.99988016650531
"ENSG00000145907",-0.158309702655157,7.68855344540055,0.816622466344927,0.386169080385757,0.99988016650531
"ENSG00000244558",0.360424100539711,2.62646136737606,0.816584304183087,0.386182077234038,0.99988016650531
"ENSG00000160216",-0.130901994403772,6.30747043944706,0.816119593631838,0.386310140030461,0.99988016650531
"ENSG00000306400",0.575355900426638,0.317569339974647,0.816395646785151,0.386361020774404,0.99988016650531
"ENSG00000006007",0.167501987394571,5.85044561963373,0.81584016702411,0.386388560788429,0.99988016650531
"ENSG00000139178",0.178640419274864,4.00105961347156,0.815838631020132,0.386389385626629,0.99988016650531
"ENSG00000106560",-0.199564082285929,4.59954519832833,0.815810124756449,0.386397277830361,0.99988016650531
"ENSG00000293797",0.576482288003322,0.693369112578484,0.815881337922218,0.38640939401928,0.99988016650531
"ENSG00000137802",-0.173811236551487,4.78628727362459,0.815554340811526,0.38646901689025,0.99988016650531
"ENSG00000111186",-0.236660667966593,3.32171512293139,0.815135746496222,0.386587130100932,0.99988016650531
"ENSG00000117533",0.204058711114468,3.64744306534219,0.8147863118344,0.386685106090897,0.99988016650531
"ENSG00000104064",-0.183699477757765,5.19631853185197,0.814587320532906,0.386740452739189,0.99988016650531
"ENSG00000122870",0.204868060297606,4.79029031769405,0.814497692973636,0.386765844554293,0.99988016650531
"ENSG00000285382",0.235057654842646,2.86032181393819,0.814257134800511,0.386834628903549,0.99988016650531
"ENSG00000275183",0.627093632281011,2.15598135186878,0.814169036696534,0.386861499133166,0.99988016650531
"ENSG00000254459",-0.257129634479611,2.69276393530269,0.813990091206261,0.386910081504671,0.99988016650531
"ENSG00000100603",-0.135491545761075,6.26654688748678,0.81393006796682,0.386925221375928,0.99988016650531
"ENSG00000253693",-0.656907956558463,0.0640326838902452,0.813756682080105,0.387157715359737,0.99988016650531
"ENSG00000186073",0.152520286423601,5.56773081197513,0.813094055393222,0.387160484789147,0.99988016650531
"ENSG00000083099",-0.168529240452774,5.1340809370673,0.812879486146284,0.387220985296371,0.99988016650531
"ENSG00000151131",0.153996345308728,4.73503465699947,0.812703826274399,0.387270632634281,0.99988016650531
"ENSG00000143515",0.240439937054498,4.5015883352375,0.81257682096716,0.387306427302265,0.99988016650531
"ENSG00000162923",-0.123205990665463,6.80070360736864,0.812503939625859,0.38732665774457,0.99988016650531
"ENSG00000119844",-0.139728047583341,6.76979445585856,0.812292041950308,0.38738635998115,0.99988016650531
"ENSG00000166128",-0.13670836583715,6.52840047262694,0.811981607996144,0.387473851021561,0.99988016650531
"ENSG00000224046",-0.540870933227225,0.367193273972124,0.812389936359307,0.387480585288189,0.99988016650531
"ENSG00000058085",-0.540241932327299,0.569714136582564,0.811404176396607,0.387708224666306,0.99988016650531
"ENSG00000174977",-0.327621364877243,2.21934760941417,0.811046048199586,0.387741333488029,0.99988016650531
"ENSG00000186575",0.1381281826811,5.60356910902645,0.810943384181536,0.387766692338259,0.99988016650531
"ENSG00000174944",-0.698524390414321,0.302657553126467,0.811253019709061,0.387809657659899,0.99988016650531
"ENSG00000147586",-0.237715583935096,2.99321764364655,0.810145586927289,0.387993188172552,0.99988016650531
"ENSG00000107938",0.210648070788523,4.58802802402112,0.810134163754136,0.387995422396883,0.99988016650531
"ENSG00000289180",0.435954748667867,2.17122757806421,0.809530225159206,0.388169165628905,0.99988016650531
"ENSG00000297732",0.429205373658275,0.918077286800293,0.809299793683386,0.388252515686063,0.99988016650531
"ENSG00000182667",0.679864506971657,0.601261774535303,0.808433980919607,0.388555752908601,0.99988016650531
"ENSG00000186088",-0.199841149998757,7.63853689264671,0.807573351405604,0.388719537374391,0.99988016650531
"ENSG00000169490",-0.162474901251892,5.10798516430212,0.807540467378493,0.388728957056635,0.99988016650531
"ENSG00000205129",0.393385250315586,1.3808397253788,0.807155955092321,0.388845658015275,0.99988016650531
"ENSG00000272106",-0.464784774168867,0.762644692889411,0.806998204103929,0.388919878569203,0.99988016650531
"ENSG00000134014",-0.167483830223676,5.20526955870876,0.805888916941531,0.389197196321973,0.99988016650531
"ENSG00000133739",0.183260177229865,4.83140641222957,0.80584186399336,0.389210800913382,0.99988016650531
"ENSG00000174482",-0.41461003299121,1.8868716996258,0.805633172237139,0.389275028537213,0.99988016650531
"ENSG00000227097",-0.149117775203458,6.804208947937,0.805284456520444,0.38936878403349,0.99988016650531
"ENSG00000273196",0.487792938693624,1.03765048458031,0.805093564634008,0.389439828187897,0.99988016650531
"ENSG00000116209",-0.165330231287945,7.66410998311817,0.804784945353448,0.389510690165964,0.99988016650531
"ENSG00000186891",-0.214020816058358,3.53601801743722,0.804707745432135,0.389533260452281,0.99988016650531
"ENSG00000168228",0.222651934771097,3.27536576539321,0.80467406264546,0.389543103517931,0.99988016650531
"ENSG00000268889",0.656589240399055,0.790960940427888,0.80477641168649,0.389551636808083,0.99988016650531
"ENSG00000228877",0.721241741714438,0.730335135369557,0.804612252567779,0.389593670670267,0.99988016650531
"ENSG00000182141",0.179742560845288,5.03110838108323,0.804285093513221,0.389652814729777,0.99988016650531
"ENSG00000308733",0.43923366978731,1.96796647330766,0.804082354854781,0.389715020758377,0.99988016650531
"ENSG00000104885",0.150483315865306,5.29845442294558,0.803778308817261,0.389796940673641,0.99988016650531
"ENSG00000240086",0.647103235445271,1.33463494651683,0.803304650011914,0.389946245669042,0.99988016650531
"ENSG00000110066",-0.158604108399229,5.65757666442513,0.802857379576879,0.390059072365832,0.99988016650531
"ENSG00000295921",0.399653597250499,3.0932119634592,0.802738056945353,0.390094183857932,0.99988016650531
"ENSG00000149781",-0.161056044958783,8.94868334586338,0.802108157346333,0.390272520698266,0.99988016650531
"ENSG00000106290",0.217790067415759,4.84897827475099,0.802057202605748,0.39028724303112,0.99988016650531
"ENSG00000246731",0.281935912843894,4.87638411568127,0.802001926640525,0.390302990448951,0.99988016650531
"ENSG00000119509",0.158859598034438,6.25770265666362,0.801991502696497,0.390305781058852,0.99988016650531
"ENSG00000284999",-0.587666910672835,1.39270636725187,0.802010488911859,0.390310045164154,0.99988016650531
"ENSG00000275111",0.404576617728634,1.71494321278287,0.801475276358096,0.390458430962414,0.99988016650531
"ENSG00000163738",-0.200246631746943,4.64058314854947,0.801130925143346,0.390551517531523,0.99988016650531
"ENSG00000299022",0.598130240812084,0.557969618654933,0.801066097580522,0.390620612490399,0.99988016650531
"ENSG00000280639",1.57421071263947,1.90163021177347,0.800811884468481,0.390651578517682,0.99988016650531
"ENSG00000132561",-0.369339275469989,2.3384974636057,0.80069193173619,0.390679664510461,0.99988016650531
"ENSG00000134363",-0.412128086265642,1.86848447320575,0.800603626610265,0.390707430009615,0.99988016650531
"ENSG00000108384",0.193093402859882,4.61664103707493,0.800559368409742,0.390714674714883,0.99988016650531
"ENSG00000267374",-0.545095139904694,1.23545225806006,0.800585756671883,0.390735060196902,0.99988016650531
"ENSG00000120800",0.195935011467931,4.82235478949968,0.800238362609667,0.390806241619837,0.99988016650531
"ENSG00000230325",-0.239917382096056,3.17305590885909,0.80021234375792,0.390814519735734,0.99988016650531
"ENSG00000042980",-0.340152120014494,6.60720549807009,0.800186318245875,0.390820917650404,0.99988016650531
"ENSG00000121578",-0.315925256346261,2.41565782134306,0.799944108149635,0.390892693534786,0.99988016650531
"ENSG00000176390",0.160554653508171,5.44016757315665,0.799909384806059,0.390900059433043,0.99988016650531
"ENSG00000138185",-0.39411856804744,2.99527132215509,0.799714302336244,0.390956914155067,0.99988016650531
"ENSG00000117335",-0.172057987624926,5.71834817480505,0.799511651695259,0.391013728260075,0.99988016650531
"ENSG00000106636",-0.151732548210294,5.10582022286058,0.799110898195372,0.391128342849202,0.99988016650531
"ENSG00000179476",-0.377168898696715,1.71847388492855,0.798483467519386,0.391314736025103,0.99988016650531
"ENSG00000247134",0.169367234341607,5.65703741860934,0.798421337120524,0.391325617908477,0.99988016650531
"ENSG00000091164",-0.153645503478732,6.47333273974025,0.798394417011235,0.391333312679016,0.99988016650531
"ENSG00000277283",0.439757868509007,1.48069982103318,0.798178316558157,0.391403720145335,0.99988016650531
"ENSG00000215788",-0.221114543513437,3.48527141231167,0.798039118201684,0.391435768868031,0.99988016650531
"ENSG00000104472",-0.178239032347584,5.02236551375157,0.797987537740049,0.391449934024759,0.99988016650531
"ENSG00000101974",-0.173045058808577,5.17387297360993,0.797662789124202,0.391542848799354,0.99988016650531
"ENSG00000300109",0.178390536318797,4.43201589031503,0.797258734457583,0.391658910123226,0.99988016650531
"ENSG00000131019",-0.553979200148849,0.0832598114266252,0.79729353646332,0.3918486706371,0.99988016650531
"ENSG00000136938",0.137906401745468,8.1711670174806,0.796515373545213,0.391871739542248,0.99988016650531
"ENSG00000154102",0.626157030166754,3.2401593908426,0.795784436284623,0.392084787307112,0.99988016650531
"ENSG00000108684",0.609317411296962,0.35010765163987,0.79598288660729,0.392117557218091,0.99988016650531
"ENSG00000253958",-0.296965964774563,2.37900913383338,0.795663587734438,0.392119357180724,0.99988016650531
"ENSG00000226833",0.405525330394488,1.37547784173111,0.795538972058312,0.392161570060621,0.99988016650531
"ENSG00000136167",-0.138437205441927,9.00040348108304,0.795483406401306,0.392167934422581,0.99988016650531
"ENSG00000261474",-0.173599548978461,4.00668469844641,0.795165404159368,0.392259698555584,0.99988016650531
"ENSG00000304062",-0.266788452072461,2.73852232696316,0.795136527440343,0.392269128185809,0.99988016650531
"ENSG00000130766",-0.142662960159499,5.3540794550485,0.79477944095551,0.392370209666155,0.99988016650531
"ENSG00000138668",0.153353682622352,8.34846807839572,0.794704632100515,0.392391688858474,0.99988016650531
"ENSG00000113504",-0.657210414888028,0.543022559878385,0.794845851309411,0.392411929393128,0.99988016650531
"ENSG00000294203",0.587833808896475,0.231873078470348,0.794751502283748,0.392506030619509,0.99988016650531
"ENSG00000169992",-0.539533386986213,0.959843532941879,0.794325384903534,0.392527136711079,0.99988016650531
"ENSG00000102053",0.250918873092379,4.33579082516245,0.793812843946509,0.392648481600494,0.99988016650531
"ENSG00000114166",-0.21659916844761,4.44019463376823,0.793673649802236,0.392688523847068,0.99988016650531
"ENSG00000308977",0.52202980366734,0.405124120251647,0.793909175800189,0.392689074394951,0.99988016650531
"ENSG00000154144",-0.135000114129062,6.27249869143374,0.793483471286228,0.392742954672188,0.99988016650531
"ENSG00000180921",0.198241514506832,3.87441169167407,0.792851734736977,0.392925354603109,0.99988016650531
"ENSG00000137996",0.140303268284169,6.11250050872232,0.792497695584825,0.393026864152212,0.99988016650531
"ENSG00000285679",0.208413784691301,3.94883281079638,0.792476169923748,0.393033465607406,0.99988016650531
"ENSG00000160345",0.464168319955641,1.10049620241879,0.792548117666385,0.393045832584945,0.99988016650531
"ENSG00000279641",0.933754493739143,0.299336969070954,0.791842160031013,0.393168058724595,0.99988016650531
"ENSG00000106635",-0.200384357552079,5.67442912552047,0.79200547802205,0.393168754521991,0.99988016650531
"ENSG00000188800",0.3459346561812,1.27165408753551,0.791939079426575,0.393199036219542,0.99988016650531
"ENSG00000143061",0.271903322623311,3.06767119567865,0.791859873936937,0.393211838992052,0.99988016650531
"ENSG00000143653",0.141784060089574,5.54099938129979,0.791673343535286,0.39326454089703,0.99988016650531
"ENSG00000306101",0.38121479314461,1.2331026855175,0.791542731548663,0.393313936294557,0.99988016650531
"ENSG00000140350",0.143167182730829,8.04487594614741,0.791378944632927,0.393349448102719,0.99988016650531
"ENSG00000291066",-0.496163922112264,0.151983565933067,0.791844323115559,0.393376115424852,0.99988016650531
"ENSG00000164949",-0.321673082256235,1.80869668437777,0.790416163070858,0.393633291961022,0.99988016650531
"ENSG00000287352",0.519000038754295,1.3223323926544,0.790283139456818,0.393676636159161,0.99988016650531
"ENSG00000233360",0.508185072276742,1.66449597113107,0.79020393253608,0.393696669014098,0.99988016650531
"ENSG00000289341",-0.520281972790069,0.57380234059239,0.790368377652462,0.393698439152227,0.99988016650531
"ENSG00000272800",0.332173130035356,2.88131552103119,0.789918053525443,0.393772660698138,0.99988016650531
"ENSG00000111726",-0.126412187542543,5.72452178054159,0.789747760656114,0.393820555378557,0.99988016650531
"ENSG00000222047",0.77953992160185,0.809182358337162,0.78974990759112,0.39387582230051,0.99988016650531
"ENSG00000155085",-0.236298685576899,3.02509430034618,0.788932998141664,0.394057330059866,0.99988016650531
"ENSG00000114316",-0.141330076367194,6.22934060361115,0.788759744456287,0.394106316165606,0.99988016650531
"ENSG00000104356",-0.180823218247845,5.87636258389754,0.788701023324849,0.394123315357652,0.99988016650531
"ENSG00000137992",-0.164457269933237,5.22958338227071,0.788624705010869,0.394145423891332,0.99988016650531
"ENSG00000106244",0.139911646271931,6.32220024709568,0.788470940360152,0.394189908556377,0.99988016650531
"ENSG00000172878",0.213023096489751,3.89376773212712,0.78845034187974,0.394196384228137,0.99988016650531
"ENSG00000121895",-0.495176871341523,0.918748676120013,0.788446242662462,0.394248777063835,0.99988016650531
"ENSG00000186666",-0.284493624157035,2.49685359747548,0.788025020725895,0.394321373036458,0.99988016650531
"ENSG00000009954",0.1458626237772,7.38730022198442,0.78727315537797,0.394536892945332,0.99988016650531
"ENSG00000112218",0.348409114637118,2.56732054250007,0.787068400952592,0.39459848251335,0.99988016650531
"ENSG00000241556",-0.537423661280185,0.669496931717736,0.787164446359213,0.394627149605573,0.99988016650531
"ENSG00000057704",0.63034138806193,1.14549359381586,0.786966396792644,0.394642756642675,0.99988016650531
"ENSG00000118513",0.202018012115456,6.26547286284538,0.786649561686655,0.39471774167213,0.99988016650531
"ENSG00000183762",0.363316871439261,3.73184782139577,0.786564495544301,0.394742925383038,0.99988016650531
"ENSG00000257636",0.506671267326362,0.490332258091149,0.786732301020953,0.394769652633783,0.99988016650531
"ENSG00000165025",-0.157108838166167,7.44744340265646,0.786438840572382,0.394778869072555,0.99988016650531
"ENSG00000185022",-0.184747725863161,3.86380999876953,0.786166770986031,0.394858304890272,0.99988016650531
"ENSG00000112851",-0.145296464822571,7.1842177097901,0.786142269723961,0.394864939665752,0.99988016650531
"ENSG00000295487",-0.270457862346985,2.46200587711482,0.786072845110023,0.394887312507122,0.99988016650531
"ENSG00000268189",0.397884008067855,1.33985377166948,0.786098865102472,0.394889890233237,0.99988016650531
"ENSG00000120685",-0.209117973011074,4.30685858484279,0.785988439844555,0.394909927983715,0.99988016650531
"ENSG00000112787",0.144010533866988,5.36077987552397,0.785799125364126,0.394964589070478,0.99988016650531
"ENSG00000154262",-0.388397938060101,1.24863554796377,0.785779330378811,0.394982285027659,0.99988016650531
"ENSG00000305129",0.405717837650221,2.05909081094541,0.785658351859365,0.39500859640745,0.99988016650531
"ENSG00000141519",0.501758277236044,1.06666872371756,0.785663980625617,0.395018850839418,0.99988016650531
"ENSG00000128159",0.312441463894969,2.66818556725826,0.785372579145695,0.395090113022187,0.99988016650531
"ENSG00000135211",-0.253828797358985,4.39385878265622,0.784780548855713,0.395260841047569,0.99988016650531
"ENSG00000144659",0.165487904514512,4.36394721541411,0.784460775057738,0.395353818546489,0.99988016650531
"ENSG00000268061",-0.359323272722877,2.00651907364742,0.78441596927528,0.395370717166238,0.99988016650531
"ENSG00000170293",0.365530426113248,2.78269418074527,0.784344410605556,0.395388735095035,0.99988016650531
"ENSG00000129151",-0.477234938719114,0.758243155527365,0.784481564229541,0.395399709810717,0.99988016650531
"ENSG00000105499",-0.148175687947937,5.49769103895564,0.783911034757766,0.395513438766023,0.99988016650531
"ENSG00000265739",0.467504818313971,1.22129660477116,0.783802874219165,0.395563121200035,0.99988016650531
"ENSG00000165688",-0.140930011822996,5.15635362261389,0.783740076370556,0.395563305339018,0.99988016650531
"ENSG00000300507",0.749080804887541,-0.134248188344376,0.782208646071434,0.395621824472015,0.99988016650531
"ENSG00000140931",0.15592172128742,6.2171182729243,0.783421124415077,0.395656037286015,0.99988016650531
"ENSG00000186074",0.254793743236753,3.64694110293718,0.783111995456894,0.395746725798135,0.99988016650531
"ENSG00000289045",-0.345666727621455,1.36316980670251,0.782974173550893,0.395798557396298,0.99988016650531
"ENSG00000143774",-0.1536226853702,6.78648448356393,0.78290354130427,0.395806784802707,0.99988016650531
"ENSG00000072042",0.405266897427705,1.96740151633206,0.782786641103247,0.395844812293551,0.99988016650531
"ENSG00000130758",0.357130525616969,1.49096843836317,0.782659544599295,0.39588543613511,0.99988016650531
"ENSG00000088387",-0.165878899755436,4.10375016020093,0.78238618465324,0.395957950239453,0.99988016650531
"ENSG00000160883",0.561433933885448,1.46493964745995,0.782132784941943,0.396052303446779,0.99988016650531
"ENSG00000293141",0.247595278207393,3.14584259234355,0.782062106973401,0.396053129193304,0.99988016650531
"ENSG00000143033",0.137585028313843,6.79271943324352,0.781890152518567,0.396102204169615,0.99988016650531
"ENSG00000148606",-0.163861692505969,4.79323182846597,0.781887625974723,0.396103191914534,0.99988016650531
"ENSG00000307003",0.423255500985479,1.22631768951817,0.781934968085541,0.396105914694945,0.99988016650531
"ENSG00000164576",0.213347595501826,3.84000908299765,0.781468486444727,0.396225748787956,0.99988016650531
"ENSG00000101079",0.273929902353605,3.67809158720715,0.780815615968209,0.396416389598726,0.99988016650531
"ENSG00000135070",0.213057850046088,3.87630848928734,0.779930773394867,0.3966748714674,0.99988016650531
"ENSG00000169446",-0.189595157420792,4.59581524761894,0.779661177661152,0.39675349507508,0.99988016650531
"ENSG00000099899",0.184694620885296,4.43146085237727,0.779189360250563,0.396891537476132,0.99988016650531
"ENSG00000068615",-0.517242998588955,0.224710292910599,0.779507611701104,0.396915044113895,0.99988016650531
"ENSG00000155368",-0.157335499568877,8.46609579101681,0.779016308655938,0.396941848543043,0.99988016650531
"ENSG00000250917",0.235621954188064,3.28506126635829,0.778938396690563,0.396965546230298,0.99988016650531
"ENSG00000142627",0.637310728409561,1.18382310718169,0.778660202921287,0.397060589340566,0.99988016650531
"ENSG00000300273",0.423817263697423,1.0229975416978,0.778647965456615,0.397071846985713,0.99988016650531
"ENSG00000275793",0.462145727697785,1.11601834330263,0.778281104344943,0.397180120381494,0.99988016650531
"ENSG00000117791",0.517516459692102,1.59937535111738,0.77805293614027,0.397231585374854,0.99988016650531
"ENSG00000163406",0.225242219139469,4.08723504242771,0.777791387354352,0.397300997703808,0.99988016650531
"ENSG00000181982",0.310907837769183,2.8345357085919,0.777711290812027,0.397325628433177,0.99988016650531
"ENSG00000276728",-0.471429755602451,1.3491510014282,0.777696701825564,0.39733998018461,0.99988016650531
"ENSG00000077254",-0.154661522901233,5.86936127032779,0.777304099367586,0.397443437748183,0.99988016650531
"ENSG00000308823",-0.56089663412271,0.598279998532043,0.777177342912209,0.397536535075592,0.99988016650531
"ENSG00000132664",0.275291665652492,2.83107403013942,0.776941691322538,0.397551118820182,0.99988016650531
"ENSG00000184207",0.17116274149585,5.90391241102185,0.77689054151248,0.397564736910471,0.99988016650531
"ENSG00000227016",-0.396786541240587,2.4513415533459,0.776723886623968,0.39761692448773,0.99988016650531
"ENSG00000166831",-0.494776920901439,0.538891768479767,0.776896180390047,0.397629561970951,0.99988016650531
"ENSG00000119715",0.330542224896453,1.88781522828259,0.776387626977306,0.397716466371503,0.99988016650531
"ENSG00000147439",-0.150153961221364,5.87357473602431,0.776228738950033,0.397758961433641,0.99988016650531
"ENSG00000168887",-0.168053045585463,4.38578155086005,0.775948547631927,0.397841556353571,0.99988016650531
"ENSG00000105374",0.183560576401835,4.5028086513818,0.775712772777473,0.397910775255042,0.99988016650531
"ENSG00000152404",-0.195303890070396,4.80300628685692,0.775701067597887,0.397914169652352,0.99988016650531
"ENSG00000249364",-0.563383164427182,0.390587019603513,0.775867756993104,0.397965131314162,0.99988016650531
"ENSG00000171680",0.80768824430228,1.00479801177574,0.775577222060521,0.397966598200783,0.99988016650531
"ENSG00000083817",-0.339253949690095,1.90415054347287,0.775237598612782,0.398056553540831,0.99988016650531
"ENSG00000203485",0.170832606306394,4.89352377863385,0.774914613143664,0.398145240283854,0.99988016650531
"ENSG00000273456",-0.54552015584832,0.324388196016447,0.775250900336053,0.398184637816597,0.99988016650531
"ENSG00000079950",-0.181984325673293,5.07429521714989,0.774683392433211,0.398213093979314,0.99988016650531
"ENSG00000179532",0.173607346001777,4.05449311728318,0.77452500570424,0.398260004077201,0.99988016650531
"ENSG00000127928",1.081079369077,0.997043498500128,0.774377327233682,0.398288272745423,0.99988016650531
"ENSG00000279073",0.720783336491634,0.662800265568885,0.774615893311632,0.398290795269549,0.99988016650531
"ENSG00000101811",0.164401659905922,4.62242225855132,0.773477996400806,0.39856812241391,0.99988016650531
"ENSG00000307746",0.406510621709589,0.987417228804313,0.773558229840186,0.398568773932879,0.99988016650531
"ENSG00000163558",0.15946603945994,4.71278136661033,0.77339169733917,0.398593512291365,0.99988016650531
"ENSG00000130349",0.20703736257308,4.08330646046595,0.773357406112129,0.398603744158074,0.99988016650531
"ENSG00000188343",0.180554271708782,3.96984749641879,0.77307432032506,0.398687221336686,0.99988016650531
"ENSG00000131899",0.51600686100585,0.814690256359568,0.772929811495457,0.39876683239668,0.99988016650531
"ENSG00000152642",0.282738825638068,2.74870854047973,0.772555543961858,0.398841472070814,0.99988016650531
"ENSG00000158286",0.425088545860213,1.865628910663,0.772385806732806,0.398897573970353,0.99988016650531
"ENSG00000204524",0.362078381601178,1.34844781731476,0.772350662758719,0.398910843451243,0.99988016650531
"ENSG00000288838",-0.278281646650192,2.58797643085422,0.772132765564502,0.398966133224735,0.99988016650531
"ENSG00000122592",-0.303824969274188,2.11957751631022,0.772034625671239,0.398997328666403,0.99988016650531
"ENSG00000165527",-0.136485252093381,7.11547377556903,0.771977333152583,0.399010208048439,0.99988016650531
"ENSG00000189266",-0.162259589542603,6.27390291030096,0.771947805250588,0.399018925578766,0.99988016650531
"ENSG00000158156",0.31152497425818,2.34429672503728,0.771780768662992,0.399071133397639,0.99988016650531
"ENSG00000288781",0.407299830042319,1.40161563942371,0.771592542601067,0.399134012923247,0.99988016650531
"ENSG00000133962",0.461438666460327,1.09707996171032,0.771387550865426,0.399198219566872,0.99988016650531
"ENSG00000152359",-0.156515885061331,4.58904117384713,0.771151659528505,0.399254225570923,0.99988016650531
"ENSG00000099956",-0.15744062960319,5.64150667372754,0.770361022142246,0.399487548209329,0.99988016650531
"ENSG00000165704",0.141617720511344,6.26083862034529,0.770283223167808,0.399510535221256,0.99988016650531
"ENSG00000006740",0.399416292483335,2.38218627514773,0.769990437599728,0.399599481637826,0.99988016650531
"ENSG00000282381",0.554785376795545,1.25114867030471,0.769214940321281,0.399841606994306,0.99988016650531
"ENSG00000303851",-0.465658791468631,0.866441114468402,0.769242081790092,0.399843485801895,0.99988016650531
"ENSG00000300303",0.409544380477751,2.26125052498268,0.769031818982812,0.399884047320079,0.99988016650531
"ENSG00000151151",-0.19830438122706,4.90007801194342,0.768948310851549,0.399905643749449,0.99988016650531
"ENSG00000100241",-0.160245745761504,4.62822805345939,0.76886832067776,0.399929427613323,0.99988016650531
"ENSG00000213023",-0.296474208665632,1.92584588446216,0.768881837811961,0.399930065594925,0.99988016650531
"ENSG00000142875",0.197455503876663,5.16773321928912,0.768807651776015,0.399947145798539,0.99988016650531
"ENSG00000185483",0.524898637622889,0.890288049554599,0.768629777671845,0.400056804197501,0.99988016650531
"ENSG00000197121",0.272176973708638,3.05204031439841,0.767851656377872,0.400231433270864,0.99988016650531
"ENSG00000106701",-0.239319900838084,4.73866747380102,0.767843123939376,0.400233123405532,0.99988016650531
"ENSG00000271889",0.242024352364195,3.5791072701442,0.767754946508296,0.400259741287509,0.99988016650531
"ENSG00000025772",0.142494439801023,4.80749488185893,0.767642431885956,0.400292626618985,0.99988016650531
"ENSG00000153132",0.330464800355847,2.94310361138454,0.767631187280036,0.40029706770916,0.99988016650531
"ENSG00000148110",-0.127625516538184,6.45441291478441,0.767467214577558,0.400344362337253,0.99988016650531
"ENSG00000120594",0.180939918137516,8.06273937343942,0.767434143113553,0.400354165692844,0.99988016650531
"ENSG00000197566",0.412319149803155,1.32192923712705,0.767438504290967,0.400363535375319,0.99988016650531
"ENSG00000110344",0.151349428896775,5.94028299673583,0.767019594648485,0.400477160209282,0.99988016650531
"ENSG00000124486",-0.129890067972473,6.53605813939268,0.76695965363585,0.400494941740096,0.99988016650531
"ENSG00000120129",-0.223778676408207,3.9554525102464,0.766856642916364,0.400525962542998,0.99988016650531
"ENSG00000097096",0.355028052317578,2.45310642424117,0.766773367558937,0.400552494817189,0.99988016650531
"ENSG00000112701",-0.161667197819737,7.21419160204563,0.766208406998509,0.400717978165293,0.99988016650531
"ENSG00000184984",-0.493665724532573,0.594485905563681,0.76626172345585,0.400750708232333,0.99988016650531
"ENSG00000298294",-0.259048076294173,2.43869911234011,0.765908106364714,0.400809450963221,0.99988016650531
"ENSG00000132849",-0.218290042471148,3.87417031153308,0.765722724977098,0.400862793187725,0.99988016650531
"ENSG00000068438",0.190251657113705,4.25200844703553,0.765561379594886,0.40091056982177,0.99988016650531
"ENSG00000288109",0.308184003890761,1.72625500487594,0.765446888319563,0.400950435950152,0.99988016650531
"ENSG00000249593",0.548343247527265,0.800881422154256,0.765515521928001,0.400950619141481,0.99988016650531
"ENSG00000164430",-0.146705333669923,6.35372139860813,0.765071431830294,0.401055912129446,0.99988016650531
"ENSG00000100403",-0.151066512368607,5.30322437388165,0.764765893019221,0.401146823423224,0.99988016650531
"ENSG00000172939",-0.138840657072916,5.54236873785931,0.764632367719957,0.40118654232397,0.99988016650531
"ENSG00000172594",-0.217888399116941,3.15616971663906,0.76462142846827,0.401190732109029,0.99988016650531
"ENSG00000183765",0.168018874807172,4.9877931199506,0.764479298222077,0.401232261044782,0.99988016650531
"ENSG00000089195",0.198770257675097,3.99998051801364,0.764463255684215,0.401237247888427,0.99988016650531
"ENSG00000141314",-0.650790571678314,0.0601766764682542,0.764770291440887,0.401298161226574,0.99988016650531
"ENSG00000198598",0.255544826483772,3.63385999321292,0.763962603280739,0.401386549484939,0.99988016650531
"ENSG00000272908",0.324683038259934,2.32272632957964,0.763962414955997,0.401388890952755,0.99988016650531
"ENSG00000184005",0.42311955464228,3.10228658631022,0.763868600606897,0.401414921404587,0.99988016650531
"ENSG00000160014",-0.176769291671527,7.45690719692329,0.763698257676576,0.401464636485186,0.99988016650531
"ENSG00000102007",0.235354671895996,4.60105740216188,0.763168458916998,0.401622801787982,0.99988016650531
"ENSG00000236591",-0.420118075621293,1.16382157611177,0.763097480284281,0.401656271326761,0.99988016650531
"ENSG00000257557",-0.429622560251786,1.85160601287455,0.762501846251388,0.401826777474711,0.99988016650531
"ENSG00000237819",0.217524502752631,3.69211605173626,0.76224528764122,0.401898538596924,0.99988016650531
"ENSG00000112473",-0.136513041776696,5.67012794714048,0.761935046253852,0.401990436741925,0.99988016650531
"ENSG00000148660",0.362336032498337,4.26110926704471,0.76192456842842,0.40199388422621,0.99988016650531
"ENSG00000066827",-0.199143232003537,4.09761050176674,0.761889259828806,0.402004459598848,0.99988016650531
"ENSG00000187098",-0.194753789161721,4.17136960516658,0.761700276177167,0.402060836350023,0.99988016650531
"ENSG00000119446",-0.17704020716063,4.12942164418118,0.761581700613071,0.40209627678121,0.99988016650531
"ENSG00000148450",0.20739700110621,5.65978079169717,0.761462686365432,0.402131477359047,0.99988016650531
"ENSG00000236493",0.481276213884802,0.436978278840512,0.761627374704448,0.402140405505453,0.99988016650531
"ENSG00000243276",0.316442439758904,3.74661978190008,0.760580343499163,0.40239566862002,0.99988016650531
"ENSG00000150636",-0.248105154725711,3.08192478178241,0.760462609220849,0.402431389058599,0.99988016650531
"ENSG00000175449",0.527897564155407,0.265132287178324,0.760735301368869,0.402444862436793,0.99988016650531
"ENSG00000135930",-0.15336851981955,6.58151615064456,0.760413995927413,0.402444867154452,0.99988016650531
"ENSG00000186222",-0.174039734248301,5.26436934312707,0.760287013989,0.402482866179397,0.99988016650531
"ENSG00000244625",-0.179353648458312,3.70653313386183,0.760169334822124,0.402518608590774,0.99988016650531
"ENSG00000145868",0.178820769590427,4.3000632487508,0.759926120363429,0.402591123323174,0.99988016650531
"ENSG00000181220",0.164626098406543,4.19321463758571,0.759863384176571,0.402609906076069,0.99988016650531
"ENSG00000223874",0.34059190953451,5.12434281339697,0.759573430301743,0.402696371245263,0.99988016650531
"ENSG00000160055",0.376262429480974,1.71834895503638,0.759518212617845,0.402719907202347,0.99988016650531
"ENSG00000155846",-0.185682433836499,5.21135262559201,0.759477798549061,0.40272500024603,0.99988016650531
"ENSG00000134698",0.131839255955102,5.34027456886231,0.75945425196165,0.402732048367213,0.99988016650531
"ENSG00000231527",0.271652544560232,3.26280436384177,0.75929522769561,0.402780591153163,0.99988016650531
"ENSG00000104660",-0.142135226782549,6.08664356886893,0.759245484828083,0.402794535100089,0.99988016650531
"ENSG00000115306",0.241723667299636,4.2188635110923,0.759018472451635,0.402862858910573,0.99988016650531
"ENSG00000106066",0.223437842075115,4.10984164236689,0.759010232358944,0.40286533717277,0.99988016650531
"ENSG00000204514",0.374675897801944,2.8825033523787,0.758957618977358,0.40288211588818,0.99988016650531
"ENSG00000174840",0.1413232600102,5.69737799086605,0.758869941387301,0.402907019964674,0.99988016650531
"ENSG00000100941",0.160432528827349,7.2878183927502,0.758716148265815,0.402953082166237,0.99988016650531
"ENSG00000183401",0.304841848686106,2.43122525662374,0.75863080429762,0.402980753607019,0.99988016650531
"ENSG00000168872",0.150343311619491,4.51720664475215,0.758545011998566,0.403004659807711,0.99988016650531
"ENSG00000198863",-0.150845067485625,4.57068137764617,0.758138333417911,0.403126563303723,0.99988016650531
"ENSG00000093167",-0.168182813164117,6.2295376326673,0.758078297535151,0.40314427719842,0.99988016650531
"ENSG00000300026",-0.143487861565264,4.6247970943181,0.757914405835184,0.403193705791142,0.99988016650531
"ENSG00000247679",-0.431510308372262,1.71397992892955,0.75786625081738,0.40321404746375,0.99988016650531
"ENSG00000103599",0.650912912844921,1.48450163853886,0.757866502993617,0.403215334113607,0.99988016650531
"ENSG00000260916",-0.345269874318278,1.71748362995008,0.757403614554717,0.403352518229228,0.99988016650531
"ENSG00000145050",-0.240014192433182,7.38696589015488,0.757021004618179,0.403461499149995,0.99988016650531
"ENSG00000173264",-0.18113011368922,3.92508863413754,0.756715992531375,0.403553525299523,0.99988016650531
"ENSG00000135622",0.575065438711007,0.986869686599956,0.756505568558086,0.403634442216358,0.99988016650531
"ENSG00000090060",-0.140397891084586,7.36364707581764,0.756337345753187,0.403666831663408,0.99988016650531
"ENSG00000110237",-0.303506930505747,2.62117718707599,0.756310774069795,0.403676768547876,0.99988016650531
"ENSG00000142208",0.165726850579504,6.82862985506618,0.755827927715016,0.403819941008831,0.99988016650531
"ENSG00000139116",0.191283112995595,3.54701481490612,0.755803247372521,0.403827979703322,0.99988016650531
"ENSG00000138674",-0.119679795093172,6.51161181624246,0.755754917204491,0.403841893606247,0.99988016650531
"ENSG00000146433",0.14377244009731,5.42090389238874,0.755620373741735,0.403882367890591,0.99988016650531
"ENSG00000308075",-0.317446233076751,2.27205649801374,0.755551697804547,0.403905938614939,0.99988016650531
"ENSG00000276449",0.620678796519756,0.852077071161554,0.7555296835145,0.403931365752228,0.99988016650531
"ENSG00000118680",-0.212180808629716,7.86224567440603,0.755420524102372,0.403942450744802,0.99988016650531
"ENSG00000306533",-0.582942811621212,0.860674496492352,0.755430742625131,0.403984383331871,0.99988016650531
"ENSG00000103351",0.276346261905435,3.44075104407678,0.754816541960142,0.40412495205902,0.99988016650531
"ENSG00000260742",-0.500947696320261,0.69736692526491,0.7545399467103,0.40424936879203,0.99988016650531
"ENSG00000307336",-0.640881384736815,0.247548037637482,0.75436437476733,0.404379705275906,0.99988016650531
"ENSG00000271254",0.21254952447454,3.50827887690013,0.753803594422908,0.404429909270365,0.99988016650531
"ENSG00000138756",-0.176948183316679,7.64286204920179,0.753614063219274,0.404486386777805,0.99988016650531
"ENSG00000003096",0.521897265274013,1.78108595058671,0.753484706223672,0.404532822325495,0.99988016650531
"ENSG00000251598",-0.414132959528381,0.657978227622899,0.753525767537192,0.404551646627137,0.99988016650531
"ENSG00000184517",0.295808352898868,2.23008047808832,0.753169203592782,0.404623382446635,0.99988016650531
"ENSG00000291118",0.197849925454326,5.0970373478816,0.753031406031863,0.404662134618952,0.99988016650531
"ENSG00000102743",0.181488979847685,4.18649629799226,0.752686496101939,0.404766514090167,0.99988016650531
"ENSG00000188404",-0.50193542691546,0.557048809599471,0.752765386378059,0.404817092408255,0.99988016650531
"ENSG00000212864",0.650107274408685,1.39590315721014,0.752515473081805,0.404829134674227,0.99988016650531
"ENSG00000172340",0.152511806033421,6.38335004049088,0.752383572024564,0.404857561362742,0.99988016650531
"ENSG00000267475",-0.352092052797884,1.59011437538998,0.752389365391075,0.404864996571431,0.99988016650531
"ENSG00000128881",0.173634854248957,4.77200651632837,0.752097656029248,0.404944128987124,0.99988016650531
"ENSG00000152208",0.438357999002375,1.26144531410986,0.752114419423177,0.404951409131916,0.99988016650531
"ENSG00000165660",-0.13055508073263,5.57090155749836,0.751615083639007,0.405089655569958,0.99988016650531
"ENSG00000234917",-0.490789434384546,0.658329352132802,0.751780757150998,0.405107155737705,0.99988016650531
"ENSG00000248927",-0.433415824830952,1.07002459458151,0.751610150443343,0.405117417027803,0.99988016650531
"ENSG00000118007",0.146128873339164,6.80453148547386,0.751289623471351,0.405187991592029,0.99988016650531
"ENSG00000139737",0.227363324177938,2.95870197321375,0.75128597734382,0.405190508490534,0.99988016650531
"ENSG00000171103",0.191459006747381,4.20572745642931,0.75126236847673,0.405196576603173,0.99988016650531
"ENSG00000176728",0.149486084037982,6.70636695909674,0.75123163454946,0.405205520075518,0.99988016650531
"ENSG00000204271",0.238076852889642,3.16367433147924,0.751146256843143,0.405232297963086,0.99988016650531
"ENSG00000148400",0.178615868157676,6.93063811218858,0.75108361980089,0.405250263111946,0.99988016650531
"ENSG00000233381",0.487337693946447,0.696647706111121,0.750507485218944,0.405459005214607,0.99988016650531
"ENSG00000198918",-0.156689822497278,9.75477704247023,0.749897904315891,0.40560897988792,0.99988016650531
"ENSG00000310385",0.256335480278382,5.40461013848381,0.749783153355459,0.405643747665624,0.99988016650531
"ENSG00000245614",0.455999655064646,1.9391807733442,0.749372360956728,0.405773850902855,0.99988016650531
"ENSG00000072736",0.166980177228029,5.90581143126298,0.749307767964207,0.405787715543157,0.99988016650531
"ENSG00000130054",0.827703845689306,0.110578783013438,0.749729054873826,0.405791974346358,0.99988016650531
"ENSG00000210144",0.361905842163227,1.62831681767407,0.749192815698868,0.405829644125088,0.99988016650531
"ENSG00000305563",-0.570265991881479,0.626641147145372,0.749247928636365,0.405850911501014,0.99988016650531
"ENSG00000170779",-0.201715789358374,6.15709212036923,0.7490841937757,0.405855453771472,0.99988016650531
"ENSG00000131435",0.258705011126311,3.73585005366827,0.748966182629366,0.40589174864796,0.99988016650531
"ENSG00000138640",-0.321882233340024,2.69501926415399,0.748154057319743,0.406139095965754,0.99988016650531
"ENSG00000113657",0.656041011790145,0.792775369715871,0.748209494227288,0.406157818878549,0.99988016650531
"ENSG00000285646",-0.32490913517252,1.39013454468666,0.747800951179291,0.406257715425068,0.99988016650531
"ENSG00000154856",-0.588034312429608,0.307601249581363,0.747964167584854,0.406278501540747,0.99988016650531
"ENSG00000204304",-0.276630931931275,2.50532522405349,0.747416315999997,0.406363473642391,0.99988016650531
"ENSG00000106399",0.167871830449594,5.04310133138034,0.747371495391208,0.406375156920088,0.99988016650531
"ENSG00000159873",0.17473646374497,4.05838733478393,0.747293647123014,0.406398983953195,0.99988016650531
"ENSG00000261879",0.404452895201467,1.52134475103449,0.747282369959573,0.406409650859604,0.99988016650531
"ENSG00000293498",-0.316680260824062,3.42916900254895,0.746930943282452,0.406509455202401,0.99988016650531
"ENSG00000166887",-0.152133111309639,4.78195387942186,0.74685740404842,0.406531376197667,0.99988016650531
"ENSG00000299935",0.613187962684957,0.2547938003589,0.746626340066533,0.406682821078258,0.99988016650531
"ENSG00000178458",-0.151723829512198,6.15959885239615,0.746296626278757,0.406701577139788,0.99988016650531
"ENSG00000173875",-0.136367856861765,4.91079522244746,0.746224596718382,0.40672365527664,0.99988016650531
"ENSG00000270986",-0.440364794659325,0.951666515264948,0.745943818652511,0.406828238799043,0.99988016650531
"ENSG00000069020",0.207185582906244,6.1029284011748,0.745816891116595,0.40684747186766,0.99988016650531
"ENSG00000188070",0.283221819359825,2.63097701788273,0.745562880158159,0.406926484877835,0.99988016650531
"ENSG00000107771",-0.153124018985059,4.70443664183465,0.745391027663214,0.406977297953525,0.99988016650531
"ENSG00000119487",0.143208135307745,6.74342557668589,0.745129552142214,0.407056646343384,0.99988016650531
"ENSG00000035115",0.194708153130839,3.95411654375137,0.744426434184733,0.40727126566751,0.99988016650531
"ENSG00000167384",-0.207789174435255,3.29253678753672,0.744274380045132,0.407318059213056,0.99988016650531
"ENSG00000132003",0.218108148661129,4.95816897702162,0.744266706650832,0.407319510045983,0.99988016650531
"ENSG00000130021",0.167659822778151,4.71043428700142,0.744194126523879,0.40734186678882,0.99988016650531
"ENSG00000164920",0.421418517472297,1.73454631769482,0.744317797937944,0.407342064125365,0.99988016650531
"ENSG00000117479",-0.254451058932984,2.92568418509193,0.744029660587204,0.407392970364304,0.99988016650531
"ENSG00000230979",-0.217689754349625,4.89205956112211,0.743994174340546,0.407402817322336,0.99988016650531
"ENSG00000291087",0.227036215005318,3.21081336164432,0.743992062345782,0.407404023116656,0.99988016650531
"ENSG00000187097",0.215048706699927,3.11481847450287,0.743806503308695,0.407460771735869,0.99988016650531
"ENSG00000140299",-0.168156133957968,4.04628660031823,0.743717645947214,0.407487259498404,0.99988016650531
"ENSG00000118473",-0.440596160765452,1.47093063450945,0.743531955722788,0.4075513794385,0.99988016650531
"ENSG00000289850",-0.284728602354385,2.82975282748844,0.743427087186936,0.407576988896963,0.99988016650531
"ENSG00000204745",0.27862444084457,2.62645956550207,0.743334141669196,0.407605641469131,0.99988016650531
"ENSG00000231535",-0.254545685913249,5.00793858012265,0.742850108186403,0.407751649085652,0.99988016650531
"ENSG00000167779",0.433051280822774,1.77370787199174,0.742764370034366,0.407783793072736,0.99988016650531
"ENSG00000168890",0.272691579282451,2.56012754548214,0.742615802447102,0.407825179783821,0.99988016650531
"ENSG00000300040",-0.591516973162126,0.681103395113613,0.742704765583086,0.407835520788644,0.99988016650531
"ENSG00000096060",-0.1816544453143,8.14650786415709,0.742452374797932,0.407873011560795,0.99988016650531
"ENSG00000188763",0.424956985493352,1.47345193035029,0.742206039276857,0.407957694813257,0.99988016650531
"ENSG00000236256",0.304405160410239,3.78266027516734,0.742096972958424,0.407982082090099,0.99988016650531
"ENSG00000160294",-0.151996068868588,6.1036842090361,0.741889183049732,0.408045087232334,0.99988016650531
"ENSG00000198286",0.569361829558494,1.71827446562299,0.741829755790834,0.408070081960774,0.99988016650531
"ENSG00000117305",0.177710225372337,4.28162211515992,0.74160470866536,0.40813234867917,0.99988016650531
"ENSG00000102302",0.610339361443951,0.90704913509127,0.741556695212763,0.408168544809448,0.99988016650531
"ENSG00000080802",-0.148060279813596,6.0090990219997,0.741410350094713,0.408191472706003,0.99988016650531
"ENSG00000176407",-0.128299488344456,6.11523017001239,0.740923260476001,0.408340465002514,0.99988016650531
"ENSG00000250220",-0.200136611219979,5.07337493223719,0.74081754942142,0.408372864171732,0.99988016650531
"ENSG00000087301",0.221111593763669,3.21958770188839,0.740657969089696,0.408422579577375,0.99988016650531
"ENSG00000257556",-0.273688985696741,3.6413702656431,0.740634635084891,0.408429310355374,0.99988016650531
"ENSG00000180425",-0.335825185006009,1.97108701136166,0.740351886969828,0.408520007028966,0.99988016650531
"ENSG00000171365",0.226734713887303,3.83110176988999,0.740309963776292,0.408528636816265,0.99988016650531
"ENSG00000147874",0.15042094922021,5.15813239844812,0.739836675910866,0.40867317122507,0.99988016650531
"ENSG00000161551",0.274513719311115,3.13404570523259,0.73952137997715,0.408770729179858,0.99988016650531
"ENSG00000294600",0.682918155164327,0.0330548998008204,0.739671011977188,0.408866090614329,0.99988016650531
"ENSG00000271780",-0.461752300697304,0.663437260614188,0.738430988319199,0.409146301533949,0.99988016650531
"ENSG00000138942",-0.157561817754926,4.197168073878,0.737939667666443,0.409255308383834,0.99988016650531
"ENSG00000197302",-0.210418428879479,4.35725569268485,0.737863842575476,0.409278574911028,0.99988016650531
"ENSG00000049759",0.160046273697226,5.40217816085819,0.737650296623821,0.40934386724033,0.99988016650531
"ENSG00000260784",0.318280339035228,1.82873679870335,0.737403106894733,0.409424352994277,0.99988016650531
"ENSG00000147454",0.214600325615135,5.60820062164853,0.736701881000991,0.409635349991437,0.99988016650531
"ENSG00000124140",0.445548643354335,1.72455658752121,0.736651521499372,0.409656904268907,0.99988016650531
"ENSG00000293422",0.291575133226419,3.42273328689124,0.736587372962129,0.409671268433943,0.99988016650531
"ENSG00000236140",0.473715487437338,0.707953444394612,0.736639581570486,0.409685387342509,0.99988016650531
"ENSG00000105771",-0.182868679610106,4.63356409229726,0.736497128854892,0.409698580216192,0.99988016650531
"ENSG00000065357",0.333449957302538,2.23754431547019,0.736430335697839,0.409721630411381,0.99988016650531
"ENSG00000198873",-0.261507411867508,2.87589301886429,0.73641886354569,0.409723778003631,0.99988016650531
"ENSG00000204568",0.201713692617201,4.12213137048656,0.736309651650753,0.409756333975723,0.99988016650531
"ENSG00000182511",0.148324266483858,5.46374305036137,0.736184409763795,0.40979453657323,0.99988016650531
"ENSG00000164896",0.127873784095134,5.25802869032499,0.736009717793575,0.40984829956397,0.99988016650531
"ENSG00000015676",0.143078960760613,5.24015007948494,0.735855787142695,0.409895677095522,0.99988016650531
"ENSG00000101493",0.126590086456537,7.15457874836898,0.735413745148135,0.410031755064087,0.99988016650531
"ENSG00000103978",-0.167544790495186,6.70685706983376,0.735413178400535,0.41003193155972,0.99988016650531
"ENSG00000141293",0.543848204844121,1.51760100547984,0.735407922118534,0.410042631196664,0.99988016650531
"ENSG00000120832",0.452171043014594,1.74686557903713,0.73499287642622,0.41016720533045,0.99988016650531
"ENSG00000118162",-0.313758107418036,2.43835490449742,0.734922547593418,0.410185595433454,0.99988016650531
"ENSG00000180245",-0.609068626432801,0.172003463687648,0.735030022967537,0.410262716401715,0.99988016650531
"ENSG00000135363",0.21476461144183,5.97154095687779,0.734635278943444,0.410271634932218,0.99988016650531
"ENSG00000304376",0.415790553682183,1.1686927784358,0.734675006180122,0.410271655065476,0.99988016650531
"ENSG00000118308",-0.165225594922988,4.1663094177809,0.734589429671845,0.41028617054008,0.99988016650531
"ENSG00000293211",-0.417879369178455,0.683761564577872,0.734695697996364,0.410299039363867,0.99988016650531
"ENSG00000165300",0.405615460950699,1.56633193362824,0.734144828757808,0.410433452871065,0.99988016650531
"ENSG00000127603",-0.184891731393779,7.20963435101846,0.733598687940409,0.410591369828089,0.99988016650531
"ENSG00000125354",0.161713064015118,5.25301460624617,0.733448573458045,0.410637758589162,0.99988016650531
"ENSG00000259843",0.55492386167728,0.14757158866089,0.733882882410487,0.410657066259135,0.99988016650531
"ENSG00000244945",0.650550211342734,-0.0258405464231713,0.733791778079116,0.410659879069861,0.99988016650531
"ENSG00000165813",-0.240416541644161,3.73173696104055,0.733125423819962,0.41073800303513,0.99988016650531
"ENSG00000123096",-0.313531188709303,2.22546306761086,0.732894815812505,0.410811597618116,0.99988016650531
"ENSG00000188825",-0.260205873308184,3.51365421845335,0.732305308221109,0.410991546999916,0.99988016650531
"ENSG00000180318",0.422717308844082,0.912319797097934,0.732286132484252,0.411040918316189,0.99988016650531
"ENSG00000169902",0.162658092949604,4.01726258873723,0.73202596277891,0.41107760342895,0.99988016650531
"ENSG00000105204",0.506775490391439,0.331939944801943,0.732346279947224,0.411087317935818,0.99988016650531
"ENSG00000254254",0.829402949356955,0.0456541068513653,0.732232755820259,0.411164295658622,0.99988016650531
"ENSG00000197021",-0.188779760223976,3.65777129727592,0.731725171898819,0.411170871589791,0.99988016650531
"ENSG00000109805",0.174218646116013,4.39412917464623,0.731549419841559,0.411224981668823,0.99988016650531
"ENSG00000164181",0.400244622467479,1.00297825329204,0.731309448187952,0.411319213629588,0.99988016650531
"ENSG00000266962",-0.247881117288128,2.60018534052879,0.730830931497826,0.411449017328287,0.99988016650531
"ENSG00000128829",0.133322372260718,5.81009471702455,0.730617055430781,0.411513308359199,0.99988016650531
"ENSG00000127884",0.148765549309151,5.69258082618316,0.730501066195246,0.411549244236263,0.99988016650531
"ENSG00000167967",-0.163073997301566,3.88255166531248,0.730448786415171,0.411565917758409,0.99988016650531
"ENSG00000197044",0.300904982834968,2.18413035963129,0.73023396960705,0.411635411193901,0.99988016650531
"ENSG00000132793",0.333864805135432,1.91268087459879,0.729992941453652,0.411711611783716,0.99988016650531
"ENSG00000235828",-0.50485222888728,0.216639493538472,0.730480113265846,0.411731687892987,0.99988016650531
"ENSG00000160305",0.141742066006502,5.53231935562408,0.729898369270453,0.41173602496736,0.99988016650531
"ENSG00000065621",0.484753020070091,0.999368308687264,0.729937391874208,0.411742744593228,0.99988016650531
"ENSG00000226942",0.364557976287085,1.36760727665106,0.729704607061107,0.411807664922714,0.99988016650531
"ENSG00000244198",0.303218139433878,3.06238232920018,0.729566389070793,0.411839994224467,0.99988016650531
"ENSG00000159788",0.244419841890555,4.38043566294513,0.729413631534184,0.411886630737906,0.99988016650531
"ENSG00000184557",-0.152537581105649,6.73595035969523,0.729374411805307,0.411898497647919,0.99988016650531
"ENSG00000170832",0.133196866414597,6.66224507663411,0.729066045420669,0.411994175758308,0.99988016650531
"ENSG00000228427",0.157443565815133,4.64249991331515,0.729005307761452,0.412013296968101,0.99988016650531
"ENSG00000159314",0.152856386004933,4.43265183059294,0.728964244028801,0.412026064230598,0.99988016650531
"ENSG00000111261",0.73756766517426,0.405045226588013,0.728978317157272,0.412144419050517,0.99988016650531
"ENSG00000131143",-0.159231103489224,8.87195312283846,0.728434894028568,0.412190110410179,0.99988016650531
"ENSG00000288759",-0.4528995229936,0.425651329461842,0.728542438952176,0.412215611663247,0.99988016650531
"ENSG00000162241",0.556975020338923,0.904096340121303,0.728436936668706,0.412217119955127,0.99988016650531
"ENSG00000198355",-0.157114136407645,7.34177014360718,0.728287552584306,0.412235874648624,0.99988016650531
"ENSG00000163510",-0.140914570497411,5.30663958804896,0.728228082362031,0.412254373968616,0.99988016650531
"ENSG00000285879",0.545013103639409,0.50060685232136,0.728200785459593,0.41231705241567,0.99988016650531
"ENSG00000114480",0.144703669293404,5.99961232879404,0.727811505086739,0.412383795046019,0.99988016650531
"ENSG00000156831",0.14333780189575,7.30935396526513,0.727698172744273,0.412419011751781,0.99988016650531
"ENSG00000196155",0.453845192992843,2.59515502740877,0.727494172457131,0.412484250160474,0.99988016650531
"ENSG00000261758",-0.626300411356984,0.232385244451712,0.727620246027926,0.412575759818825,0.99988016650531
"ENSG00000293795",0.461324447847626,1.13368105495266,0.727137656299368,0.412608950885559,0.99988016650531
"ENSG00000105053",-0.205483198676067,4.43679309214186,0.726537944757527,0.412780210593187,0.99988016650531
"ENSG00000278996",0.571174574201933,11.1252322319623,0.726500009187707,0.412791712733201,0.99988016650531
"ENSG00000168067",0.33161627188564,3.55775365901913,0.726303035278435,0.412853646825607,0.99988016650531
"ENSG00000110422",0.125667909818163,6.98244075210337,0.726038074532963,0.412935548541851,0.99988016650531
"ENSG00000165195",-0.239893934854302,2.77226829545419,0.725942228770452,0.412967027335408,0.99988016650531
"ENSG00000188452",-0.746704041958733,0.385965200964512,0.726196980913213,0.412983519243583,0.99988016650531
"ENSG00000305887",-0.312204888338858,1.48423786594231,0.725787901292776,0.413021939058386,0.99988016650531
"ENSG00000049247",-0.143273857342947,4.32886572024158,0.725710819731771,0.413037802563501,0.99988016650531
"ENSG00000233593",0.523759213930287,1.92724491423279,0.725330974084031,0.413160029500828,0.99988016650531
"ENSG00000271774",-0.428943518174694,2.14155162026761,0.72531677999634,0.413163832201646,0.99988016650531
"ENSG00000175591",-0.210943793800828,3.28143117663484,0.725261274902612,0.413178896709134,0.99988016650531
"ENSG00000160999",0.210256212437508,3.70733574207493,0.724963243080716,0.413271091451958,0.99988016650531
"ENSG00000111846",-0.249955162658136,2.96667092563189,0.724953131133267,0.413274801224144,0.99988016650531
"ENSG00000305126",-0.326214114660565,2.13530838529689,0.724889362751553,0.413296474905924,0.99988016650531
"ENSG00000156804",-0.340737642015504,1.84643223501908,0.724651236279934,0.413373062515215,0.99988016650531
"ENSG00000144744",-0.139048633093328,5.7488269521859,0.724555463032838,0.413397742062482,0.99988016650531
"ENSG00000298390",0.369341227507681,3.31422027078775,0.724555253746415,0.413398586031564,0.99988016650531
"ENSG00000108518",-0.174823714648926,11.2716017316923,0.724471881536101,0.413423808310134,0.99988016650531
"ENSG00000185900",0.148031126011282,5.74278497302262,0.724274218932157,0.413485510261108,0.99988016650531
"ENSG00000182973",0.150082166983056,5.28717101355665,0.72375002083768,0.413649186820447,0.99988016650531
"ENSG00000159450",0.376783382337519,1.96786128099772,0.723722101594127,0.413662393804712,0.99988016650531
"ENSG00000136935",-0.194182289545293,3.48592100260034,0.723706802106487,0.413663411750351,0.99988016650531
"ENSG00000111639",0.149869954361539,5.7543106478809,0.723443254634681,0.41374500106773,0.99988016650531
"ENSG00000227359",-0.40924130505388,1.03102599285991,0.72296708377772,0.413912426723614,0.99988016650531
"ENSG00000140386",0.13506280946375,5.89487497036369,0.722367069218483,0.414081447054355,0.99988016650531
"ENSG00000229111",0.86419350046194,-0.0312794674214196,0.722873459885882,0.414111146562103,0.99988016650531
"ENSG00000137880",0.372630212921024,2.40185765612527,0.722158371442469,0.414149893728993,0.99988016650531
"ENSG00000274840",0.83674367070022,0.958770140549933,0.722289147005688,0.414155591066024,0.99988016650531
"ENSG00000258847",-0.134469497537927,7.81048297862694,0.722081223341276,0.414170874805053,0.99988016650531
"ENSG00000014164",0.14469265697257,5.45304007234341,0.721947504356415,0.414212745786208,0.99988016650531
"ENSG00000128510",-0.612918405566804,0.317668846481156,0.722254690028069,0.414227363820448,0.99988016650531
"ENSG00000164221",-0.182584918256549,4.18700504772974,0.721891961283428,0.41423046666679,0.99988016650531
"ENSG00000160951",0.55736783084193,0.515919785005539,0.721915271370574,0.414258893689567,0.99988016650531
"ENSG00000065609",0.408903396497569,2.12045988314685,0.721804870389091,0.414260109949089,0.99988016650531
"ENSG00000271945",0.355617345612201,3.43786751819209,0.721749516953562,0.414275490683845,0.99988016650531
"ENSG00000167555",-0.278542686988457,2.13030831039945,0.72153079210558,0.414346812615838,0.99988016650531
"ENSG00000115468",0.930281394353455,0.251780165807559,0.72181496843635,0.414366018838898,0.99988016650531
"ENSG00000174013",0.147229233060694,4.77522322202596,0.721455691187722,0.414366931247166,0.99988016650531
"ENSG00000166133",-0.192463198062095,3.79739253185201,0.721385453545594,0.41438922258529,0.99988016650531
"ENSG00000237036",0.371910850829335,2.37771150604281,0.721318110375384,0.414412777255189,0.99988016650531
"ENSG00000106688",0.405760453895889,2.56510358198901,0.721308183551246,0.414415041942213,0.99988016650531
"ENSG00000126602",0.132023321726354,6.57321029934631,0.721130706296213,0.414468507690442,0.99988016650531
"ENSG00000142405",0.794442056781305,1.71703929148495,0.72109481645765,0.414485719507107,0.99988016650531
"ENSG00000260563",-0.364484710093842,1.33450427055894,0.720827775731426,0.414575572838718,0.99988016650531
"ENSG00000204560",0.209167185099985,3.45864002381482,0.720494970191388,0.414668411268235,0.99988016650531
"ENSG00000225342",-0.539053227764347,0.179788525505227,0.720681584847006,0.414733828991733,0.99988016650531
"ENSG00000182185",0.171392793456709,6.994273815378,0.720251583680503,0.414744082104703,0.99988016650531
"ENSG00000133794",-0.183154777180971,4.16767181102304,0.719934778136915,0.414843790381002,0.99988016650531
"ENSG00000109738",-0.394811178652396,0.905190342041021,0.720042191562061,0.414848523723518,0.99988016650531
"ENSG00000196081",0.734255442360011,0.31327700293744,0.720155707496064,0.414900112746304,0.99988016650531
"ENSG00000269292",0.763466901540765,2.78230888708105,0.71960593449326,0.414949309916079,0.99988016650531
"ENSG00000019549",0.547587453670974,0.486812675303377,0.719355254349081,0.415062519179848,0.99988016650531
"ENSG00000215481",0.676336421750555,0.361194235680335,0.719481827964033,0.415066669183378,0.99988016650531
"ENSG00000272325",0.181568445792927,6.11562448551539,0.719162950043087,0.415085746648234,0.99988016650531
"ENSG00000132010",0.535497760204214,0.545822121526695,0.719238130959015,0.415106987880865,0.99988016650531
"ENSG00000177432",0.465827345835228,1.78321513200672,0.718465848819214,0.415309849299486,0.99988016650531
"ENSG00000137103",0.776709296319989,0.345007035053016,0.718359008468121,0.415427138087491,0.99988016650531
"ENSG00000213281",-0.14196375300255,6.91423819789743,0.717727097585719,0.41553705666243,0.99988016650531
"ENSG00000167770",-0.179697521933197,6.26265950186954,0.717559636813727,0.415589748829991,0.99988016650531
"ENSG00000104953",-0.526246709174129,0.617293154044493,0.717721435968219,0.415600091206538,0.99988016650531
"ENSG00000255839",0.510626415324678,1.38591617145512,0.717545789469208,0.415605619740697,0.99988016650531
"ENSG00000117592",-0.140125686436361,8.30927127577411,0.71744424967527,0.415626051305982,0.99988016650531
"ENSG00000178502",0.59387894827857,0.358155202855578,0.717608922259208,0.415652268497855,0.99988016650531
"ENSG00000308759",-0.154337531055915,4.78372101535918,0.717326873524194,0.415663214329022,0.99988016650531
"ENSG00000288891",0.142832090543336,6.20097388759429,0.717032917933064,0.415755537326859,0.99988016650531
"ENSG00000198252",-0.142793628274276,4.74956747039529,0.716980813984636,0.415772185214287,0.99988016650531
"ENSG00000151576",-0.152735219514966,5.08275805990713,0.716964444064313,0.415777149674488,0.99988016650531
"ENSG00000173436",-0.278231079233188,3.07157296195017,0.716951163024946,0.415782296047658,0.99988016650531
"ENSG00000247853",0.516760353656724,2.05333391598596,0.716739689676673,0.415852066840609,0.99988016650531
"ENSG00000188878",0.423337444315781,1.36471504357656,0.716711420017767,0.415867216010696,0.99988016650531
"ENSG00000130377",-0.387893465727825,0.985102275558999,0.716774761245412,0.415875893722284,0.99988016650531
"ENSG00000171004",0.445653411315203,2.25769689004031,0.716659930224935,0.415875933008683,0.99988016650531
"ENSG00000100453",0.384464244981986,5.36630541229967,0.716557670808662,0.41590525368601,0.99988016650531
"ENSG00000094914",0.177015973352345,4.2967638185596,0.716233384750951,0.416007715761716,0.99988016650531
"ENSG00000058056",-0.189425860591372,3.79478098604184,0.716187729006976,0.416022300392117,0.99988016650531
"ENSG00000149948",0.465263727557792,3.1299000236608,0.716165806434692,0.416029780298682,0.99988016650531
"ENSG00000227462",-0.481172905031157,0.307272246350388,0.716210004547388,0.416106781439759,0.99988016650531
"ENSG00000231817",0.486348683300217,0.801442109497695,0.715509875946066,0.416275758318202,0.99988016650531
"ENSG00000115828",-0.150244776162145,5.91145170944054,0.715379103069154,0.416276775786504,0.99988016650531
"ENSG00000295499",0.664793968728873,0.0977196280551615,0.715867950043006,0.416282623566512,0.99988016650531
"ENSG00000166664",0.461641013380011,1.23414991646718,0.715275579642188,0.416325009587217,0.99988016650531
"ENSG00000173588",0.193796275562475,4.83921229471962,0.71506517990341,0.416376003975296,0.99988016650531
"ENSG00000283782",-0.45747910931711,1.42745988931859,0.715042674806719,0.416393637105703,0.99988016650531
"ENSG00000179933",-0.188433509311091,5.43521064497733,0.714976972315513,0.41640368774592,0.99988016650531
"ENSG00000131263",-0.139148858749552,5.60575367502233,0.714857249815594,0.416441473588387,0.99988016650531
"ENSG00000275464",-0.174080248071425,3.92726304179889,0.714820779000439,0.416453419535475,0.99988016650531
"ENSG00000138768",-0.145342010615152,6.14764824415315,0.714669765493705,0.41650065720654,0.99988016650531
"ENSG00000288743",0.315299717305617,1.95635756175588,0.714459282917138,0.416571567541204,0.99988016650531
"ENSG00000075188",0.137539563952166,5.343346154601,0.714396887730493,0.41658685537101,0.99988016650531
"ENSG00000298809",0.34094680751736,2.10845740079052,0.714340171021658,0.416608593885397,0.99988016650531
"ENSG00000257365",-0.299074733562153,2.76313640898371,0.714184276485115,0.416655600259462,0.99988016650531
"ENSG00000064607",0.131701726230803,6.81647918011934,0.714027891132737,0.416703408445569,0.99988016650531
"ENSG00000126767",-0.177486811642311,3.57169819101434,0.713963087093737,0.416724477517395,0.99988016650531
"ENSG00000233913",-0.184690805426174,4.67671399442225,0.713783768882506,0.416780844924137,0.99988016650531
"ENSG00000165507",-0.280906723959834,2.9723660635004,0.713658519824809,0.416821182361887,0.99988016650531
"ENSG00000286072",0.779945336019305,0.00953051181273775,0.711988470307959,0.416837787279713,0.99988016650531
"ENSG00000038382",0.204381279413057,3.45619507531702,0.713467337094111,0.416881250212959,0.99988016650531
"ENSG00000166450",0.460048547355812,1.76804254943646,0.713401168720066,0.416906635446158,0.99988016650531
"ENSG00000245768",0.772648765958886,1.73479417322267,0.712926996405589,0.417062279872824,0.99988016650531
"ENSG00000198373",0.134463207195292,5.72509837371075,0.712722126028792,0.4171163748945,0.99988016650531
"ENSG00000286039",0.366304420855922,2.43427903162224,0.712545685331281,0.417174770360259,0.99988016650531
"ENSG00000152270",-0.158118829446818,6.73488499977728,0.712445794185655,0.417203839298045,0.99988016650531
"ENSG00000075914",0.210680987022072,3.36627648489155,0.712421444451123,0.417212320808973,0.99988016650531
"ENSG00000178660",-0.361439141873875,1.46638660131579,0.712337606063852,0.417247923481986,0.99988016650531
"ENSG00000136908",0.185785702814209,4.33943686415455,0.711838919860159,0.417396376447008,0.99988016650531
"ENSG00000108510",-0.141787518486877,6.9860133029931,0.711778194546772,0.417415293869598,0.99988016650531
"ENSG00000272010",0.824126282543068,0.262314738252313,0.712048107528653,0.417421953217904,0.99988016650531
"ENSG00000183474",0.135278374752572,5.40897541994809,0.711730970847359,0.417430278776376,0.99988016650531
"ENSG00000259118",0.387930869947956,1.17085413231152,0.711623080740586,0.417494296308903,0.99988016650531
"ENSG00000151881",-0.156866859619472,5.03402303558077,0.711369129565807,0.417545031463387,0.99988016650531
"ENSG00000072210",0.226569834421972,3.06017478008391,0.711350785860572,0.417551830693756,0.99988016650531
"ENSG00000100075",0.18087211412418,5.23942018856538,0.711215258895569,0.417593857861954,0.99988016650531
"ENSG00000286896",-0.454701764789171,0.346693152824364,0.711412532752473,0.417618145264192,0.99988016650531
"ENSG00000299627",-0.548643897305817,0.804492435445313,0.711076063583372,0.417676087605714,0.99988016650531
"ENSG00000117118",-0.130619191128422,7.3064836210032,0.710774153851269,0.417733636634339,0.99988016650531
"ENSG00000141401",0.25729696744976,4.20218056483723,0.71068962484001,0.417760851042322,0.99988016650531
"ENSG00000089693",-0.130443555336286,5.65478512834626,0.710667374566833,0.417767531493159,0.99988016650531
"ENSG00000124120",-0.173231968463314,4.09640075859828,0.710529116700626,0.417811751050926,0.99988016650531
"ENSG00000290563",0.309178598764942,2.95577487353504,0.710332727709007,0.417874827787362,0.99988016650531
"ENSG00000296323",0.581827307894661,0.431804183958223,0.7102398821323,0.417964167666952,0.99988016650531
"ENSG00000230153",0.507877508504388,0.320654367741331,0.710271126088198,0.417974664084938,0.99988016650531
"ENSG00000163116",0.298258982101723,3.39955204708381,0.709980122049142,0.417986355187008,0.99988016650531
"ENSG00000306329",-0.501061814460778,0.0124555790471368,0.710157672748373,0.418053410119811,0.99988016650531
"ENSG00000144214",0.405957760742653,1.14189879591373,0.709427916108506,0.41817290071266,0.99988016650531
"ENSG00000281649",0.152642673714414,4.96073605716956,0.709189063182254,0.418237148317564,0.99988016650531
"ENSG00000061273",-0.180985245428211,4.18007230861992,0.709080992797158,0.41827168716982,0.99988016650531
"ENSG00000298612",-0.357640122753727,1.37161700412647,0.709100344288273,0.418274888277014,0.99988016650531
"ENSG00000181007",0.275491202284607,3.14075409614776,0.708898243147292,0.418330448431908,0.99988016650531
"ENSG00000175538",-0.16559563720249,4.23583376813674,0.7087391608943,0.418380380208526,0.99988016650531
"ENSG00000310419",-0.361647639782555,1.45350828826197,0.708222846665212,0.418553308855108,0.99988016650531
"ENSG00000111666",0.241796526809645,4.68351401109608,0.708056772016947,0.418597432346563,0.99988016650531
"ENSG00000165169",-0.14174016386356,5.13516517272607,0.70786492468615,0.418658272826708,0.99988016650531
"ENSG00000145911",-0.548256281318085,0.914666281649487,0.707606958565048,0.418766386646234,0.99988016650531
"ENSG00000164626",0.268738056222031,3.36153305313753,0.707425591219737,0.418799148527446,0.99988016650531
"ENSG00000006634",-0.151173339998278,5.21273794562716,0.707132488519286,0.418891571080926,0.99988016650531
"ENSG00000227155",0.29048534397092,2.76928663566885,0.707129171036652,0.41889396735408,0.99988016650531
"ENSG00000225945",0.578364127963527,0.131520679614039,0.707308744288463,0.418934761760253,0.99988016650531
"ENSG00000235489",-0.438250701216653,0.811625443477396,0.70694670208801,0.418979061323369,0.99988016650531
"ENSG00000229043",0.388580247049747,2.60685044468349,0.706744090461007,0.419017245039927,0.99988016650531
"ENSG00000187699",-0.144884513772776,6.58551268867855,0.706530249541211,0.419083528741178,0.99988016650531
"ENSG00000187627",-0.2333800941718,4.99480972536633,0.706501190196039,0.419092850919411,0.99988016650531
"ENSG00000113719",0.212068917582879,4.58655525831299,0.706495341999674,0.41909492983541,0.99988016650531
"ENSG00000144357",-0.140946377980606,5.67416924431842,0.706283379849322,0.419162278044374,0.99988016650531
"ENSG00000111802",-0.137550628184768,4.74510604937866,0.706004173153882,0.419251607684268,0.99988016650531
"ENSG00000302913",-0.48129085968523,0.358255759730269,0.706029257462936,0.419318719988123,0.99988016650531
"ENSG00000123411",0.264584188128566,2.58606060653904,0.70573744737924,0.419338284308352,0.99988016650531
"ENSG00000286586",0.203226951493895,3.56183511206239,0.705711112998122,0.419345447719807,0.99988016650531
"ENSG00000122591",-0.131753873242049,5.99740550787899,0.705707473883091,0.419346049977617,0.99988016650531
"ENSG00000103148",0.150824855627651,5.0229396688776,0.705695304769369,0.419350050092073,0.99988016650531
"ENSG00000096401",-0.154867228602721,6.88139089533208,0.705536277096855,0.419400698133649,0.99988016650531
"ENSG00000251555",0.251668792629054,2.5668157616505,0.7054313626539,0.419436072766387,0.99988016650531
"ENSG00000166140",-0.208226297919723,3.29723719229495,0.705369921530909,0.41945469223673,0.99988016650531
"ENSG00000141505",-0.477813210571802,0.220595465983528,0.70551190016666,0.419513120190496,0.99988016650531
"ENSG00000120802",0.136800518226873,6.19130054431886,0.705180685546196,0.419514263801191,0.99988016650531
"ENSG00000129472",-0.171351358149655,3.9377737125732,0.705117917802226,0.419534739536164,0.99988016650531
"ENSG00000110721",0.147885964597466,5.29629956106746,0.704985343694607,0.419576688868092,0.99988016650531
"ENSG00000258525",-0.390172175665679,0.867443248224443,0.704676306481472,0.419704943855053,0.99988016650531
"ENSG00000163382",0.209264014072945,6.07247221742773,0.704029698842075,0.419882181789792,0.99988016650531
"ENSG00000295862",-0.435642815057855,1.47336612002255,0.704051971977546,0.419883346770325,0.99988016650531
"ENSG00000258982",-0.473153428488675,1.30440285037401,0.703992877557966,0.419904240562656,0.99988016650531
"ENSG00000300116",0.626665527432836,0.0984947699113416,0.704223144236024,0.419932811222037,0.99988016650531
"ENSG00000083857",0.155630669764633,5.23029218133885,0.703803355386388,0.419954613431476,0.99988016650531
"ENSG00000156017",0.202306916396598,4.81457809280301,0.70362653257401,0.420011388250695,0.99988016650531
"ENSG00000198467",0.267088337996011,5.68365374129962,0.703461144146266,0.420064117506581,0.99988016650531
"ENSG00000125386",-0.134079337680547,6.30363036357023,0.703235946281211,0.420136203143971,0.99988016650531
"ENSG00000242247",0.155165932770001,4.76850599916012,0.70313609816621,0.420168406765418,0.99988016650531
"ENSG00000198561",0.166420967813128,4.16533410244172,0.702941628957391,0.420230773396758,0.99988016650531
"ENSG00000283554",-0.434685100709485,0.637845987193216,0.703038698134405,0.420244785925116,0.99988016650531
"ENSG00000296723",0.514698329540762,0.755662667105536,0.702949140098165,0.420256715164257,0.99988016650531
"ENSG00000129515",-0.217412967040109,6.35620857637585,0.702853173326448,0.420258790780474,0.99988016650531
"ENSG00000273149",0.79889081208371,5.43900398543862,0.702713209341816,0.420303765441811,0.99988016650531
"ENSG00000185043",-0.14311556807101,5.1073380867529,0.702506087522937,0.420370143176762,0.99988016650531
"ENSG00000102178",0.152593936056955,4.62769185193474,0.70243927635126,0.420391689123515,0.99988016650531
"ENSG00000290994",0.423231651304359,1.50724829534409,0.702342914182223,0.420430736447945,0.99988016650531
"ENSG00000281131",-0.427246091521132,0.699267313644947,0.702010332589402,0.420562296372004,0.99988016650531
"ENSG00000280441",0.564049143482893,12.0864194462148,0.701560369124352,0.420673246295106,0.99988016650531
"ENSG00000140750",0.144382194826507,5.24619698937021,0.701134892631448,0.420809827461357,0.99988016650531
"ENSG00000106258",-0.407680954504855,0.700734700060567,0.701167228804295,0.420838948721331,0.99988016650531
"ENSG00000110917",0.136052193552787,7.07523564675746,0.70088741999342,0.420889250500747,0.99988016650531
"ENSG00000185040",0.582944325696098,1.02825655351009,0.700656460261481,0.420981925998387,0.99988016650531
"ENSG00000299219",0.562511593406554,1.26841559677243,0.70061694385757,0.420993617555537,0.99988016650531
"ENSG00000126106",0.484235980484131,2.40449208029425,0.700454572554487,0.421031441497998,0.99988016650531
"ENSG00000114541",0.171908814878854,6.41810510897695,0.700309161714379,0.421075004007251,0.99988016650531
"ENSG00000269656",0.607085310771857,1.26298640273575,0.699673341585875,0.421288830688045,0.99988016650531
"ENSG00000196605",-0.193894703543264,3.80162779351177,0.69915692586088,0.421446021614575,0.99988016650531
"ENSG00000255366",0.557740564823238,0.70634630838643,0.698855602859296,0.421577223027273,0.99988016650531
"ENSG00000173546",0.743949458000999,0.248811902692741,0.699234585272343,0.421592341094759,0.99988016650531
"ENSG00000093010",-0.138410486999947,8.2035635586101,0.698695133047416,0.421594162076612,0.99988016650531
"ENSG00000133101",-0.495488325077143,1.51028246898401,0.698599857207693,0.42164902878117,0.99988016650531
"ENSG00000184216",0.148678694347363,6.36894649373154,0.698451569653063,0.421672601293207,0.99988016650531
"ENSG00000261455",0.313483987895177,2.54968126145096,0.698194965167131,0.421757472000631,0.99988016650531
"ENSG00000302877",0.631962021273048,0.14579012143956,0.698112202396323,0.421803017306289,0.99988016650531
"ENSG00000143079",0.169944861314432,4.672975643981,0.697967789748403,0.42182871053421,0.99988016650531
"ENSG00000286074",0.585540434443502,1.28155506911094,0.69745660098442,0.422003407371348,0.99988016650531
"ENSG00000156711",0.658675048005201,0.390695761497588,0.697619841346915,0.422024647425417,0.99988016650531
"ENSG00000130508",-0.714473329932603,1.63959220667831,0.696720080645987,0.422240068156045,0.99988016650531
"ENSG00000164180",0.147451388723577,5.24689181815307,0.696513135960299,0.422297683544211,0.99988016650531
"ENSG00000124882",0.508908180387954,0.850895595243576,0.69650977299181,0.422335538709382,0.99988016650531
"ENSG00000131462",0.181138112484875,5.00884013569784,0.695895962725137,0.422497109598207,0.99988016650531
"ENSG00000295662",0.487232842330502,1.25710745565631,0.695903293340721,0.422507060521739,0.99988016650531
"ENSG00000112305",-0.145809979739944,5.26494125494295,0.695834270330285,0.422516941307882,0.99988016650531
"ENSG00000137819",0.747550100902663,1.1220757659378,0.695791304470248,0.422543050007756,0.99988016650531
"ENSG00000291203",0.164267290879425,5.35445471735219,0.695718561806062,0.422554326203949,0.99988016650531
"ENSG00000257511",-0.42037034544269,1.38762433916261,0.695618450277544,0.422598067566573,0.99988016650531
"ENSG00000135063",0.595320592137496,0.106144273343181,0.696006757182988,0.42263473721462,0.99988016650531
"ENSG00000310372",0.313491946851815,2.27596701374462,0.695238092860576,0.42271224035035,0.99988016650531
"ENSG00000124067",0.237840363897441,3.04516343286031,0.694931737985179,0.422809747376223,0.99988016650531
"ENSG00000141627",0.187549857041854,6.6778447361797,0.694267027448272,0.423023798699944,0.99988016650531
"ENSG00000293430",0.581850776255561,1.45177359708086,0.694305775337817,0.423026310612172,0.99988016650531
"ENSG00000245261",-0.609587947522,0.509993952669177,0.694261599092424,0.423093504769131,0.99988016650531
"ENSG00000169738",0.180336621252035,5.16298020984483,0.694033071809888,0.423099671281977,0.99988016650531
"ENSG00000267282",0.626021070520495,0.8238872442068,0.694118525181226,0.423109057954688,0.99988016650531
"ENSG00000174780",-0.153975992647293,6.70008882505591,0.693925057070524,0.423134530549512,0.99988016650531
"ENSG00000137809",0.803024105081921,1.28452919437165,0.693718782141059,0.423213500997198,0.99988016650531
"ENSG00000110934",0.12812898626867,5.9593040521195,0.693649780225569,0.423223705950601,0.99988016650531
"ENSG00000143819",0.205233341027519,4.04151555158213,0.69363916698473,0.423227569889194,0.99988016650531
"ENSG00000139697",-0.137770488916462,6.88669778490002,0.693443198544868,0.423290636545025,0.99988016650531
"ENSG00000204305",-0.227531370707437,2.46412583663194,0.693420642144309,0.423300061794916,0.99988016650531
"ENSG00000270066",-0.79012407304748,0.0167498319834343,0.69365727195126,0.423373829480928,0.99988016650531
"ENSG00000307324",0.13984980961746,6.0242074903212,0.692930420311188,0.423456869158405,0.99988016650531
"ENSG00000149532",0.124747233489851,5.75819252616691,0.692894531988234,0.423468511794384,0.99988016650531
"ENSG00000101474",-0.154834344741301,4.58265765261729,0.692249472639088,0.423678045519668,0.99988016650531
"ENSG00000226009",0.561673774577539,0.6340351191635,0.692152600154751,0.423749762121316,0.99988016650531
"ENSG00000167912",-0.330448086699715,2.08306331105078,0.692011713728008,0.423758640596888,0.99988016650531
"ENSG00000293764",-0.511572745328141,0.241510740247066,0.692245889104955,0.423775349524111,0.99988016650531
"ENSG00000273449",-0.584329884470176,0.320203995526814,0.69223536687584,0.423785452567208,0.99988016650531
"ENSG00000129083",-0.121312409397558,6.52781602490293,0.69131177301513,0.423982269485193,0.99988016650531
"ENSG00000120833",-0.527795220226233,0.699169977752857,0.691329657562361,0.424046844827274,0.99988016650531
"ENSG00000172828",0.644224456963234,0.63616981187166,0.691304571944278,0.424047157972933,0.99988016650531
"ENSG00000136891",-0.147087117955899,4.91089472765124,0.691023420078399,0.424076150423624,0.99988016650531
"ENSG00000254979",0.297384378576635,1.97647371580792,0.691028680226681,0.424078001233773,0.99988016650531
"ENSG00000275645",0.611720976624379,0.243009036273535,0.690989158767434,0.424164106512046,0.99988016650531
"ENSG00000298543",0.359769360222825,3.19993069416665,0.69069340222563,0.424184181846049,0.99988016650531
"ENSG00000113368",0.121878543966772,6.37948478929548,0.690331451942978,0.424300990106293,0.99988016650531
"ENSG00000139083",-0.153463698497924,8.92249239844984,0.690184795445777,0.424348697600727,0.99988016650531
"ENSG00000008952",-0.123378629389591,7.11781530316324,0.68980207874029,0.42447325498996,0.99988016650531
"ENSG00000084093",-0.137377283848039,6.72875876024957,0.689787956818266,0.42447785335062,0.99988016650531
"ENSG00000005884",-0.389368112595985,2.10130891547998,0.689546712729116,0.424560524176252,0.99988016650531
"ENSG00000118514",0.520877222212875,0.716034678628995,0.689508389630453,0.424597969305654,0.99988016650531
"ENSG00000280987",-0.417471201099859,1.50959436118711,0.689242192683418,0.424664328072006,0.99988016650531
"ENSG00000162618",0.851257594747706,0.233761473487034,0.689280573698563,0.424747259545426,0.99988016650531
"ENSG00000183722",0.59891294870271,0.291398333148846,0.689084934914792,0.424794296431327,0.99988016650531
"ENSG00000137960",0.554821087115704,0.861483556420165,0.688427800664428,0.424939459097298,0.99988016650531
"ENSG00000181991",0.146995796424555,5.05272677242084,0.688153359672912,0.42501060331375,0.99988016650531
"ENSG00000182771",0.244681316097378,2.67287513721571,0.687752304435298,0.425143053204753,0.99988016650531
"ENSG00000074842",-0.155780306778689,8.02524520711903,0.68751364933028,0.425219257752022,0.99988016650531
"ENSG00000122012",-0.404248993097557,0.603352401728716,0.687617916690048,0.425247902491417,0.99988016650531
"ENSG00000101188",0.243706793382505,2.83951758816853,0.687106867366645,0.425353495016706,0.99988016650531
"ENSG00000159086",0.14406661149924,5.53314364285029,0.686446194106993,0.425567980123695,0.99988016650531
"ENSG00000024526",0.21884913820899,3.65832929436383,0.685896169572307,0.425748442610749,0.99988016650531
"ENSG00000305511",0.557326803402289,11.0414025540673,0.685780619097551,0.425785618261899,0.99988016650531
"ENSG00000132434",-0.271031483257736,4.28528644641577,0.685734066967266,0.425801172532433,0.99988016650531
"ENSG00000166199",0.15214335304633,4.30581978299544,0.685369970337082,0.425920312555322,0.99988016650531
"ENSG00000064989",-0.445578977993867,3.04061541491676,0.685368220004366,0.425921651445696,0.99988016650531
"ENSG00000130158",0.495239151436646,3.10566743103677,0.685260480960757,0.425956902166677,0.99988016650531
"ENSG00000071205",-0.205321949528402,6.00714374543413,0.685077571705105,0.426015733892142,0.99988016650531
"ENSG00000087253",0.133853976474719,6.16986607965895,0.684415496560015,0.42623261347187,0.99988016650531
"ENSG00000043355",-0.137481117685532,5.12292460650686,0.684337256874949,0.426258390308078,0.99988016650531
"ENSG00000188859",0.53022959237377,0.570955009319798,0.684395943044227,0.426301972099349,0.99988016650531
"ENSG00000177576",-0.527196637796818,0.744220971070697,0.684219967093767,0.426331214368632,0.99988016650531
"ENSG00000090316",0.131603588162732,5.60843003046535,0.683852572282747,0.426417164194586,0.99988016650531
"ENSG00000255760",-0.237828465287147,4.14979990445826,0.683819994269013,0.426428173557634,0.99988016650531
"ENSG00000144535",0.151251053794434,5.33010280832878,0.683768175070311,0.426444850016768,0.99988016650531
"ENSG00000232952",-0.565683691873549,0.357024248561654,0.683972496260365,0.426471323036948,0.99988016650531
"ENSG00000137547",-0.186372385397069,6.08350807476177,0.683661610939615,0.426479788406723,0.99988016650531
"ENSG00000198885",0.608833555129799,0.646217648992192,0.684013919649481,0.426490487490592,0.99988016650531
"ENSG00000299098",0.580311634918142,0.14242587700436,0.683981407897458,0.426503662397362,0.99988016650531
"ENSG00000024422",0.378881117767466,3.11237266067117,0.683410170870528,0.426563208248184,0.99988016650531
"ENSG00000198056",0.223679389302961,3.43809573799711,0.683314658425476,0.426594453593275,0.99988016650531
"ENSG00000297045",-0.302194532516022,3.65571638972407,0.683118573278651,0.426658683714991,0.99988016650531
"ENSG00000297398",0.403277168970712,1.22346133458324,0.683008708635487,0.426705425244394,0.99988016650531
"ENSG00000254787",0.695813041050882,0.182371530495441,0.68307670933183,0.426791726236219,0.99988016650531
"ENSG00000118579",-0.128463438731651,6.71844905511368,0.682687974385031,0.426799347844568,0.99988016650531
"ENSG00000065534",-0.321278896059667,2.9578926682148,0.68266113614861,0.426809286041244,0.99988016650531
"ENSG00000270820",0.356357434132104,2.34953337059603,0.682634311608153,0.426819633794582,0.99988016650531
"ENSG00000162063",0.213920643931224,3.73510577700193,0.682518274003589,0.426855654154378,0.99988016650531
"ENSG00000122122",0.261971135958412,2.47409160130883,0.682391535261378,0.426898580544162,0.99988016650531
"ENSG00000088888",-0.143081776310002,4.9347195574857,0.682263945066059,0.426938868672091,0.99988016650531
"ENSG00000105464",0.146314193781529,5.92686417610175,0.681875101813403,0.42706645119762,0.99988016650531
"ENSG00000111231",0.13968723655239,5.01976069962053,0.681553030495992,0.427172517599433,0.99988016650531
"ENSG00000153406",0.143561913477848,4.99491147494668,0.681458986862346,0.427203423584833,0.99988016650531
"ENSG00000065675",0.350261214964147,2.87040859646809,0.681092652017701,0.427325283198021,0.99988016650531
"ENSG00000221821",-0.354715604160567,2.97269818653193,0.680419354825343,0.427546729694784,0.99988016650531
"ENSG00000172432",-0.138468377035135,5.05542559375951,0.680315564063891,0.427579693809115,0.99988016650531
"ENSG00000267135",0.49529677747284,0.473580706303071,0.680511176819669,0.427593438736883,0.99988016650531
"ENSG00000065833",-0.182631904425744,6.70074008335269,0.680226209036766,0.427609077177383,0.99988016650531
"ENSG00000245149",-0.499539437873266,1.11661096476423,0.680228608060963,0.42763259546486,0.99988016650531
"ENSG00000140319",-0.134579586713048,7.6960901947051,0.680088070065005,0.427654585756471,0.99988016650531
"ENSG00000108352",0.361119568968321,1.85751723851246,0.680101206713016,0.427654745598585,0.99988016650531
"ENSG00000182263",-0.366262703695855,1.48160209958262,0.680097059179481,0.42766373606122,0.99988016650531
"ENSG00000178718",0.181688216057495,4.60376205132236,0.679962442848438,0.427696255100193,0.99988016650531
"ENSG00000188459",-0.503051633054874,0.339586531785548,0.679911653767689,0.427803709337083,0.99988016650531
"ENSG00000108010",-0.122043056976915,5.96277279261282,0.679530341891635,0.427838422926862,0.99988016650531
"ENSG00000072401",-0.151442013405165,4.85548123419452,0.679218291270375,0.427941492929296,0.99988016650531
"ENSG00000134262",0.193906255361098,3.96253617776777,0.679112995832838,0.427976487854006,0.99988016650531
"ENSG00000067064",-0.147419995421295,5.43934498602322,0.678726091689665,0.428103741707098,0.99988016650531
"ENSG00000134330",-0.138107222159354,6.58910566563228,0.678724954362997,0.42810409816754,0.99988016650531
"ENSG00000135318",-0.344520369930729,1.54760091901166,0.678753300318138,0.4281045628173,0.99988016650531
"ENSG00000296114",-0.411845161248131,0.562117794885038,0.678852380667053,0.428137392975631,0.99988016650531
"ENSG00000048342",0.384094951928949,2.57363326844233,0.678613997172493,0.428142632326072,0.99988016650531
"ENSG00000132718",0.650406403623007,0.285568365205661,0.678798310491467,0.4281603621303,0.99988016650531
"ENSG00000182903",0.140841886148357,4.56948712068368,0.678269341286933,0.42825478014385,0.99988016650531
"ENSG00000167394",-0.198810558097707,3.38317011897001,0.678065904428211,0.428322514715891,0.99988016650531
"ENSG00000187187",0.266087959094379,2.39429827709071,0.677668576444235,0.428455197424642,0.99988016650531
"ENSG00000249509",0.330652207617024,1.82747479101493,0.677048803504001,0.428664555755577,0.99988016650531
"ENSG00000125247",-0.15751195897015,4.08099439771407,0.676744957549429,0.42875880287666,0.99988016650531
"ENSG00000226486",-0.285876178732474,3.27827043849543,0.676692992134518,0.428776831122007,0.99988016650531
"ENSG00000154611",0.483370524093806,0.589906081926696,0.676818493324776,0.428784885486061,0.99988016650531
"ENSG00000213904",0.172964053131351,4.71977477570544,0.676359224702222,0.428886314343953,0.99988016650531
"ENSG00000112414",0.586100189340006,0.885077498147449,0.676179281901591,0.428975470154015,0.99988016650531
"ENSG00000310376",0.525804555097691,11.1600365274352,0.675850242232968,0.429054592606572,0.99988016650531
"ENSG00000185666",0.913966291707251,5.00857677529236,0.675772793126904,0.429080383796905,0.99988016650531
"ENSG00000136279",-0.126886404574377,6.6878340631297,0.67565375818779,0.42911968743959,0.99988016650531
"ENSG00000133048",0.219429664905328,9.4698375659357,0.675463450418198,0.429182743641192,0.99988016650531
"ENSG00000179021",-0.136351945202651,5.02726659436086,0.675441629416871,0.429190123230484,0.99988016650531
"ENSG00000005448",0.313910870424758,2.44193724733846,0.675225489329906,0.429264365082567,0.99988016650531
"ENSG00000174938",0.155348506230774,5.390902223504,0.675136043629597,0.429291297558576,0.99988016650531
"ENSG00000115128",0.181122512429114,7.49400137697907,0.675023109348913,0.429328713379952,0.99988016650531
"ENSG00000106245",-0.160027756766226,6.11002175271242,0.674969765247157,0.429346410286392,0.99988016650531
"ENSG00000115129",0.392979868352307,1.61784671547621,0.674872202016789,0.429385394206941,0.99988016650531
"ENSG00000151468",-0.423513246759975,1.46147672854398,0.674822461400249,0.42940292586643,0.99988016650531
"ENSG00000100997",-0.140095385349499,6.17791404413706,0.674685266776067,0.429440765895161,0.99988016650531
"ENSG00000287069",0.188097242752358,4.71387931623649,0.674680919789063,0.429442462694419,0.99988016650531
"ENSG00000188672",0.589634580776189,0.517065283473452,0.674847863926182,0.429448896547579,0.99988016650531
"ENSG00000156500",-0.250678119709227,2.97723821563732,0.674420890645912,0.429529586743991,0.99988016650531
"ENSG00000180777",0.604410803625995,0.306880426931612,0.674548728016032,0.42957782869204,0.99988016650531
"ENSG00000183826",0.147033603213844,6.47428815594954,0.674101403950349,0.429634514240871,0.99988016650531
"ENSG00000151136",0.628702769886763,0.275966526555405,0.674333805403524,0.429658229706607,0.99988016650531
"ENSG00000244752",0.534567132317725,0.530884084532104,0.673824955742904,0.429778088663432,0.99988016650531
"ENSG00000210151",0.461600054314651,1.22187223315407,0.673456416747298,0.42986544448615,0.99988016650531
"ENSG00000267737",-0.503772614128636,3.28058866293319,0.673387111959441,0.429872584991527,0.99988016650531
"ENSG00000221817",-0.245127187765737,3.20745858389491,0.67333052607649,0.429891460117655,0.99988016650531
"ENSG00000204084",0.152311841816873,4.79106859599494,0.672878331824622,0.430041073816928,0.99988016650531
"ENSG00000288823",0.321799914020809,2.68263809105014,0.672801509209914,0.430067971002375,0.99988016650531
"ENSG00000115461",0.394241049435332,6.31611886378331,0.672786895838972,0.430071245514187,0.99988016650531
"ENSG00000119640",0.207137669036142,3.17115575240233,0.672638650702475,0.43012146902177,0.99988016650531
"ENSG00000178952",0.125469043195461,6.75732669595786,0.672396485996065,0.430201093117135,0.99988016650531
"ENSG00000160200",0.216841327605646,3.9417829926257,0.672366657727851,0.430211458275918,0.99988016650531
"ENSG00000300479",-0.446856126630813,0.272909988885457,0.672621510669574,0.430217439829183,0.99988016650531
"ENSG00000129933",-0.172389857786611,5.30745582120884,0.6723186768058,0.430227001713516,0.99988016650531
"ENSG00000229647",-0.457030658158858,1.81737511617479,0.672325184235199,0.430229681467786,0.99988016650531
"ENSG00000205978",0.811808255896523,0.823044254955849,0.67234775645011,0.430268684966147,0.99988016650531
"ENSG00000300245",-0.426784525966459,0.82497885007516,0.672094718762101,0.430333583919474,0.99988016650531
"ENSG00000305470",0.794278174616842,0.213590980278237,0.670612262049751,0.430481760562511,0.99988016650531
"ENSG00000164010",-0.205724218080522,6.24624069253794,0.670737486586412,0.430753585199827,0.99988016650531
"ENSG00000150471",0.141957538828537,8.93350719927109,0.670664351154314,0.430777960392223,0.99988016650531
"ENSG00000163380",-0.43558782106468,0.470398040722441,0.670973380787701,0.43078998397202,0.99988016650531
"ENSG00000112200",0.145478845809627,5.80384366232538,0.670616085652458,0.430794065741671,0.99988016650531
"ENSG00000156966",0.347859119557994,4.24014311190983,0.670510125897719,0.430830263566335,0.99988016650531
"ENSG00000116691",-0.161555380317765,4.40393428307164,0.670451531645546,0.430849225057915,0.99988016650531
"ENSG00000010626",-0.260880708828509,2.1583673458612,0.670400842506404,0.430868778719129,0.99988016650531
"ENSG00000301728",0.480035367534937,2.15667542201147,0.670311460821922,0.430900854076609,0.99988016650531
"ENSG00000129128",-0.12328306156948,6.39256879313557,0.669928599174802,0.431023382733755,0.99988016650531
"ENSG00000273734",-0.195295511573158,4.32195864589579,0.669912509983939,0.431029066398945,0.99988016650531
"ENSG00000133874",-0.572477926336257,1.02195406688282,0.669974303094729,0.431030098689725,0.99988016650531
"ENSG00000176973",-0.180177767697035,4.56267805897018,0.669805813842931,0.431064628505235,0.99988016650531
"ENSG00000122779",-0.182269841755239,6.16925047171713,0.669471548269693,0.431175951831313,0.99988016650531
"ENSG00000117625",0.147581169137924,4.91765103488717,0.669454337268897,0.431181883792233,0.99988016650531
"ENSG00000257869",0.639167489116309,0.204773384455651,0.669644740060336,0.431241338444406,0.99988016650531
"ENSG00000137571",0.471359341731136,3.43688242109871,0.669255859090456,0.43124868691967,0.99988016650531
"ENSG00000164692",0.512044850618548,3.36900971095598,0.669220703189841,0.431260571097318,0.99988016650531
"ENSG00000169621",-0.170325963678027,4.37838289162664,0.669061362812667,0.431313221928819,0.99988016650531
"ENSG00000186501",-0.141668648403432,4.86998334715082,0.668403096085569,0.431533124215436,0.99988016650531
"ENSG00000171310",0.144773727481523,9.27285771183049,0.668344392155168,0.431552575897751,0.99988016650531
"ENSG00000182472",0.344448542520611,3.22197816138655,0.668333738729888,0.431557085834598,0.99988016650531
"ENSG00000172731",-0.203540085453181,3.2676709169153,0.668060509434422,0.431648335361898,0.99988016650531
"ENSG00000011454",-0.155767077363823,5.81151591833257,0.667959346855946,0.43168137092618,0.99988016650531
"ENSG00000309281",0.148767218157551,4.41766631225484,0.66742178084793,0.431861546444208,0.99988016650531
"ENSG00000112419",0.151926930697698,6.48722715288859,0.667379292917445,0.431875488169356,0.99988016650531
"ENSG00000275807",0.41417477528131,1.32493981830931,0.667138374471785,0.431967545478656,0.99988016650531
"ENSG00000103150",0.566748810912588,0.736618505050985,0.667205239899106,0.431999381760388,0.99988016650531
"ENSG00000157625",-0.201510002780424,3.51545466655553,0.667005418321755,0.432001306911415,0.99988016650531
"ENSG00000091879",0.363716604495543,3.18521640511817,0.666357061069114,0.4322188318613,0.99988016650531
"ENSG00000276386",-0.375235783202211,1.40671883556732,0.666295873121255,0.432251677642262,0.99988016650531
"ENSG00000168792",0.184881335110112,3.59835434808174,0.666195258562065,0.432272812444881,0.99988016650531
"ENSG00000275993",-0.253071659443059,2.5355436427767,0.665982484615422,0.432345383106796,0.99988016650531
"ENSG00000205309",0.532414376895896,1.4417358636399,0.665965339164039,0.432358477762044,0.99988016650531
"ENSG00000184588",-0.144608129094804,7.21687836037119,0.665818162728255,0.432398650115446,0.99988016650531
"ENSG00000146242",0.166002049538583,4.49255752755608,0.665739040415542,0.432425472230628,0.99988016650531
"ENSG00000109787",-0.215494831058785,4.02570621264709,0.665687620009588,0.432442805603356,0.99988016650531
"ENSG00000111371",-0.152589243895876,8.17069223795702,0.665581260557086,0.43247812986987,0.99988016650531
"ENSG00000253704",-0.349256536389704,1.48784654412592,0.665482825910882,0.43251909450772,0.99988016650531
"ENSG00000180871",0.491933274709903,2.03130876319028,0.665448251076043,0.432537227904675,0.99988016650531
"ENSG00000234327",0.336514584396699,2.08363132933713,0.665131230472645,0.432632467087767,0.99988016650531
"ENSG00000308228",0.323511707050965,1.72817517886337,0.665010427183115,0.432676128553802,0.99988016650531
"ENSG00000236144",0.353908577113286,1.58141838681293,0.664683632816435,0.432786817727176,0.99988016650531
"ENSG00000023734",0.143043230282694,5.8833709667513,0.664536997546691,0.432828776764852,0.99988016650531
"ENSG00000128567",0.383928061766778,1.23621858891355,0.66424422625224,0.432946286122555,0.99988016650531
"ENSG00000271793",0.246648746354277,2.99289333469554,0.664013318483887,0.433005886815925,0.99988016650531
"ENSG00000101082",0.476397839601839,1.13269776772414,0.663498522571521,0.43319273947316,0.99988016650531
"ENSG00000262049",0.334763575232092,1.64649914314116,0.663360231967032,0.43323065800299,0.99988016650531
"ENSG00000297460",-0.35461089101772,3.27004110030361,0.66315432082626,0.433294640659856,0.99988016650531
"ENSG00000185238",0.179612437552915,5.02248003730368,0.663147925036531,0.433296017467421,0.99988016650531
"ENSG00000132965",0.207682591418115,9.58337541012805,0.662421650412291,0.433540465716087,0.99988016650531
"ENSG00000259539",0.629101014632307,0.00463047171773325,0.662779021578675,0.433563002496629,0.99988016650531
"ENSG00000144278",-0.436352976833079,0.367361395501441,0.66257794193678,0.433574800657268,0.99988016650531
"ENSG00000214954",-0.145588496342766,5.11449852399527,0.662034613931875,0.433670922133904,0.99988016650531
"ENSG00000305344",-0.209026872179132,4.88112031436398,0.661775368456311,0.433758456222619,0.99988016650531
"ENSG00000007174",-0.398402466271876,1.8925466957538,0.661751361038209,0.433771450509119,0.99988016650531
"ENSG00000105699",0.633368182525526,1.05305304629933,0.661777235993242,0.433774387519337,0.99988016650531
"ENSG00000148948",-0.424798224442034,4.73383146188355,0.661677559345604,0.433791442284942,0.99988016650531
"ENSG00000166313",0.842943414809936,0.479832122639739,0.661307217852461,0.43399040032772,0.99988016650531
"ENSG00000167005",0.145292847547229,5.61961128448156,0.661047241050271,0.434003925591091,0.99988016650531
"ENSG00000162396",0.362356979120042,1.57532782537875,0.660946999617372,0.434045476913439,0.99988016650531
"ENSG00000121274",-0.140926625926619,5.3421349890467,0.660551897429179,0.434171155112534,0.99988016650531
"ENSG00000100106",0.15262349139983,6.07335316668275,0.659727878424569,0.434449556412065,0.99988016650531
"ENSG00000140463",0.236356169775004,3.5124896954168,0.658969069431739,0.434706821156134,0.99988016650531
"ENSG00000285835",0.488601123266172,0.39811861610254,0.659021627634307,0.434747037758823,0.99988016650531
"ENSG00000177119",-0.142513133696035,7.431911553553,0.658799247921268,0.43476366157456,0.99988016650531
"ENSG00000170100",0.28970471588235,2.29025296340251,0.658803738017158,0.434764584839679,0.99988016650531
"ENSG00000237190",0.190779330167648,4.65122662736213,0.658600351559744,0.434831250864003,0.99988016650531
"ENSG00000110583",0.191757616602221,3.66589423044528,0.658217393944981,0.434961224693506,0.99988016650531
"ENSG00000267053",0.628045239875517,0.189248371673391,0.658371980115603,0.434996550257821,0.99988016650531
"ENSG00000089123",0.148692352704729,4.4425296785155,0.658031384249441,0.435023955792159,0.99988016650531
"ENSG00000248275",0.174911484804071,3.93524601767716,0.657871002846514,0.435078425525272,0.99988016650531
"ENSG00000249307",0.276012230741342,2.67530550583987,0.6576993352846,0.435137765954417,0.99988016650531
"ENSG00000167157",0.820300456931514,0.676386754367897,0.657749020167181,0.435143832900099,0.99988016650531
"ENSG00000138944",0.421438559753992,0.907060007032996,0.65715802120977,0.435341691783005,0.99988016650531
"ENSG00000242697",0.230061339059891,3.0981946550768,0.656458263322938,0.43555821530778,0.99988016650531
"ENSG00000117318",0.308817124076053,2.79428215982176,0.655972221587538,0.435723756145804,0.99988016650531
"ENSG00000246695",-0.219444177869298,2.93545703606706,0.655835228270049,0.435769818785616,0.99988016650531
"ENSG00000255517",-0.42091231129574,1.4780005137886,0.655723192104564,0.435816865672121,0.99988016650531
"ENSG00000136478",0.166546559220693,4.16301269568361,0.655340061843206,0.43593735671488,0.99988016650531
"ENSG00000139679",-0.150774317213522,5.54845570725837,0.654900364237903,0.436086556468404,0.99988016650531
"ENSG00000301757",-0.318826842155273,1.57347477081348,0.654856111364673,0.436108786602242,0.99988016650531
"ENSG00000178229",-0.349716189563063,1.32198379380162,0.654418813730064,0.436261804537635,0.99988016650531
"ENSG00000183955",0.179523111329855,5.41377294563411,0.654131624373873,0.436348172300075,0.99988016650531
"ENSG00000143164",0.125844351440418,5.96760155680598,0.653958054223639,0.436407261947952,0.99988016650531
"ENSG00000175061",-0.146945431689552,8.39631765350521,0.65364760713026,0.436512997100455,0.99988016650531
"ENSG00000141622",0.669297616855527,1.76653667704766,0.653440817894185,0.436590324613455,0.99988016650531
"ENSG00000308674",0.155388024154759,6.56844484121282,0.653104988641198,0.43669792897426,0.99988016650531
"ENSG00000147162",0.117619605871434,6.25568908760297,0.652919817037656,0.4367610683418,0.99988016650531
"ENSG00000310259",0.538660829054291,0.491601963594655,0.652990880401149,0.436804930653396,0.99988016650531
"ENSG00000180116",0.427609625091796,1.29055571133533,0.652699509558588,0.436847048884334,0.99988016650531
"ENSG00000253796",-0.359752072894969,2.36719650173484,0.65264723996235,0.436856383299943,0.99988016650531
"ENSG00000110060",0.148512621769382,4.02335098420232,0.652402987181758,0.436937702379886,0.99988016650531
"ENSG00000301840",0.513898060978167,0.31623677143663,0.652529158530554,0.436958953395687,0.99988016650531
"ENSG00000173681",0.173339595560634,3.66504575033471,0.652191254630747,0.437010143626821,0.99988016650531
"ENSG00000197603",0.133949352701578,4.6961833266512,0.652178559212848,0.437014189554872,0.99988016650531
"ENSG00000125388",-0.312649096550022,1.85566589755004,0.65213026317895,0.437035485318838,0.99988016650531
"ENSG00000299390",0.436251091063025,0.690125750385651,0.65200065393847,0.437105664068102,0.99988016650531
"ENSG00000241679",0.336663232608717,1.65422878826544,0.651910950631821,0.437110058585663,0.99988016650531
"ENSG00000225912",0.175806472327212,4.18568525965359,0.651150244486311,0.437365515929201,0.99988016650531
"ENSG00000106080",0.230873209888477,2.75617048832359,0.650931087369121,0.437441645315214,0.99988016650531
"ENSG00000296790",-0.475121549949826,1.72758763016104,0.650739560229334,0.437510870727009,0.99988016650531
"ENSG00000138172",0.38200532947667,2.52063744832366,0.6504642963387,0.43760186962851,0.99988016650531
"ENSG00000182054",0.115354600956134,7.0531000660885,0.650438333697592,0.437608611645976,0.99988016650531
"ENSG00000182866",-0.438942250159332,1.14390736927225,0.650341468617824,0.437658742954494,0.99988016650531
"ENSG00000270647",0.133654986139675,6.36498414881232,0.650080378488366,0.437731096639337,0.99988016650531
"ENSG00000269947",0.568458346724156,0.176372423455261,0.650420374157983,0.437737955914417,0.99988016650531
"ENSG00000297888",0.77550492404545,0.222291471462496,0.650293225810371,0.437753096288997,0.99988016650531
"ENSG00000187323",-0.339061227952715,1.19358951081126,0.649963683618823,0.437782611727333,0.99988016650531
"ENSG00000104154",0.295553297153937,3.5839294796496,0.649769038227833,0.437838261496685,0.99988016650531
"ENSG00000273026",0.515253175717281,0.764378012865005,0.649616807001984,0.437913910405599,0.99988016650531
"ENSG00000101346",0.129766198039971,5.29540924963049,0.649382236524209,0.437970161941513,0.99988016650531
"ENSG00000132640",0.210566233398409,3.2497800610873,0.64920967961643,0.438030172056467,0.99988016650531
"ENSG00000105879",-0.153962870341955,4.35010293519309,0.649110652954428,0.43806348479655,0.99988016650531
"ENSG00000137075",0.135155439459708,6.02209682457895,0.649089393793365,0.438070480874498,0.99988016650531
"ENSG00000131116",-0.188869307225225,3.96621757366552,0.64841494157968,0.438302162153488,0.99988016650531
"ENSG00000106123",0.661217043726845,0.356521025799783,0.648550035757359,0.438303959513066,0.99988016650531
"ENSG00000152767",0.422370406963862,1.71521247368739,0.648366401828521,0.438323631083544,0.99988016650531
"ENSG00000149150",-0.192939140967769,3.28153587650303,0.647941335952307,0.438465356948529,0.99988016650531
"ENSG00000113240",-0.183063859082245,4.39961564597793,0.647654858488567,0.438562802729653,0.99988016650531
"ENSG00000165672",-0.146568353646502,7.73891651519986,0.647231752147732,0.438707822674388,0.99988016650531
"ENSG00000176463",-0.137550966856015,7.22123581931404,0.64689436293245,0.438823743964833,0.99988016650531
"ENSG00000139537",0.308436078718502,2.73589274436411,0.646691243093065,0.438895029390183,0.99988016650531
"ENSG00000088682",0.244105826658624,2.94689924338631,0.646512302843155,0.438956192995297,0.99988016650531
"ENSG00000162496",0.522238455896958,1.37532277651572,0.646503061643275,0.438967871531659,0.99988016650531
"ENSG00000287912",-0.686352516376976,0.0937272106315491,0.64681248507142,0.438973070201267,0.99988016650531
"ENSG00000142669",0.199445860356779,8.66028601682475,0.646236578928548,0.439049889856765,0.99988016650531
"ENSG00000309117",-0.330385603080292,1.48255832292045,0.645890329422815,0.439177493518373,0.99988016650531
"ENSG00000142621",0.390619647898801,1.17591893391636,0.645685495920456,0.439251409519729,0.99988016650531
"ENSG00000198805",0.143339282357374,6.78648621547967,0.645612416512291,0.43926465894324,0.99988016650531
"ENSG00000290123",0.539960594158344,0.462766256036224,0.645832785432445,0.439291587716384,0.99988016650531
"ENSG00000143578",-0.315426962211854,2.34168055582158,0.645499854506545,0.439306348762793,0.99988016650531
"ENSG00000137161",-0.127846700359396,6.13397037133769,0.645267412335536,0.43938344939527,0.99988016650531
"ENSG00000187051",-0.14034563307909,6.52873744877436,0.645185445624,0.439411674353483,0.99988016650531
"ENSG00000197362",0.290015031944738,2.51602467905078,0.645114892109763,0.439437808538534,0.99988016650531
"ENSG00000289130",0.422461123830006,0.818223189414347,0.645157985010053,0.439442768353675,0.99988016650531
"ENSG00000144504",0.147571526063281,4.98032162300471,0.644873278341976,0.439519373896969,0.99988016650531
"ENSG00000267198",0.158353836605709,4.5525451708908,0.644794261991985,0.439546698949297,0.99988016650531
"ENSG00000082516",0.202707429314584,4.43963824957288,0.64466628183864,0.439590819898303,0.99988016650531
"ENSG00000281883",0.313726976298,1.99109466954496,0.644616804413625,0.439610934884609,0.99988016650531
"ENSG00000108018",0.556558597861784,0.783253708404377,0.644535883890342,0.439658020106546,0.99988016650531
"ENSG00000152926",0.181942451598559,4.73234015005063,0.644407652223847,0.43967993337887,0.99988016650531
"ENSG00000144381",0.127807074269093,8.84357979777074,0.64422401525012,0.439743005472229,0.99988016650531
"ENSG00000226251",0.451623933767801,0.824987482907501,0.644268450818944,0.439762472840744,0.99988016650531
"ENSG00000291232",-0.403530315008618,1.14018668594116,0.644196843033529,0.439767839928773,0.99988016650531
"ENSG00000102984",0.185533715592067,3.47537744719236,0.643589729622025,0.439962436174462,0.99988016650531
"ENSG00000273416",-0.559475407210696,0.370978300214307,0.643735238286311,0.439986029724449,0.99988016650531
"ENSG00000181830",-0.212007920240821,2.97530194975174,0.643455802184576,0.440009221492006,0.99988016650531
"ENSG00000293235",-0.231390325773634,2.73768286568804,0.643431794526079,0.440017666406665,0.99988016650531
"ENSG00000175283",0.234446799114742,3.99133963114086,0.643316984127954,0.44005635761397,0.99988016650531
"ENSG00000300383",0.387752202805403,1.70322210107726,0.643295350638214,0.440068824039009,0.99988016650531
"ENSG00000227398",0.395219859390551,2.91645094340685,0.643217595764052,0.440091555967633,0.99988016650531
"ENSG00000106012",0.203985341685598,3.88904383616123,0.642940773350639,0.440186342951668,0.99988016650531
"ENSG00000230309",0.645838367895151,0.90972643701274,0.642583882164256,0.440334644121346,0.99988016650531
"ENSG00000260693",0.474521212209423,0.482238057752739,0.642581484543241,0.440366442880625,0.99988016650531
"ENSG00000235954",0.270869817993039,3.12109308459329,0.642107303001929,0.440474914883504,0.99988016650531
"ENSG00000117594",0.287896856062131,4.25864719588039,0.642056133929674,0.440491909699374,0.99988016650531
"ENSG00000070501",-0.158300951771659,4.45935182803423,0.642029408170773,0.440501151514544,0.99988016650531
"ENSG00000176273",0.245642703384902,2.99535930559703,0.642002832448599,0.440511127119867,0.99988016650531
"ENSG00000134444",0.125825647477516,5.72596411812681,0.641802259083839,0.440579451138317,0.99988016650531
"ENSG00000179085",-0.202423786020128,6.28455040310791,0.641550661549908,0.440666492687728,0.99988016650531
"ENSG00000260097",0.423565285546904,2.05915674975826,0.641548604274196,0.440671147759355,0.99988016650531
"ENSG00000162104",-0.127267953005683,6.89756734079845,0.641271081374871,0.440763250457535,0.99988016650531
"ENSG00000170340",0.195113973552217,5.06861671425622,0.641271101034254,0.440763362822677,0.99988016650531
"ENSG00000083093",0.179155020384219,3.98634585906856,0.641096677098928,0.440824007371933,0.99988016650531
"ENSG00000294637",0.800159526746705,-0.0983647484584616,0.641593309911339,0.440843439623022,0.99988016650531
"ENSG00000288817",-0.389009125584738,1.29451485373919,0.640923831409047,0.44089331713168,0.99988016650531
"ENSG00000227278",0.32074648713074,2.38677548194517,0.640407877049433,0.441064484778484,0.99988016650531
"ENSG00000294974",0.436713335081524,1.00600843373542,0.640420069563652,0.441074376905604,0.99988016650531
"ENSG00000266903",0.276853925966748,3.40147458411057,0.639900647254411,0.441238679767266,0.99988016650531
"ENSG00000105352",-0.300190112270054,1.90479758816827,0.639882815174843,0.441248000641114,0.99988016650531
"ENSG00000177728",-0.166940636126804,4.28595293881425,0.639683182095475,0.441313788841001,0.99988016650531
"ENSG00000286680",0.211016534976902,4.84889397904413,0.63960700853606,0.441340137639982,0.99988016650531
"ENSG00000267207",0.425050882121463,1.04962105551002,0.639647384705142,0.441340302405827,0.99988016650531
"ENSG00000149262",0.14020212542072,4.58972838804894,0.639110751809594,0.441512379804955,0.99988016650531
"ENSG00000103852",0.160096741164823,4.15207407384169,0.639093390986216,0.441518472071471,0.99988016650531
"ENSG00000162851",0.126794916597651,5.20004153542945,0.639078034437616,0.441523508047738,0.99988016650531
"ENSG00000162910",0.160797735154865,5.33075882962667,0.638817480212872,0.441613970931871,0.99988016650531
"ENSG00000290127",0.346651624462162,1.8351751587872,0.638824173974556,0.441615599041063,0.99988016650531
"ENSG00000184575",0.136016300686217,5.90635347800062,0.637868822939639,0.441943594196305,0.99988016650531
"ENSG00000113108",0.300836436041745,1.89030004512939,0.637878534888033,0.441944016137934,0.99988016650531
"ENSG00000255833",-0.222441596532982,5.28911400100744,0.637637735955917,0.442023966164088,0.99988016650531
"ENSG00000011600",-0.200416648308862,8.59641178649904,0.637339008530547,0.442127859328613,0.99988016650531
"ENSG00000302134",0.332520939595891,2.4000594268479,0.637306179395389,0.442141516665323,0.99988016650531
"ENSG00000065268",-0.144413505654762,5.52965097386993,0.637150721938317,0.44219339856094,0.99988016650531
"ENSG00000085415",-0.137591813339519,5.69712488847111,0.636908236299993,0.442277796732562,0.99988016650531
"ENSG00000114573",-0.133274362858974,6.70680808077465,0.636668178652499,0.442361368474242,0.99988016650531
"ENSG00000302819",-0.262236042046453,2.45493818214493,0.636583216058518,0.442393043274886,0.99988016650531
"ENSG00000231563",-0.313810277096711,2.42222241998652,0.63653855293368,0.442408893708496,0.99988016650531
"ENSG00000123358",-0.382595417728649,0.851375472689781,0.636423512885408,0.442486242981619,0.99988016650531
"ENSG00000106615",-0.128522722119611,6.26474609786621,0.63621481324831,0.442519297154246,0.99988016650531
"ENSG00000286076",0.715955265952256,0.561960466811827,0.636204468647129,0.442561168547189,0.99988016650531
"ENSG00000245146",0.492024431947686,0.557260152422164,0.636131132939322,0.442600594072535,0.99988016650531
"ENSG00000110651",-0.135035370750688,8.88001567182612,0.635834784173585,0.442651741575289,0.99988016650531
"ENSG00000286670",0.314790997562022,2.71472924884965,0.635813749675916,0.442660425179262,0.99988016650531
"ENSG00000247809",0.638525030028508,2.39499420970399,0.635348625106795,0.442824725337702,0.99988016650531
"ENSG00000014914",0.421902108553651,2.35302213210757,0.635332741567272,0.442829176592236,0.99988016650531
"ENSG00000288722",-0.184704605824996,4.52524771380947,0.635204028496382,0.442871993225746,0.99988016650531
"ENSG00000285889",0.580011079038231,0.312752354917665,0.635316771110774,0.44290555942531,0.99988016650531
"ENSG00000173137",-0.246946894588503,3.09379079429553,0.634961660569596,0.442957297928188,0.99988016650531
"ENSG00000099985",0.315457631002098,2.14083055140983,0.634912256302405,0.44297639603216,0.99988016650531
"ENSG00000139437",0.172868427244997,4.36803147625868,0.634875229819368,0.442986750772738,0.99988016650531
"ENSG00000112972",-0.139476695245266,4.93725823971914,0.63429479505899,0.443189283601857,0.99988016650531
"ENSG00000108515",0.537952720697605,3.50310566056944,0.633874153835038,0.443336717646682,0.99988016650531
"ENSG00000210112",-0.423952489319599,0.37241627267162,0.634110233045714,0.443348347266056,0.99988016650531
"ENSG00000136848",0.838895298333083,1.13761057230677,0.633892811348172,0.44335675444616,0.99988016650531
"ENSG00000115486",-0.208993893070095,4.47743019455637,0.633597521861924,0.443433102455925,0.99988016650531
"ENSG00000181741",0.320099789941866,1.40069740287124,0.633509616809991,0.443472405553215,0.99988016650531
"ENSG00000251432",0.227630078219379,3.9587840902516,0.633470573316078,0.443477597939814,0.99988016650531
"ENSG00000295741",-0.298032446626086,2.83649545760123,0.633122012055054,0.443600338684993,0.99988016650531
"ENSG00000164002",0.118646732504616,6.90544249864489,0.63287234918986,0.44368649136201,0.99988016650531
"ENSG00000279277",-0.343890222993255,1.2782280219878,0.632890999688967,0.443691400940844,0.99988016650531
"ENSG00000136504",-0.168963343093426,3.86523466805109,0.632426972088793,0.443842885028429,0.99988016650531
"ENSG00000135048",0.184370518318321,3.77080238336572,0.632253346982713,0.443903645562369,0.99988016650531
"ENSG00000178977",0.48413231280061,0.831512793968794,0.632103927320344,0.443975784027948,0.99988016650531
"ENSG00000073331",-0.165551235651825,5.6239899291225,0.631984928873647,0.443997249144167,0.99988016650531
"ENSG00000074219",0.426354545047127,0.631715241279422,0.632102987195009,0.444010948491979,0.99988016650531
"ENSG00000074356",0.156291166632492,4.12455563513865,0.631671767877902,0.444107308982493,0.99988016650531
"ENSG00000255652",0.751040431662756,0.0548359612960505,0.631961254750943,0.444164692487149,0.99988016650531
"ENSG00000123643",0.153192039610705,5.47897720602362,0.631466948335621,0.444178801461005,0.99988016650531
"ENSG00000170122",-0.317318364226058,1.32829609060732,0.631357937344936,0.444227086885675,0.99988016650531
"ENSG00000289397",0.144530419222981,4.6842803157218,0.63122535714562,0.444263753591713,0.99988016650531
"ENSG00000128422",0.35940090169775,2.50494735689112,0.631112843887953,0.444305364116316,0.99988016650531
"ENSG00000067369",0.171415508589617,4.41811262681933,0.631083160130324,0.444313657737632,0.99988016650531
"ENSG00000067365",0.163337784199515,3.97917314838194,0.631046203426551,0.444326746911748,0.99988016650531
"ENSG00000088451",0.16388882968598,4.08668009738857,0.630986702342664,0.444347541950291,0.99988016650531
"ENSG00000226124",0.173441780357362,4.41497389180571,0.630981844604797,0.444349204707802,0.99988016650531
"ENSG00000226939",0.321275013619566,2.97432984755219,0.630855019195068,0.44439454117492,0.99988016650531
"ENSG00000012983",0.150267241502345,4.95406840646337,0.630851170066395,0.444394883541566,0.99988016650531
"ENSG00000143858",0.474074041513974,0.247100298460982,0.631079997512429,0.44439501887665,0.99988016650531
"ENSG00000198276",0.162253687568356,4.06068041577621,0.63083546475912,0.444400632682034,0.99988016650531
"ENSG00000183230",-0.179517427476889,6.35177687864115,0.630825832589718,0.444403661113682,0.99988016650531
"ENSG00000306839",-0.563371012970191,0.0975532880461754,0.631195889325352,0.444420244941473,0.99988016650531
"ENSG00000101421",-0.146133013517167,5.27986358916958,0.630770936739306,0.444422945833411,0.99988016650531
"ENSG00000278041",-0.416924613012711,1.01814476490139,0.63067576400865,0.444478275715985,0.99988016650531
"ENSG00000111696",0.175269714378084,3.83461680220455,0.63053856907938,0.444505009253383,0.99988016650531
"ENSG00000198168",0.178066353686627,4.01825419452589,0.630456091197446,0.444533871499138,0.99988016650531
"ENSG00000183054",0.181400627542292,3.44540956416762,0.630382638759901,0.444559823019902,0.99988016650531
"ENSG00000125868",0.135725979689498,5.68734655665177,0.630218745103075,0.444616786083622,0.99988016650531
"ENSG00000309941",0.491080020516802,1.07394547394478,0.630222518566933,0.444641107881309,0.99988016650531
"ENSG00000176986",-0.118128673838834,5.98443801703568,0.630084462402862,0.444663941325596,0.99988016650531
"ENSG00000155903",0.140425564822008,5.59721485162136,0.629647381108751,0.444817513312843,0.99988016650531
"ENSG00000246308",0.404449621701786,1.54061359064483,0.629276213363087,0.444955102424746,0.99988016650531
"ENSG00000131437",0.318682779684419,2.526231968061,0.629196486332026,0.444977843320008,0.99988016650531
"ENSG00000302058",0.243902828432145,2.37053505990241,0.629055904257827,0.445027419196782,0.99988016650531
"ENSG00000230364",0.380224131226838,0.946877964631601,0.629079149679676,0.445038148583301,0.99988016650531
"ENSG00000244380",0.320186104483829,2.01909242890283,0.628952932465932,0.445065285405551,0.99988016650531
"ENSG00000151148",-0.128257915054061,4.94355326994329,0.628837398854514,0.445102416907098,0.99988016650531
"ENSG00000233154",-0.317476759410365,2.72762217310179,0.62871304827978,0.445147410586054,0.99988016650531
"ENSG00000065600",0.156974189135583,4.38670351413992,0.628653602722244,0.445167270272171,0.99988016650531
"ENSG00000179542",0.346437217051438,2.98374245212792,0.628651962212677,0.445168630045894,0.99988016650531
"ENSG00000183631",-0.357979494270624,0.781903457818955,0.628741608830252,0.445172489675955,0.99988016650531
"ENSG00000280614",0.823440609920941,4.09481691519983,0.628577667852671,0.445194412789824,0.99988016650531
"ENSG00000280800",0.823440609920941,4.09481691519983,0.628577667852671,0.445194412789824,0.99988016650531
"ENSG00000176406",0.363547565965437,3.66569641049589,0.628536257994165,0.445208868603188,0.99988016650531
"ENSG00000165675",0.13865608192643,5.8063747178933,0.628527114321157,0.445211511072541,0.99988016650531
"ENSG00000186787",0.461199126488731,0.679143620287155,0.62863434132849,0.44521889064325,0.99988016650531
"ENSG00000173083",-0.176919839223541,3.70944711114789,0.628489849888969,0.445225124611682,0.99988016650531
"ENSG00000242114",-0.717741022464945,0.0335228861961221,0.628948185128999,0.445226084298695,0.99988016650531
"ENSG00000281181",0.822696414937978,4.09508517514806,0.628237775184962,0.44531406057651,0.99988016650531
"ENSG00000198064",0.140409112717144,4.95321842392831,0.628001198373803,0.445396782030642,0.99988016650531
"ENSG00000131375",0.166538266583857,4.61813999599628,0.627729009680187,0.445492788824964,0.99988016650531
"ENSG00000144867",-0.136378432159813,5.27618655677495,0.627691936673025,0.445505638637336,0.99988016650531
"ENSG00000089022",0.138727004425755,5.12884052772571,0.627599479266275,0.445538220233302,0.99988016650531
"ENSG00000057757",0.143801032336238,4.59561577872078,0.627541270600214,0.445558968192292,0.99988016650531
"ENSG00000257576",0.348343713188543,1.1019247275789,0.627498591303362,0.445588935650641,0.99988016650531
"ENSG00000267109",-0.250289097492856,2.76281398336786,0.627413141021707,0.445605134686866,0.99988016650531
"ENSG00000116793",-0.152599136869599,5.69504264609648,0.627217521404851,0.445672836078401,0.99988016650531
"ENSG00000226328",-0.13330553366081,4.53127789147705,0.626521615639291,0.445918545387546,0.99988016650531
"ENSG00000183570",0.200667128388472,3.80033271392208,0.626442907882676,0.44594649395112,0.99988016650531
"ENSG00000110318",0.773717330659389,-0.146979157221661,0.626782698213806,0.445979752422298,0.99988016650531
"ENSG00000004897",-0.118973312100955,6.19147859343272,0.626276225548639,0.446004904119394,0.99988016650531
"ENSG00000215305",-0.188077783304727,3.85514340724403,0.626258435682451,0.446011597330126,0.99988016650531
"ENSG00000120458",-0.165519262837079,3.62319209803783,0.626227762925443,0.446022525397125,0.99988016650531
"ENSG00000234118",-0.342163383889198,0.81241298565839,0.625557400852536,0.446289083159828,0.99988016650531
"ENSG00000260077",-0.25085345316012,2.81264044368671,0.625297101488697,0.446352237673752,0.99988016650531
"ENSG00000228794",0.301131916755056,1.95474228423326,0.62522290039207,0.446381497757706,0.99988016650531
"ENSG00000162639",0.138971506894693,5.0810332431173,0.625099677125987,0.446420636630154,0.99988016650531
"ENSG00000237883",0.382719087642479,2.08079850295741,0.625105790381686,0.446421874024942,0.99988016650531
"ENSG00000203907",-0.135596999946625,8.77382289052514,0.62466489922686,0.446574303762132,0.99988016650531
"ENSG00000184203",-0.136229694167074,5.55380500252541,0.624532810385677,0.446621052322518,0.99988016650531
"ENSG00000103043",-0.148360922675834,5.34294409945094,0.624354824208713,0.446684038973548,0.99988016650531
"ENSG00000053900",0.150089285284254,4.68256646177182,0.624318574353555,0.446697096265526,0.99988016650531
"ENSG00000278291",0.422112817652672,1.02808195134996,0.624351688188888,0.44670179284222,0.99988016650531
"ENSG00000146205",-0.469201811584473,0.794712092085387,0.62433409549589,0.446729664708433,0.99988016650531
"ENSG00000198964",0.18768660410315,3.62300391192321,0.624177648577013,0.446747248915578,0.99988016650531
"ENSG00000294501",-0.411921689808483,0.59984573465297,0.624292193176324,0.446747749133744,0.99988016650531
"ENSG00000130560",0.11503148705413,6.48638371070485,0.623925506744628,0.446835998259574,0.99988016650531
"ENSG00000141504",-0.201257069290068,3.18848174837502,0.623851906660746,0.446862959308668,0.99988016650531
"ENSG00000145990",0.20914768522119,3.31472035133452,0.623809118459667,0.446878036059991,0.99988016650531
"ENSG00000265496",0.283267078814815,4.63519851930348,0.623800911257944,0.446880372371813,0.99988016650531
"ENSG00000116353",0.174627258512378,3.75061804506042,0.623368971183465,0.447033629763967,0.99988016650531
"ENSG00000090661",0.364025419319273,3.3296151854405,0.623307709200112,0.447055515601337,0.99988016650531
"ENSG00000170871",0.141901479454102,6.28641921486535,0.623224585602731,0.447084308643643,0.99988016650531
"ENSG00000106049",0.148838150131823,5.00903309192078,0.62315426619492,0.447109339486628,0.99988016650531
"ENSG00000197822",0.495046068301561,1.60228142668835,0.623137099268431,0.447123397463886,0.99988016650531
"ENSG00000198739",-0.350255063222486,1.52258701991986,0.623121008177748,0.447129322546244,0.99988016650531
"ENSG00000027001",-0.203510438844623,3.29952854401043,0.623079642731822,0.447136520709,0.99988016650531
"ENSG00000168575",0.133687882083836,6.6983771764508,0.623050596270677,0.447145979381719,0.99988016650531
"ENSG00000111540",-0.123840392389424,6.03797505719177,0.622992853000457,0.44716645577285,0.99988016650531
"ENSG00000102349",0.482217997896775,2.00154719109285,0.622811389839333,0.447234289702466,0.99988016650531
"ENSG00000171681",-0.130646905553644,5.94383767763123,0.622687437721947,0.447274759065129,0.99988016650531
"ENSG00000169991",0.349217086871971,1.85274425100742,0.622588699928618,0.447314405486974,0.99988016650531
"ENSG00000021645",0.419661102458309,0.944509983254464,0.622303173509124,0.447431191767108,0.99988016650531
"ENSG00000295053",0.235135642302686,3.24553757567792,0.622180890441852,0.447455233214651,0.99988016650531
"ENSG00000203325",-0.323037603673315,2.00661959704923,0.622068745452214,0.447497967130471,0.99988016650531
"ENSG00000120925",-0.131254003213884,4.81380024914094,0.621528274198998,0.447686414241128,0.99988016650531
"ENSG00000085377",0.128149280850536,5.85197734111242,0.621476035995812,0.447704759445325,0.99988016650531
"ENSG00000268938",0.642785499356581,1.20375062403499,0.621206845311248,0.447819361547284,0.99988016650531
"ENSG00000267827",0.718878440210586,-0.0183576134271455,0.621435274851832,0.447845577307029,0.99988016650531
"ENSG00000142409",0.115640974494766,5.76623675442149,0.620970898422009,0.447884268811047,0.99988016650531
"ENSG00000100650",-0.147571207769407,7.44850052267869,0.620856072638762,0.447925077816039,0.99988016650531
"ENSG00000302228",-0.200737909069461,4.23959491765081,0.620842298094324,0.447930271619754,0.99988016650531
"ENSG00000102904",0.622731091980337,0.0515274091373007,0.621032193993057,0.44801358179715,0.99988016650531
"ENSG00000185222",0.175732893236564,4.93716781961082,0.620479110701111,0.448059276599464,0.99988016650531
"ENSG00000247240",0.153464501887763,4.17575405942135,0.620326972793071,0.448113662365827,0.99988016650531
"ENSG00000219201",-0.50228555558387,0.101400261260531,0.62013237480779,0.448322220411929,0.99988016650531
"ENSG00000165494",-0.168073777543087,5.68985616800183,0.619485705509049,0.44841274680491,0.99988016650531
"ENSG00000054654",0.439729720948177,1.85308256441037,0.619489050641725,0.448417911065751,0.99988016650531
"ENSG00000102317",-0.123387232910634,8.13868859179728,0.619246849759089,0.448497822162125,0.99988016650531
"ENSG00000183397",-0.308283664725414,1.49615655295516,0.619143431643231,0.448541937830434,0.99988016650531
"ENSG00000156030",0.128457117167522,5.21603402818228,0.619122591850617,0.448542124844762,0.99988016650531
"ENSG00000117862",0.219073210270626,4.0300516287199,0.618911282169468,0.448617747145467,0.99988016650531
"ENSG00000196159",-0.395375458465149,0.830655016895602,0.61873259257007,0.448707746962251,0.99988016650531
"ENSG00000078369",-0.114342472150321,8.44545261962771,0.618397425959031,0.448800636268312,0.99988016650531
"ENSG00000186918",0.517364379699088,1.99482358743792,0.617755259737626,0.449034121460548,0.99988016650531
"ENSG00000170846",0.217843872484305,3.75598548626481,0.617632168479144,0.449074296692597,0.99988016650531
"ENSG00000232624",0.48492982521241,0.374071505940707,0.617713706941114,0.449144752677185,0.99988016650531
"ENSG00000218336",-0.216263338408522,3.95396214149917,0.617276982241503,0.449200952892214,0.99988016650531
"ENSG00000164062",-0.14751157173871,4.62595677030957,0.617266093412323,0.449204745947383,0.99988016650531
"ENSG00000144857",-0.466393861051137,1.02049551855636,0.617011800096988,0.44931399447543,0.99988016650531
"ENSG00000120210",-0.338983222789092,1.80953145642313,0.616868602396117,0.449352049897992,0.99988016650531
"ENSG00000220749",-0.139213510415134,5.72110839672899,0.616734045114539,0.44939462726384,0.99988016650531
"ENSG00000148158",0.411547716692417,2.55197961721253,0.616484782806914,0.449485594792874,0.99988016650531
"ENSG00000011275",-0.118745287080795,6.95152982570678,0.616366468210054,0.449526046420048,0.99988016650531
"ENSG00000266094",-0.122846889393425,5.29498333904041,0.616268512814906,0.449561105140553,0.99988016650531
"ENSG00000299803",0.471940525263437,0.805952420163041,0.616054010651682,0.44967444536141,0.99988016650531
"ENSG00000185291",-0.22348691709552,3.57551611820618,0.615769318773929,0.449740278663611,0.99988016650531
"ENSG00000292332",-0.22348691709552,3.57551611820618,0.615769318773929,0.449740278663611,0.99988016650531
"ENSG00000111602",0.139392824975925,4.53896671225795,0.615451622917187,0.449853711103441,0.99988016650531
"ENSG00000205913",-0.248135005664679,2.46451879527804,0.615360739174945,0.449888094346234,0.99988016650531
"ENSG00000214226",0.16577870383448,3.64928701208711,0.615290084480998,0.449911799849923,0.99988016650531
"ENSG00000224614",-0.521101686197829,0.14917890810109,0.614903610957667,0.450157166976821,0.99988016650531
"ENSG00000181588",0.17627937564025,4.31965185379112,0.614465762595445,0.450207007984327,0.99988016650531
"ENSG00000182831",0.170914349477339,4.41696629577324,0.61433582704077,0.450253570743688,0.99988016650531
"ENSG00000110841",0.214398409373584,4.65447480532722,0.614254797273103,0.450282613650193,0.99988016650531
"ENSG00000087206",0.128982383381556,5.44238141608002,0.614215876007331,0.45029633895102,0.99988016650531
"ENSG00000104549",-0.136529721412011,6.49676681483821,0.613991312309751,0.450376882238668,0.99988016650531
"ENSG00000143891",0.154022213065017,3.97521949419353,0.613901896144476,0.450409323336617,0.99988016650531
"ENSG00000141101",-0.118506660900746,5.6626356260574,0.613693136044993,0.450483896993374,0.99988016650531
"ENSG00000251326",0.454099515686908,3.38242695144448,0.613694889159236,0.450484099966635,0.99988016650531
"ENSG00000152760",0.134069588417619,6.18504421284527,0.613137617955925,0.450683354102655,0.99988016650531
"ENSG00000174579",-0.114076570663539,5.5445598710122,0.612711598729622,0.45083643464944,0.99988016650531
"ENSG00000273784",0.401451472595154,0.811649322252842,0.612603232102515,0.450900209643707,0.99988016650531
"ENSG00000229021",0.431009413848208,4.93963121430737,0.612073498140861,0.451065982808487,0.99988016650531
"ENSG00000291220",0.206083688691592,3.28784760949272,0.611748027329601,0.451183758739419,0.99988016650531
"ENSG00000170579",0.362723351951784,1.58730409166464,0.611516216935442,0.451273136690996,0.99988016650531
"ENSG00000173567",-0.444089669040276,1.08471798128923,0.611543838634225,0.4512735872489,0.99988016650531
"ENSG00000234807",-0.32669460815088,2.46336911241412,0.611266330619797,0.451358143617004,0.99988016650531
"ENSG00000221949",-0.433379729468516,0.880333737266093,0.611261547791064,0.451379501831061,0.99988016650531
"ENSG00000144580",-0.137010876818187,5.81281655432093,0.611094385156437,0.451418284045483,0.99988016650531
"ENSG00000291183",0.346077029154471,1.08568663852339,0.611087714123167,0.451434343183836,0.99988016650531
"ENSG00000226564",-0.19426154273975,5.58810790163957,0.610971111053202,0.45146269006296,0.99988016650531
"ENSG00000171988",-0.1453603571666,8.48756313363854,0.610723479238163,0.451551896185854,0.99988016650531
"ENSG00000244486",-0.516907269028566,0.45054533000289,0.610682938465676,0.451649188978719,0.99988016650531
"ENSG00000286531",-0.192833391400929,3.29937571073913,0.610182193036332,0.451747695239831,0.99988016650531
"ENSG00000105991",-0.379136213173129,1.11875877622038,0.610113344742758,0.451792425029492,0.99988016650531
"ENSG00000249898",0.200362318077276,3.39528231051008,0.609936043412959,0.451836521151779,0.99988016650531
"ENSG00000175063",0.135130200786144,5.87094903339037,0.609917686468111,0.451842437655364,0.99988016650531
"ENSG00000183943",-0.136450615580936,4.51844655486157,0.60987822850192,0.451856928218553,0.99988016650531
"ENSG00000169750",-0.414093277325338,0.387356097328036,0.610139966680209,0.451873579063601,0.99988016650531
"ENSG00000286909",0.319231103883472,2.29898015066935,0.609775536222588,0.451896500168808,0.99988016650531
"ENSG00000260493",0.477609513463093,0.913315116771764,0.609754656083645,0.451924817526036,0.99988016650531
"ENSG00000306369",0.623441577593464,0.371770009926173,0.609867892566893,0.4519291892722,0.99988016650531
"ENSG00000101413",0.142356227161586,4.4032579620538,0.609556845898272,0.451972905376284,0.99988016650531
"ENSG00000231332",0.446649259655132,2.671513808034,0.609319399764012,0.452060478880543,0.99988016650531
"ENSG00000144741",0.174688239924026,4.58908473380842,0.609251250865846,0.452083203515474,0.99988016650531
"ENSG00000167460",-0.121546290883596,8.68888138761552,0.609071384432869,0.452147895693839,0.99988016650531
"ENSG00000176490",0.357426154613526,3.07536094206892,0.608950338400795,0.452192561423339,0.99988016650531
"ENSG00000309678",-0.5244040706467,1.14955932795773,0.6089398866369,0.452207843304834,0.99988016650531
"ENSG00000114805",0.500187590264398,0.210633733939666,0.609085987454038,0.452263318106889,0.99988016650531
"ENSG00000163832",0.14189370954735,4.8277974921871,0.6087350805715,0.452269587616593,0.99988016650531
"ENSG00000225190",-0.149446604647973,4.49624688052504,0.608688450324475,0.452286489672261,0.99988016650531
"ENSG00000196440",0.188585459244603,4.29444035215375,0.608564003702966,0.452331495175566,0.99988016650531
"ENSG00000163913",0.23651019773871,3.54487966682999,0.608368007559476,0.452402626835756,0.99988016650531
"ENSG00000100490",-0.252988375270918,2.94360928054858,0.608133727736589,0.452487882045481,0.99988016650531
"ENSG00000263307",0.147957298244969,4.27140627981136,0.607994158970588,0.452537507959903,0.99988016650531
"ENSG00000069943",0.157941897270765,4.24340055073762,0.607856751664187,0.452587225001887,0.99988016650531
"ENSG00000267519",0.227069623407577,3.92109200708753,0.607823490281363,0.452599295948048,0.99988016650531
"ENSG00000160310",-0.113969234190443,6.80254657397759,0.607732907160339,0.452631726444235,0.99988016650531
"ENSG00000197037",-0.194599254776688,3.46191822845839,0.607424485298292,0.452743961939383,0.99988016650531
"ENSG00000111785",0.16067015813982,4.75817140196811,0.607421364457909,0.452744685767576,0.99988016650531
"ENSG00000100056",-0.181167784977906,3.44473010037069,0.607384811926238,0.452758382086514,0.99988016650531
"ENSG00000139725",-0.230110629830478,3.93432176626254,0.6072806111634,0.452795847105898,0.99988016650531
"ENSG00000171840",-0.148101120473305,4.13600993305754,0.607138595892397,0.452847175894528,0.99988016650531
"ENSG00000268895",0.21797057198675,2.87763631026931,0.607105996210335,0.452859745697279,0.99988016650531
"ENSG00000137094",-0.228721618318648,2.53391116018773,0.606844026118701,0.452955281313047,0.99988016650531
"ENSG00000064687",0.344900855245456,3.29803214443863,0.606646633714249,0.453025795500054,0.99988016650531
"ENSG00000253238",-0.360593632009839,0.82067619966673,0.606699152420179,0.453029122795657,0.99988016650531
"ENSG00000234753",0.318734348145412,2.61702489196249,0.606572868047438,0.453053371719272,0.99988016650531
"ENSG00000267321",-0.254325383140354,2.6105545043528,0.606562692729197,0.453057405898238,0.99988016650531
"ENSG00000187189",0.236077310787348,2.53926797994417,0.605848835470563,0.453316011028887,0.99988016650531
"ENSG00000139970",-0.281312087043733,4.96460213105411,0.605695828620834,0.453369803238617,0.99988016650531
"ENSG00000196150",-0.208156829678826,3.08821860708683,0.605562328318853,0.453419204415891,0.99988016650531
"ENSG00000284738",0.332375308527778,1.40000293109241,0.605537400888627,0.453435516673301,0.99988016650531
"ENSG00000290846",0.258882579307316,3.08068047384067,0.605438601384742,0.453464023200775,0.99988016650531
"ENSG00000166024",0.138545426287732,5.08670928814265,0.605339363618842,0.453499130793851,0.99988016650531
"ENSG00000168876",-0.206796151747218,3.8557902759999,0.605260411803222,0.453528220068438,0.99988016650531
"ENSG00000170745",0.570769876160372,0.0640080666690986,0.605531735147024,0.453543715920355,0.99988016650531
"ENSG00000230131",-0.371850936491243,1.20154624580857,0.605241148609924,0.453552380003286,0.99988016650531
"ENSG00000231767",0.141185024797926,4.51836319596576,0.605141231434985,0.45357129413224,0.99988016650531
"ENSG00000306474",-0.325132307881228,1.34940019253482,0.605152053701671,0.453576285261085,0.99988016650531
"ENSG00000306630",1.2659495754615,0.578459833723115,0.60532928631844,0.45357765959045,0.99988016650531
"ENSG00000180398",0.129195139793468,5.57496958849056,0.605107416807253,0.453583319610138,0.99988016650531
"ENSG00000164088",0.31224361631453,2.38738818227967,0.604817665799638,0.45369052451348,0.99988016650531
"ENSG00000160229",0.189454132724168,3.57756548618617,0.604773234163398,0.453705258262096,0.99988016650531
"ENSG00000304895",0.524577824897035,0.226616888283435,0.604195695094828,0.453982228376075,0.99988016650531
"ENSG00000308832",0.557929612165662,0.440749248262138,0.604107587219077,0.45399850292769,0.99988016650531
"ENSG00000168329",0.243648854509254,4.71274565099145,0.603683029158849,0.454101186993691,0.99988016650531
"ENSG00000170873",0.160289734899414,4.99097601254097,0.603355863377318,0.454220031967387,0.99988016650531
"ENSG00000154415",1.03580382715001,0.058488075625869,0.603641531802962,0.454232792291737,0.99988016650531
"ENSG00000189152",0.487986067800327,0.360842347779911,0.603407869923422,0.454264020011365,0.99988016650531
"ENSG00000198597",0.562898230641214,2.26603387603802,0.603022082886655,0.454344318542482,0.99988016650531
"ENSG00000137269",0.238260693352613,2.4981898378873,0.60294263993255,0.454372376293849,0.99988016650531
"ENSG00000204619",0.170982473416374,4.7866865211259,0.602700622405725,0.454458777889131,0.99988016650531
"ENSG00000291145",0.248998907834736,2.24216874028535,0.602609396150289,0.454494543620238,0.99988016650531
"ENSG00000172260",-0.219549373069756,6.47760555774655,0.602485058501716,0.454537107951593,0.99988016650531
"ENSG00000251139",-0.474093141238772,0.15758656378854,0.602135585893911,0.45468643883293,0.99988016650531
"ENSG00000235363",-0.33480108071305,2.46082901138472,0.602022064152627,0.454707961674904,0.99988016650531
"ENSG00000290921",0.13356563090219,4.93492569316358,0.601890554271674,0.454753920219296,0.99988016650531
"ENSG00000179409",0.2117480327989,2.95695459814567,0.601834892378704,0.454775448700949,0.99988016650531
"ENSG00000130222",-0.42901968572518,0.574584004198179,0.601752133341902,0.454850351298169,0.99988016650531
"ENSG00000198742",0.132200908591778,6.03451651604829,0.601132611286978,0.455030340175984,0.99988016650531
"ENSG00000143614",0.122529745836595,6.67048232913087,0.601078120844336,0.455050226189507,0.99988016650531
"ENSG00000308303",0.40014776703694,2.73072761901441,0.600779243241593,0.455160979492787,0.99988016650531
"ENSG00000114686",0.116841221388967,6.84413697505698,0.600604676083771,0.455223113502115,0.99988016650531
"ENSG00000198342",0.351491154325813,1.52542564306546,0.600622301831662,0.455226306776088,0.99988016650531
"ENSG00000225259",0.518778836964658,0.225614946381553,0.600761056665995,0.455253723693391,0.99988016650531
"ENSG00000232412",0.53518945183176,0.305756555735919,0.600750164170101,0.455256263935781,0.99988016650531
"ENSG00000296272",0.370573723011904,0.975460233725349,0.600418972870737,0.455325639791228,0.99988016650531
"ENSG00000140265",-0.174748011938868,3.66902996238747,0.600234657832406,0.455358819817643,0.99988016650531
"ENSG00000099250",-0.173507233067347,8.05048961239715,0.600230848129789,0.455359699608259,0.99988016650531
"ENSG00000288684",-0.300814564612044,1.90374312594116,0.600221226314555,0.455367278929147,0.99988016650531
"ENSG00000161040",0.314695411292057,2.048135470395,0.599990110660618,0.45545202345336,0.99988016650531
"ENSG00000289727",0.346276119841157,1.5987483093677,0.599742205184883,0.455544615382698,0.99988016650531
"ENSG00000273108",0.327955068725262,1.72570874489891,0.599692198569025,0.455561864274717,0.99988016650531
"ENSG00000170448",-0.155795109792461,4.31527565338307,0.599612317957212,0.455586125931061,0.99988016650531
"ENSG00000249532",0.357507819619652,1.52902003854068,0.599510283374455,0.45562965949779,0.99988016650531
"ENSG00000174721",-0.543200246558042,0.211294450657834,0.59989307786741,0.455637601011284,0.99988016650531
"ENSG00000185000",0.225786251074255,4.37005242154092,0.599447654256776,0.455646401093155,0.99988016650531
"ENSG00000298570",0.547580461689931,0.279272709107884,0.599635254771558,0.455682966448216,0.99988016650531
"ENSG00000132254",-0.1571948764809,3.99115864691738,0.599337502341385,0.455686772723565,0.99988016650531
"ENSG00000154781",-0.174413931613475,4.68985855558995,0.598503163866389,0.455992101248078,0.99988016650531
"ENSG00000261118",0.39057678168029,1.63656163876222,0.598471315555297,0.456009588597198,0.99988016650531
"ENSG00000130226",0.464758388952144,1.09134798000942,0.598382983984216,0.456049488416218,0.99988016650531
"ENSG00000101000",0.286106614221076,4.6534552497089,0.598258605722639,0.456081707557861,0.99988016650531
"ENSG00000180346",-0.299893287593769,2.32937678999988,0.597833003724068,0.456240217096579,0.99988016650531
"ENSG00000139722",-0.153931922275772,4.12317446961532,0.597739098392972,0.456272217253329,0.99988016650531
"ENSG00000063244",-0.124328593850048,7.22628433860768,0.597737693303025,0.456272414047133,0.99988016650531
"ENSG00000073711",0.162783142089065,4.94228311972372,0.597653962779036,0.456303233518171,0.99988016650531
"ENSG00000271270",0.181836278316923,3.95077713582761,0.597556498466111,0.456339258046279,0.99988016650531
"ENSG00000078070",0.138401418204674,5.5331446936065,0.59732192404035,0.456424937659367,0.99988016650531
"ENSG00000170322",-0.15404604500541,5.25065204291842,0.597301526987323,0.456432433080959,0.99988016650531
"ENSG00000141568",0.120931834593095,5.99791241993522,0.597174107146661,0.456479170485881,0.99988016650531
"ENSG00000133247",0.216105610845609,3.39744139471973,0.597146499063653,0.456490070309886,0.99988016650531
"ENSG00000042317",0.227181804455707,3.02258795604443,0.597145510118944,0.456490633518407,0.99988016650531
"ENSG00000293171",0.506515428035137,0.434606339113946,0.597331736927018,0.456509270737539,0.99988016650531
"ENSG00000168159",0.137587026982463,5.76631562637922,0.597031492301417,0.45653151811884,0.99988016650531
"ENSG00000180901",-0.161556613175212,3.77669475126047,0.596868931316762,0.456591651832679,0.99988016650531
"ENSG00000185896",-0.122252894489528,6.28322365265568,0.596754875088843,0.456633063697993,0.99988016650531
"ENSG00000162695",-0.128632016317934,6.58206405086838,0.596737647839597,0.456639386977356,0.99988016650531
"ENSG00000145002",0.442547710754971,0.250243442737099,0.596710362782038,0.456746558342413,0.99988016650531
"ENSG00000275023",-0.148926253188003,6.76188855833216,0.596444305322474,0.45674712353661,0.99988016650531
"ENSG00000135637",-0.201488107890165,3.30332626840925,0.596398994163641,0.456764546793887,0.99988016650531
"ENSG00000222009",-0.238664170859732,2.68096764799094,0.596262513391308,0.456815345005931,0.99988016650531
"ENSG00000159069",-0.113373352844461,6.23325101940352,0.59617418541083,0.456846373748398,0.99988016650531
"ENSG00000088970",0.172288470791937,4.35367205968954,0.596170530414087,0.456848005461287,0.99988016650531
"ENSG00000234311",0.809777172291567,0.668771454097294,0.596304409326184,0.456890729017313,0.99988016650531
"ENSG00000091073",-0.133524347332275,5.08138700963273,0.595960356695538,0.456924987753697,0.99988016650531
"ENSG00000163599",-0.524737892382795,-0.0411139658510765,0.595877087254459,0.457116542391073,0.99988016650531
"ENSG00000171222",-0.153990500311842,6.3611892270236,0.594913979767705,0.457309874240094,0.99988016650531
"ENSG00000259065",-0.612016100922642,0.723884325190382,0.594957651347453,0.457332749577854,0.99988016650531
"ENSG00000009694",-0.300465918077903,2.44994868914418,0.594656150665341,0.45740682921116,0.99988016650531
"ENSG00000073712",-0.305401068149856,2.33463803099716,0.594607505818437,0.457424913771884,0.99988016650531
"ENSG00000087365",-0.124084601064621,7.65206543187145,0.594542598219566,0.457446613765843,0.99988016650531
"ENSG00000235092",0.460787715728359,0.653250171771216,0.59451464157381,0.457492490616577,0.99988016650531
"ENSG00000137714",-0.124723256424524,5.19883634405686,0.594146450760911,0.457592580939313,0.99988016650531
"ENSG00000224950",-0.280316218925643,3.1106054849389,0.594110699279797,0.457606576103464,0.99988016650531
"ENSG00000104852",-0.116221534610428,7.40313706978714,0.594048915140931,0.457628497918218,0.99988016650531
"ENSG00000155465",0.172684715989477,6.06230814547244,0.593836538293774,0.457706786688143,0.99988016650531
"ENSG00000139354",0.293281228881497,3.2673281097956,0.593717180746848,0.457751532226149,0.99988016650531
"ENSG00000152315",-0.497920085266514,1.11779698526922,0.593391963022925,0.457886556668968,0.99988016650531
"ENSG00000230074",-0.191581739853649,4.07584608236282,0.593335760163492,0.457891838906205,0.99988016650531
"ENSG00000188827",0.192890121265642,3.29756233329,0.593311625040153,0.457901103186615,0.99988016650531
"ENSG00000137309",0.139441746626582,8.8149359944093,0.593069011506351,0.457989876896475,0.99988016650531
"ENSG00000161847",0.326523184719947,1.63963497920208,0.592985893471164,0.458026564821334,0.99988016650531
"ENSG00000125954",-0.240587484211126,2.66561348644597,0.592852392625319,0.458071329984478,0.99988016650531
"ENSG00000198744",0.260414191977733,8.40360689162251,0.592374198446976,0.458246410399645,0.99988016650531
"ENSG00000138796",0.129134409372877,4.78603712407115,0.592301672418215,0.458273449094856,0.99988016650531
"ENSG00000261644",-0.424610976566565,1.11973186677223,0.592079833719143,0.458368388770502,0.99988016650531
"ENSG00000132388",0.132256681518225,4.8101113839094,0.592041499002821,0.458369550908085,0.99988016650531
"ENSG00000153113",-0.23204801208582,3.11673509511271,0.591982027189269,0.458392180221329,0.99988016650531
"ENSG00000304314",0.399418184998064,2.82293615774135,0.591179916826384,0.458688985468788,0.99988016650531
"ENSG00000141564",0.142256374457448,6.53610311164417,0.591173513142515,0.458690294419718,0.99988016650531
"ENSG00000111647",0.148894751061307,5.3816524793534,0.591014753293489,0.458749059487859,0.99988016650531
"ENSG00000075239",0.135411601004625,5.9654037960922,0.590997994336447,0.458755249968684,0.99988016650531
"ENSG00000121454",-0.293144160034251,3.9294138137063,0.590919152820545,0.458784889539028,0.99988016650531
"ENSG00000180938",0.549147222823934,0.680001053756473,0.590896973915593,0.458829211875916,0.99988016650531
"ENSG00000116266",-0.137148671854311,5.96566752223982,0.590651533159293,0.458883497056987,0.99988016650531
"ENSG00000258099",-0.257156796512286,2.38203903700413,0.590594317331686,0.458906907849637,0.99988016650531
"ENSG00000110442",-0.157838605931659,4.73474103101479,0.590574273821897,0.458912341449645,0.99988016650531
"ENSG00000239213",0.192619463009284,4.01031394698381,0.590383041058371,0.458983248262172,0.99988016650531
"ENSG00000111912",-0.153148303761823,6.25377460121743,0.590251135970495,0.459031782933519,0.99988016650531
"ENSG00000308288",-0.535254950710182,0.00901996822054007,0.590663260811437,0.459040092503947,0.99988016650531
"ENSG00000171044",0.125218911875304,6.49441255417074,0.590141466805911,0.459072412546244,0.99988016650531
"ENSG00000181444",0.276881150221126,2.58097947278698,0.590080356928262,0.459096885823234,0.99988016650531
"ENSG00000126247",-0.145723167408334,7.10332948533789,0.589926455178325,0.45915208653224,0.99988016650531
"ENSG00000286221",-0.513081106096283,1.01782642731316,0.58986895460181,0.459197915281246,0.99988016650531
"ENSG00000167987",-0.147465371607864,5.60789977914616,0.589612026844132,0.459268658797992,0.99988016650531
"ENSG00000154917",0.921348208545531,0.848924593301944,0.589435854477326,0.459354508923512,0.99988016650531
"ENSG00000135241",-0.183617083061791,4.10888324689191,0.589271423951579,0.459395274082517,0.99988016650531
"ENSG00000260420",0.207723706474149,2.88322321192095,0.589232202986534,0.459410718602022,0.99988016650531
"ENSG00000267169",0.186849668614055,4.44110332190233,0.589150899951294,0.459439931099444,0.99988016650531
"ENSG00000223855",0.632553047620979,0.627861978025484,0.589054064510978,0.459517247130853,0.99988016650531
"ENSG00000275329",-0.461442435757026,0.861679145631756,0.588894447347503,0.459559186157727,0.99988016650531
"ENSG00000128692",-0.126132906040113,5.43927818745085,0.58877210714698,0.459580269139803,0.99988016650531
"ENSG00000153179",-0.142346228987152,5.77858610909295,0.588675727346756,0.459616039528992,0.99988016650531
"ENSG00000274276",0.201273139963136,3.932955403287,0.588583717653236,0.459650604328242,0.99988016650531
"ENSG00000089737",-0.128556474643645,6.79119957470724,0.588333776395803,0.459743012133638,0.99988016650531
"ENSG00000260891",0.640257112458056,0.279484164641152,0.588430027551055,0.459781674247826,0.99988016650531
"ENSG00000260111",0.419207893923485,2.31576245624545,0.587865501966486,0.459919217389106,0.99988016650531
"ENSG00000163283",-0.351021113183411,10.1336940946333,0.587677298735425,0.459986954122544,0.99988016650531
"ENSG00000106948",-0.115968574184877,5.97246431461923,0.587334417944611,0.460114464127007,0.99988016650531
"ENSG00000127580",0.235272782024773,2.66766065940933,0.587195046737436,0.460167835998249,0.99988016650531
"ENSG00000136280",-0.123544593438605,6.16880255652805,0.587095809580525,0.4602032238484,0.99988016650531
"ENSG00000096080",-0.151274440118652,5.29631296681662,0.586881842883581,0.460282863430272,0.99988016650531
"ENSG00000243824",0.553869362784754,0.228697580013311,0.587155573709547,0.460288903612654,0.99988016650531
"ENSG00000298976",0.463268072489365,0.324352220618873,0.586898844027605,0.460332046750872,0.99988016650531
"ENSG00000148677",-0.380776913521531,1.51749562749373,0.586747647507523,0.460340544232955,0.99988016650531
"ENSG00000239605",0.63045016056552,0.371809119477061,0.586343756630072,0.460561546255892,0.99988016650531
"ENSG00000290292",-0.163078680786842,4.05441458795017,0.586092030639322,0.460577290770585,0.99988016650531
"ENSG00000106477",0.194700863639237,3.52348617065991,0.585829166504888,0.460675500027435,0.99988016650531
"ENSG00000163596",-0.246891238858615,2.20326724910806,0.58568677059437,0.460730990645693,0.99988016650531
"ENSG00000214455",-0.585785731373505,0.138441980908998,0.585688865451573,0.460837268325793,0.99988016650531
"ENSG00000100101",0.361239983584223,1.55910217110121,0.585381222706187,0.460848613447246,0.99988016650531
"ENSG00000236751",-0.135427179535881,5.27145543803414,0.585097521404052,0.460947746810614,0.99988016650531
"ENSG00000166340",-0.32866488536298,1.3061973996394,0.584995052867087,0.460996414364437,0.99988016650531
"ENSG00000145782",-0.139004378047288,5.28590972051702,0.584882443703463,0.461027997282192,0.99988016650531
"ENSG00000052795",-0.129843990529672,4.85034062499764,0.584795945024308,0.461060417959954,0.99988016650531
"ENSG00000175806",0.136449535462351,5.84849875878907,0.58449359325397,0.46117313986014,0.99988016650531
"ENSG00000116898",-0.183486361397812,5.39562732813961,0.584377352757771,0.461216557841764,0.99988016650531
"ENSG00000129946",-0.145235611713926,4.01345682897019,0.584293426411483,0.461248212487194,0.99988016650531
"ENSG00000299043",-0.39814084043348,0.279591955847643,0.584238315902294,0.461369904892801,0.99988016650531
"ENSG00000128585",-0.129149529956209,6.86089189365294,0.583927174667973,0.461384707211834,0.99988016650531
"ENSG00000299858",-0.187616396968329,4.95872251509727,0.583759570711302,0.461447415228088,0.99988016650531
"ENSG00000143702",-0.139893856749905,7.76874933080848,0.583745994353629,0.46145241750377,0.99988016650531
"ENSG00000291092",0.145569605048605,4.26342229868479,0.583737315071533,0.461455942049239,0.99988016650531
"ENSG00000148459",0.156934331786722,5.01724831510162,0.583705848730251,0.461467535554816,0.99988016650531
"ENSG00000138246",-0.13511432910592,5.09592201048837,0.583479942454446,0.461551931645167,0.99988016650531
"ENSG00000151292",-0.121443495648269,5.45004379927356,0.583316166727219,0.461613142209718,0.99988016650531
"ENSG00000155629",-0.15949034234276,7.95780673751957,0.583147537183303,0.461676197418626,0.99988016650531
"ENSG00000137500",-0.176356416307194,4.57046953615885,0.583124486916984,0.461685072896588,0.99988016650531
"ENSG00000180198",0.136694995441072,6.23689279933122,0.583123105589617,0.461685343712017,0.99988016650531
"ENSG00000197451",0.121339326470499,7.81709184918165,0.583065070661925,0.461707048681985,0.99988016650531
"ENSG00000267009",0.470707042477318,0.312223040783405,0.583001208441033,0.461795748832322,0.99988016650531
"ENSG00000156253",-0.141578576171353,4.22720211051393,0.582803681028536,0.46180515475872,0.99988016650531
"ENSG00000100554",-0.130480974315805,5.32352143358861,0.58261678190716,0.461874839229623,0.99988016650531
"ENSG00000245060",-0.248343047774315,2.24421284003166,0.58253684918237,0.461907574975222,0.99988016650531
"ENSG00000135956",-0.11897645381209,5.34978725552474,0.58233150188618,0.461981654996674,0.99988016650531
"ENSG00000290008",0.347102373125141,2.05817552715108,0.582101639949554,0.462070529676074,0.99988016650531
"ENSG00000302078",-0.431700148531086,0.32349015307685,0.582193849893357,0.462116331946464,0.99988016650531
"ENSG00000165113",0.337793891022913,1.85831749911995,0.581923953561779,0.462139676938178,0.99988016650531
"ENSG00000177889",-0.124528257436114,7.18853472236179,0.581897385478574,0.462144261107452,0.99988016650531
"ENSG00000285777",-0.153064213509265,4.52998859723161,0.581856410974324,0.462159865600285,0.99988016650531
"ENSG00000293159",-0.327296140351268,1.70972782631072,0.581767093741576,0.462198348081101,0.99988016650531
"ENSG00000188107",-0.217979064457427,3.18044296208651,0.581664508651883,0.462232307279718,0.99988016650531
"ENSG00000166913",-0.113404578304689,8.72592881682823,0.581019826538049,0.462473303325617,0.99988016650531
"ENSG00000232888",-0.270326742402663,2.12767228048686,0.58102757931953,0.462473569423789,0.99988016650531
"ENSG00000104765",-0.11713429489845,6.03100227684347,0.580414736099972,0.462700423692507,0.99988016650531
"ENSG00000130119",0.128393689165517,5.93938180673251,0.580022067636929,0.462847911249971,0.99988016650531
"ENSG00000138629",-0.156299116017473,4.21012170050243,0.57980767177872,0.462928774115111,0.99988016650531
"ENSG00000177485",-0.14808286734405,4.31063069888415,0.579669547873385,0.462980674919621,0.99988016650531
"ENSG00000225292",0.57610860330652,0.453185762211397,0.579791742799526,0.462983011504827,0.99988016650531
"ENSG00000225544",-0.439385446427337,0.616767983825404,0.579730046687118,0.463004843490241,0.99988016650531
"ENSG00000259305",0.406153758098067,0.562519848504226,0.579716765240734,0.463014696880042,0.99988016650531
"ENSG00000186567",-0.176424853178139,3.24822429117176,0.579091124699716,0.463198644205051,0.99988016650531
"ENSG00000291082",0.162098713191811,3.99732998104115,0.578968776286456,0.463244265879221,0.99988016650531
"ENSG00000308697",-0.525588479172599,0.585651933241115,0.578995178766946,0.463279894702605,0.99988016650531
"ENSG00000188095",0.876802916676318,0.240952432085644,0.57897210018166,0.463313777739105,0.99988016650531
"ENSG00000122432",0.260453452907131,3.05673880462028,0.578754977815372,0.463325352821411,0.99988016650531
"ENSG00000164040",0.120406978347583,5.07228159862322,0.578660356433185,0.46336006274838,0.99988016650531
"ENSG00000229321",-0.367475330844745,1.61641916280092,0.578509078803196,0.463423080384176,0.99988016650531
"ENSG00000175471",-0.158279857465605,7.33853247253771,0.578447123643621,0.463440248363743,0.99988016650531
"ENSG00000114790",-0.287325461486805,1.73932460639813,0.578380391698114,0.463471011043146,0.99988016650531
"ENSG00000198517",0.150421195137918,4.05061889485931,0.578246250776254,0.463516221041456,0.99988016650531
"ENSG00000285572",-0.414331912593034,0.638060998322203,0.577992177442427,0.463644974454283,0.99988016650531
"ENSG00000134900",-0.15072879377912,6.40637788350707,0.577895422282588,0.463648056539837,0.99988016650531
"ENSG00000173542",0.117058108757485,5.63201602224883,0.577750141729895,0.46370281326062,0.99988016650531
"ENSG00000103994",-0.149799470302483,6.72182494457019,0.57773057297022,0.46371017688013,0.99988016650531
"ENSG00000103485",0.229405836553177,6.6956429382045,0.577709783890762,0.46371801273373,0.99988016650531
"ENSG00000070770",0.116838456734042,5.87180260392162,0.577657692419774,0.463737653465571,0.99988016650531
"ENSG00000100227",-0.16388840164177,3.55534809837289,0.577310257410365,0.46386924356529,0.99988016650531
"ENSG00000287555",0.353499228761849,3.38777798669229,0.577279671828422,0.463880911983096,0.99988016650531
"ENSG00000043093",-0.118040197227024,5.51231386348853,0.576937090729676,0.464009410689394,0.99988016650531
"ENSG00000304545",-0.44181466474412,0.55334791396415,0.57695757513063,0.464061615449068,0.99988016650531
"ENSG00000089639",-0.161082397178092,4.88190766457443,0.576720726431228,0.464091215743431,0.99988016650531
"ENSG00000107789",0.165528445246267,3.97502505703845,0.576650533913343,0.46411785699891,0.99988016650531
"ENSG00000261366",-0.228930435910215,3.32631737681569,0.576581896768574,0.464144158871797,0.99988016650531
"ENSG00000308599",-0.454158412704671,1.03671666224432,0.576518299099181,0.464183649927205,0.99988016650531
"ENSG00000116711",-0.130198944770163,5.54985635486412,0.5760423997623,0.464347188219789,0.99988016650531
"ENSG00000196428",-0.12753131317227,5.577034122723,0.575850051520847,0.464419862065147,0.99988016650531
"ENSG00000241399",0.162395180940035,3.93301026252625,0.575715602205711,0.464471100049563,0.99988016650531
"ENSG00000012174",0.145698230401121,4.29362308215345,0.575533064230392,0.464539928285881,0.99988016650531
"ENSG00000178974",-0.135189605138366,4.58876519352304,0.575496294483063,0.464553800030557,0.99988016650531
"ENSG00000171502",-0.182338405209617,3.39528616034701,0.575358261110664,0.464606365854209,0.99988016650531
"ENSG00000107833",0.150693019793344,4.99701691712869,0.575348150979132,0.464609727038066,0.99988016650531
"ENSG00000169155",-0.164415708261637,5.14604896914691,0.57531417493941,0.464622444708021,0.99988016650531
"ENSG00000232187",-0.197465120900179,6.0292880234828,0.575285146814739,0.464633400356947,0.99988016650531
"ENSG00000250331",-0.30315776407037,1.69907010100638,0.57529570703102,0.464634822451186,0.99988016650531
"ENSG00000125257",0.159964036758362,5.35040955870592,0.575223871589656,0.464656587629582,0.99988016650531
"ENSG00000213064",-0.131925658103843,6.23564004799812,0.575035515927183,0.464727817971877,0.99988016650531
"ENSG00000144895",-0.105435503076399,6.43748049622806,0.574196344940496,0.465045460148734,0.99988016650531
"ENSG00000074935",-0.247110726565124,2.72554252259512,0.574083811160648,0.465089552864147,0.99988016650531
"ENSG00000136243",0.127387988119785,6.32738697671323,0.573899974998246,0.465157731500271,0.99988016650531
"ENSG00000145882",0.181294334681112,4.37086692132576,0.573834800599294,0.465182702926493,0.99988016650531
"ENSG00000119965",0.196343586626331,2.89702755890417,0.573730155893212,0.465223176392208,0.99988016650531
"ENSG00000172795",0.134864906344088,5.7978424798709,0.57355193074254,0.465289642578807,0.99988016650531
"ENSG00000310286",0.63108111478792,0.23314453445993,0.573573171382057,0.465360489425434,0.99988016650531
"ENSG00000300894",0.465780343955031,0.93080279070803,0.573158327453273,0.465465246108067,0.99988016650531
"ENSG00000089775",0.174229822706639,3.49388627380866,0.573008954973442,0.465496060433777,0.99988016650531
"ENSG00000301341",-0.479935768526374,0.443375004113919,0.573184593635423,0.465505033710884,0.99988016650531
"ENSG00000295468",0.364704150696049,0.785947594192763,0.572650013214903,0.465654015330683,0.99988016650531
"ENSG00000215241",0.292575199938469,2.4087761756422,0.572429200514593,0.465717736600525,0.99988016650531
"ENSG00000253356",0.494641127321729,0.640753946787387,0.572537655933574,0.465719556639902,0.99988016650531
"ENSG00000299479",0.195657929326433,3.23903079412532,0.572419377076168,0.46572021009451,0.99988016650531
"ENSG00000163374",0.113430160748583,6.06506204956255,0.57233997186957,0.465749457376458,0.99988016650531
"ENSG00000261799",-0.29003696694335,1.95307098700828,0.572278357092342,0.465776686188336,0.99988016650531
"ENSG00000111961",0.130121964409978,7.19434318197753,0.572245452952515,0.465785343825563,0.99988016650531
"ENSG00000163132",0.288494538203669,2.65718398404224,0.572172786122381,0.465814318343171,0.99988016650531
"ENSG00000143226",-0.346085201304064,1.44937360203915,0.572122701342567,0.465841548286433,0.99988016650531
"ENSG00000076928",0.111075828224626,5.9848715273939,0.572054792115514,0.465857769524821,0.99988016650531
"ENSG00000160712",-0.132092886592584,7.74270206084269,0.571948102176315,0.465898291807034,0.99988016650531
"ENSG00000130726",0.134420791383278,7.48787244988047,0.571891937051154,0.465919631707614,0.99988016650531
"ENSG00000287097",-0.54749939710314,1.13455742582955,0.571763649243894,0.466018598154467,0.99988016650531
"ENSG00000105889",-0.13710586410178,10.8666251091219,0.571631250177332,0.466018698498312,0.99988016650531
"ENSG00000158411",-0.108490416066503,5.84752100760993,0.571556054599538,0.466047292411704,0.99988016650531
"ENSG00000120709",-0.128557804986987,4.7634186054238,0.57144854275175,0.466088368991958,0.99988016650531
"ENSG00000117597",0.176743005442405,3.62646443517174,0.571423022784396,0.46609836073452,0.99988016650531
"ENSG00000130702",0.366569972022594,2.78613094775021,0.571350408126302,0.466126984990566,0.99988016650531
"ENSG00000142684",-0.15575177351265,4.85655506135214,0.571101006401457,0.466220513318916,0.99988016650531
"ENSG00000198780",-0.321408692502612,1.66128523260151,0.571015428608584,0.46625833693387,0.99988016650531
"ENSG00000264247",-0.175596613545455,3.73269167016033,0.570979797515233,0.466266910014915,0.99988016650531
"ENSG00000214407",-0.5094259929743,0.050201401007188,0.571191143436078,0.466299169342347,0.99988016650531
"ENSG00000186111",-0.148101109836787,5.42862660997691,0.570732575204761,0.466360514737704,0.99988016650531
"ENSG00000290762",0.323555416655855,2.17505003862641,0.570740219454457,0.466360565241382,0.99988016650531
"ENSG00000135776",-0.112142813460851,5.46074826955987,0.570623018799896,0.466402212861493,0.99988016650531
"ENSG00000125089",-0.141125854610311,4.91250200493712,0.570296221432633,0.466526663624318,0.99988016650531
"ENSG00000307246",0.822117275171085,0.459454313541703,0.570130007922768,0.466643101098757,0.99988016650531
"ENSG00000163626",-0.168066239820247,3.74246703972786,0.569869385344568,0.466689673528913,0.99988016650531
"ENSG00000203808",0.358006980292823,1.29692212656835,0.569815847627753,0.466718836705336,0.99988016650531
"ENSG00000179833",0.145145034846871,5.00874846819111,0.569628247645496,0.466781246858313,0.99988016650531
"ENSG00000178694",0.174916385612278,4.52673561360586,0.569603270220109,0.466790868152388,0.99988016650531
"ENSG00000241449",-0.399230787652179,0.953243639010466,0.569471751785688,0.466881982133677,0.99988016650531
"ENSG00000184730",0.138077675200539,5.22040224109416,0.569322389715631,0.466897727937941,0.99988016650531
"ENSG00000235904",0.474590869617713,0.543400117503742,0.569368253422527,0.466922608654314,0.99988016650531
"ENSG00000176624",0.191927589035524,3.06307934640462,0.56907206382371,0.466994212469281,0.99988016650531
"ENSG00000124216",-0.152888064394233,4.13353315716512,0.569059721434575,0.466998167724165,0.99988016650531
"ENSG00000249437",0.130580171779263,4.90199974678856,0.568993449986623,0.467023302307056,0.99988016650531
"ENSG00000104689",0.277205054222955,3.6374355377294,0.568680681956519,0.467143018913601,0.99988016650531
"ENSG00000163513",0.136417592824475,5.39632800426799,0.568525227033115,0.467201865834324,0.99988016650531
"ENSG00000188283",-0.206602502854665,3.21103818030733,0.568347815575793,0.467270388460127,0.99988016650531
"ENSG00000224897",-0.287311470159809,1.86508558667783,0.568320766609486,0.467284052382684,0.99988016650531
"ENSG00000300578",0.513397345002437,0.572130153985306,0.568340669686197,0.467335435231853,0.99988016650531
"ENSG00000127328",0.478373048314796,0.514931393493223,0.568006141155247,0.467443886899699,0.99988016650531
"ENSG00000205476",0.338642116922849,3.45144261812719,0.567204589357043,0.467707145704273,0.99988016650531
"ENSG00000304428",0.140935027162362,4.78926910047992,0.566950668634568,0.467803707306315,0.99988016650531
"ENSG00000143153",-0.165160585808394,3.42561353578783,0.566803678074207,0.467860487423233,0.99988016650531
"ENSG00000224985",-0.334925757067478,1.07468248333552,0.56655012557401,0.467975066986127,0.99988016650531
"ENSG00000164172",0.190146854609061,3.41445993248688,0.566435950515019,0.468001256044428,0.99988016650531
"ENSG00000236104",-0.132511845635488,4.24447371839515,0.566413404476043,0.468009514566963,0.99988016650531
"ENSG00000176383",0.59924113070727,0.234948330502999,0.566440190776949,0.46810136948284,0.99988016650531
"ENSG00000176209",0.149356535456674,5.63523587140415,0.566034712855527,0.46815427316928,0.99988016650531
"ENSG00000162777",-0.188125088641509,4.10718222485472,0.565959586796032,0.468183351984435,0.99988016650531
"ENSG00000149091",0.121794262923861,6.55408356342674,0.565829399747694,0.46823292372438,0.99988016650531
"ENSG00000301622",0.499471136541996,0.675324165129231,0.565804984112178,0.468271138276205,0.99988016650531
"ENSG00000173988",0.536842632572429,1.48887780857409,0.56555422949942,0.468345614651949,0.99988016650531
"ENSG00000259178",0.51219758885123,0.5286207501688,0.565561640692788,0.46838202420947,0.99988016650531
"ENSG00000175727",0.12478413142994,6.10760854996799,0.565379618829424,0.468405334503468,0.99988016650531
"ENSG00000005187",0.288390831902035,2.97898072630134,0.565245242335793,0.468457932304836,0.99988016650531
"ENSG00000148814",-0.289542243037639,1.69720800614518,0.565171847472008,0.468490696215336,0.99988016650531
"ENSG00000239719",-0.413280390872306,0.193814416391084,0.565439289827687,0.468516092334246,0.99988016650531
"ENSG00000305186",0.477173554770796,1.24974918185316,0.56494524748451,0.468582824792235,0.99988016650531
"ENSG00000104824",-0.134354303906287,5.46768725894829,0.56430073005882,0.468819341792975,0.99988016650531
"ENSG00000249884",-0.30720589684256,2.18575688776107,0.56414249475832,0.468883069396165,0.99988016650531
"ENSG00000290559",0.547551255644399,0.489146123355179,0.564157881823539,0.468927788391472,0.99988016650531
"ENSG00000177508",0.148967167133956,5.58256178820581,0.563917021514385,0.468966910006056,0.99988016650531
"ENSG00000294008",-0.622923834933072,0.309597088413499,0.563911844457522,0.469055503564692,0.99988016650531
"ENSG00000137171",-0.174421513146627,3.29296566026421,0.563667350558771,0.469063373116888,0.99988016650531
"ENSG00000009950",-0.715637671363531,0.288881234370462,0.563921238320537,0.469070871035812,0.99988016650531
"ENSG00000174123",-0.463575111624754,0.150224663225795,0.563865308450517,0.469082376697038,0.99988016650531
"ENSG00000157350",-0.12313475215242,7.64586579847394,0.563543368503134,0.469110317782627,0.99988016650531
"ENSG00000166167",0.157807838564942,4.27697941631208,0.563512112509666,0.46912260793709,0.99988016650531
"ENSG00000070761",0.150275607623999,4.07018097811584,0.563432820686679,0.469153187995952,0.99988016650531
"ENSG00000165084",-0.513888001722738,0.107929725015659,0.563702893718042,0.469164278519988,0.99988016650531
"ENSG00000163814",0.441591755579211,1.35097205294554,0.563143120075094,0.469274686184611,0.99988016650531
"ENSG00000303494",-0.419281613089946,1.21995342090376,0.562995640731002,0.469330386443629,0.99988016650531
"ENSG00000219607",-0.271498690773064,2.60313611332548,0.562877040124859,0.469369177615907,0.99988016650531
"ENSG00000159212",-0.429761367662064,0.911866215222901,0.562731157950936,0.469441251000233,0.99988016650531
"ENSG00000107796",0.410240227929941,1.52422356864323,0.562592633136948,0.469485486924464,0.99988016650531
"ENSG00000187808",0.335482985495926,1.79825731496428,0.562564426617445,0.469494448336695,0.99988016650531
"ENSG00000183431",0.128157829769631,6.53815792034818,0.562097179510505,0.46966683905202,0.99988016650531
"ENSG00000079335",0.11795427825971,5.1656135281573,0.561750187365527,0.469800560784072,0.99988016650531
"ENSG00000278932",0.373680013628975,0.640624379818574,0.561722497250808,0.469839012830367,0.99988016650531
"ENSG00000289530",0.389221197606994,0.63841774185771,0.561731089289546,0.469839077030254,0.99988016650531
"ENSG00000240828",0.37705318160473,1.41158411082825,0.561538112860067,0.469896113670513,0.99988016650531
"ENSG00000291079",0.23593437410798,2.47987043919099,0.561483352267976,0.46990530545291,0.99988016650531
"ENSG00000198729",0.456603556174249,1.26077881473248,0.561253561616068,0.470002355124869,0.99988016650531
"ENSG00000285982",0.370890412486958,1.08318400712125,0.560871117414251,0.470153892123715,0.99988016650531
"ENSG00000234199",-0.337975673601584,3.03860990303449,0.560742656893114,0.470189994823841,0.99988016650531
"ENSG00000079215",-0.192778034120137,5.46147050070415,0.560640134061517,0.470228695699964,0.99988016650531
"ENSG00000123352",0.130925911478324,4.44560105321454,0.560552208169588,0.47026287267703,0.99988016650531
"ENSG00000164930",-0.182524772121562,3.87663521211805,0.560425009242414,0.470312172983819,0.99988016650531
"ENSG00000124019",0.500274099492544,0.789684221678031,0.560455175706478,0.470320909074197,0.99988016650531
"ENSG00000131508",0.117613905683769,6.9761668210265,0.560390112063172,0.470325205971839,0.99988016650531
"ENSG00000170473",-0.125717001063178,5.72334116342036,0.560083010993743,0.470443826695714,0.99988016650531
"ENSG00000102181",0.181302424674784,4.10061840313094,0.559963102365397,0.470490444982422,0.99988016650531
"ENSG00000180574",0.427267130664851,0.991704954601603,0.55997156666123,0.470503882969379,0.99988016650531
"ENSG00000294647",0.533842228720391,0.976189646687344,0.559855558209455,0.47054594567216,0.99988016650531
"ENSG00000280064",0.467583924525135,0.185549185529192,0.560057162352575,0.470548469937131,0.99988016650531
"ENSG00000154310",-0.162733292353575,4.28247204879325,0.559764217113862,0.470567266185021,0.99988016650531
"ENSG00000048649",-0.125566753420141,7.21944777792822,0.559761843447542,0.470567910798383,0.99988016650531
"ENSG00000309260",0.389146080503436,0.738135578615425,0.559775376028235,0.470584390436193,0.99988016650531
"ENSG00000039650",-0.153833272336272,4.53939255712168,0.55964332876655,0.470613970045004,0.99988016650531
"ENSG00000277089",-0.370941615894647,2.43985186998592,0.559581861579265,0.470639991626761,0.99988016650531
"ENSG00000154710",0.386175498679055,1.32622440607633,0.559477915540107,0.470688691268335,0.99988016650531
"ENSG00000213430",0.19758039535578,2.93106651934964,0.55941308411724,0.470703829436746,0.99988016650531
"ENSG00000231918",-0.348170051161171,0.867097724027607,0.559182173003318,0.47081111083638,0.99988016650531
"ENSG00000004700",-0.133577378966326,5.50154958064975,0.559109551091204,0.470820141204809,0.99988016650531
"ENSG00000179630",-0.375060399703297,2.36030960630324,0.559102700884479,0.470824732764558,0.99988016650531
"ENSG00000224976",-0.299589578784536,1.49832832020391,0.55908184423296,0.470837564706952,0.99988016650531
"ENSG00000243199",-0.13314358448997,4.40805283890037,0.558995498938256,0.470864525167294,0.99988016650531
"ENSG00000235601",0.330713125906481,2.50223607121014,0.558752662371232,0.470960142788231,0.99988016650531
"ENSG00000141582",-0.171000161079478,4.82720585761189,0.558712378290196,0.470974020262706,0.99988016650531
"ENSG00000025156",0.162471162946982,3.84636269012346,0.558587179600159,0.471022681278832,0.99988016650531
"ENSG00000246922",0.33358057524734,1.83316809579536,0.558198896732048,0.47117701571509,0.99988016650531
"ENSG00000100916",0.194274274063668,3.24723003089142,0.55815154888037,0.471191694464179,0.99988016650531
"ENSG00000156140",0.669603799582369,0.458756143397566,0.557927135723625,0.471321573933368,0.99988016650531
"ENSG00000260879",-0.463939809398303,0.231943814369158,0.557974069264482,0.471357991763519,0.99988016650531
"ENSG00000133687",0.171737795638099,5.24355892842581,0.557450144489944,0.471462824270697,0.99988016650531
"ENSG00000178125",-0.559268603725706,0.00549363746124735,0.557812417437639,0.471477948161266,0.99988016650531
"ENSG00000235863",-0.35774028965755,0.923331480728591,0.557443582797231,0.471489138822658,0.99988016650531
"ENSG00000100109",-0.171035251086716,3.74061821963884,0.556971381704763,0.471648983312499,0.99988016650531
"ENSG00000259595",0.526276592738074,1.51034155488766,0.556971874901724,0.471656234658889,0.99988016650531
"ENSG00000167550",-0.50869194488178,0.325792354330239,0.557033506735358,0.471693411088632,0.99988016650531
"ENSG00000130818",0.205378003130962,3.51777188502468,0.556778456946093,0.471723922621199,0.99988016650531
"ENSG00000137100",-0.153918476763086,5.29045570845791,0.556655052652243,0.471771295322188,0.99988016650531
"ENSG00000274259",0.488918637969445,1.07696231112325,0.556691725053473,0.471773874589653,0.99988016650531
"ENSG00000233621",-0.143295228880519,4.19763912520158,0.5565420860758,0.471815393988401,0.99988016650531
"ENSG00000176533",0.231392109633764,5.01835388579163,0.556496548951335,0.47183290628318,0.99988016650531
"ENSG00000295348",0.405305159634118,1.90790597426473,0.556484034650001,0.47184220140913,0.99988016650531
"ENSG00000117407",0.484009704975498,1.03682120368943,0.556561147347791,0.471849511978994,0.99988016650531
"ENSG00000288818",0.236789069571106,2.63671306635609,0.556324889334577,0.471900893580684,0.99988016650531
"ENSG00000100330",-0.137410785161226,5.23336188346029,0.556280228816515,0.47191682929221,0.99988016650531
"ENSG00000250548",0.628003629040917,0.127462013652498,0.556399260097512,0.471955848130706,0.99988016650531
"ENSG00000301234",-0.338154426441445,1.99382089836553,0.556069613930654,0.472002061165972,0.99988016650531
"ENSG00000132205",-0.163280968869203,7.62802749271929,0.55598922109358,0.472029851705987,0.99988016650531
"ENSG00000131061",-0.212576287338801,2.72754163133162,0.55596843939334,0.472039278040571,0.99988016650531
"ENSG00000259363",-0.174855554616646,4.05527171931207,0.555926349131447,0.472054649743623,0.99988016650531
"ENSG00000253140",0.5304660134365,3.08509754331206,0.555788003151952,0.472109074908554,0.99988016650531
"ENSG00000162775",-0.116945907858865,4.92203452403845,0.555450986786382,0.472239253156715,0.99988016650531
"ENSG00000172775",0.116480745122858,6.20369371478775,0.555248757804506,0.472317715880903,0.99988016650531
"ENSG00000273749",-0.105673444370597,6.08486237832083,0.555212440778239,0.472331843045732,0.99988016650531
"ENSG00000188626",0.182949806898736,3.67038443569757,0.55515208403736,0.472355835383864,0.99988016650531
"ENSG00000083845",-0.155728708404231,9.54942345422272,0.554957060845348,0.472431190908992,0.99988016650531
"ENSG00000174749",-0.159139955927394,3.54820469449444,0.554464372840222,0.472623494060304,0.99988016650531
"ENSG00000049449",-0.13360204135885,5.0521545710675,0.554426688203541,0.472637702578231,0.99988016650531
"ENSG00000196911",0.188692552538474,3.23519388680804,0.554422117026334,0.472640180839932,0.99988016650531
"ENSG00000032742",0.144234690441422,4.29508311803943,0.554228777350066,0.472715004744989,0.99988016650531
"ENSG00000052850",0.217919517224842,3.43882882612429,0.55414702904117,0.472747209328801,0.99988016650531
"ENSG00000196951",0.246677137536024,2.6437578930377,0.554106347299071,0.472763952287149,0.99988016650531
"ENSG00000163900",0.143148804527553,4.18343170558691,0.554007811101366,0.47280110910737,0.99988016650531
"ENSG00000287721",-0.382034177160082,0.662640357059681,0.553612750792317,0.472985781722519,0.99988016650531
"ENSG00000118242",-0.26219874420745,1.78304084115908,0.553434923162934,0.473029083750726,0.99988016650531
"ENSG00000075218",0.151613218999824,4.87963238083044,0.552869473590944,0.473244913860107,0.99988016650531
"ENSG00000265590",0.601280038885313,0.619793762432805,0.552707219867701,0.473342316453252,0.99988016650531
"ENSG00000141429",-0.1282974176334,6.62480184030796,0.55248695352202,0.47339405324613,0.99988016650531
"ENSG00000145332",0.132256898441476,5.66156150905573,0.552400562668079,0.473427800712811,0.99988016650531
"ENSG00000103260",0.298132041857379,3.10991411099173,0.551981119366712,0.473592826795937,0.99988016650531
"ENSG00000148143",-0.571861011913658,0.417876885015195,0.552106452786138,0.473596946735831,0.99988016650531
"ENSG00000164919",-0.126206178707225,8.69993331676136,0.551749168645001,0.473682298783321,0.99988016650531
"ENSG00000224371",0.458578315988513,0.760190237654369,0.55162869200941,0.473753674691651,0.99988016650531
"ENSG00000135720",0.129787614536458,5.70422188448731,0.551536864149426,0.473765314506024,0.99988016650531
"ENSG00000283378",0.392463420534002,1.43942390660794,0.551438215624908,0.473813029800752,0.99988016650531
"ENSG00000279968",-0.290756729057531,1.64128963830469,0.551357332504502,0.473840968071286,0.99988016650531
"ENSG00000182979",0.121285030737639,6.34836072851779,0.551159175264021,0.473913030514066,0.99988016650531
"ENSG00000258537",0.799038178229041,-0.168246958794377,0.551254714144962,0.47403759671717,0.99988016650531
"ENSG00000294159",-0.473316345208686,0.02319555592422,0.551062899429251,0.474085312976997,0.99988016650531
"ENSG00000078967",-0.138380919942177,4.368946389378,0.550438616153775,0.474195346210026,0.99988016650531
"ENSG00000267740",0.778768532614713,-0.244647509064682,0.55074692546079,0.474205402468772,0.99988016650531
"ENSG00000106462",0.139856152292481,6.03853554298757,0.550361713260426,0.474225202839564,0.99988016650531
"ENSG00000154556",0.538923291610139,0.447026468167878,0.550506368366764,0.474236084480261,0.99988016650531
"ENSG00000205531",0.132307849686298,6.0040538582897,0.550265732633415,0.474262799384564,0.99988016650531
"ENSG00000291040",0.238024713379586,2.3762780887523,0.549901511059935,0.47440778301654,0.99988016650531
"ENSG00000292362",0.238024713379586,2.3762780887523,0.549901511059935,0.47440778301654,0.99988016650531
"ENSG00000298337",-0.528880160895672,0.496385096808369,0.550042705218196,0.474412914816455,0.99988016650531
"ENSG00000145284",0.254635243022959,4.12530970127616,0.549739700259077,0.474469219491436,0.99988016650531
"ENSG00000186132",-0.143324476296883,4.70277183256722,0.549641258209019,0.474507759986697,0.99988016650531
"ENSG00000187134",0.992158169082621,2.069721884662,0.549645428670363,0.474508333297926,0.99988016650531
"ENSG00000270240",-0.280715984897766,4.8548581452735,0.549576603870496,0.474533066392568,0.99988016650531
"ENSG00000164400",-0.341548443073267,3.90669580452888,0.549342903918287,0.474624914497391,0.99988016650531
"ENSG00000119203",0.106980591347355,5.92346042250748,0.549340007994369,0.474625673647392,0.99988016650531
"ENSG00000133121",0.129496635333789,5.22643954239053,0.549308456488662,0.474638065132426,0.99988016650531
"ENSG00000173442",0.11935476988348,6.08830171974986,0.549245294140997,0.474662824122665,0.99988016650531
"ENSG00000129566",-0.142952750063268,4.25336334124512,0.54918685016119,0.474686023760041,0.99988016650531
"ENSG00000105426",0.296842867599819,3.44499201969737,0.549108193872163,0.474717206697228,0.99988016650531
"ENSG00000176783",-0.110377727757599,5.82096980164303,0.549091604819968,0.474723128114077,0.99988016650531
"ENSG00000290585",0.434127205227443,0.505189784791752,0.548595239600383,0.474957480460992,0.99988016650531
"ENSG00000196950",0.144960608961807,4.18724798039444,0.547974758268277,0.475162008563872,0.99988016650531
"ENSG00000213639",0.150232055860284,4.01865894803636,0.547911229475875,0.475186974176022,0.99988016650531
"ENSG00000274349",0.234843582098941,2.60639277929957,0.547906164525304,0.475190575551913,0.99988016650531
"ENSG00000111669",-0.113904348718006,7.03443728287434,0.547814326760229,0.475224765244188,0.99988016650531
"ENSG00000293495",0.131019875290982,4.80170042213407,0.547806722063436,0.475227974564742,0.99988016650531
"ENSG00000023909",-0.169289071279173,5.73657109750748,0.547781705979912,0.475237599166186,0.99988016650531
"ENSG00000156469",0.129265868259943,4.64413768095231,0.547561070018984,0.475324572346924,0.99988016650531
"ENSG00000189057",0.27557606724026,2.80682123452905,0.547517521287365,0.475342948278361,0.99988016650531
"ENSG00000162972",-0.15632167125434,4.42052540291288,0.547358181973722,0.475404405052549,0.99988016650531
"ENSG00000186001",-0.132628277144878,6.05104344106612,0.547314016151422,0.475421516518713,0.99988016650531
"ENSG00000157540",0.135965170320044,6.13566761650849,0.547146872825789,0.475487276082157,0.99988016650531
"ENSG00000069956",-0.111223667804256,6.45415875838312,0.546777637430305,0.475632599663661,0.99988016650531
"ENSG00000164483",0.266934888220179,2.18314034404178,0.546779389774068,0.475634370849061,0.99988016650531
"ENSG00000054598",-0.251652492623159,2.13624274573418,0.546628073417766,0.475694159048622,0.99988016650531
"ENSG00000196544",-0.222569894851585,2.50493832151637,0.546540655775832,0.475728033270295,0.99988016650531
"ENSG00000196535",0.228027559752271,4.04549575735167,0.546372393278883,0.47579259459141,0.99988016650531
"ENSG00000286548",0.30705248897552,1.72101150543832,0.546089859829168,0.475908091702398,0.99988016650531
"ENSG00000253669",0.954421208214166,0.518811484819765,0.54617680019252,0.475923061210996,0.99988016650531
"ENSG00000168894",-0.17311634777479,6.36820562080875,0.546020587454736,0.475930806150337,0.99988016650531
"ENSG00000306208",-0.15393616679429,4.13900404585728,0.546009246407199,0.475935568840457,0.99988016650531
"ENSG00000177674",-0.152337594665566,5.46396939800484,0.545357858859473,0.476192138059126,0.99988016650531
"ENSG00000137574",-0.133255521213576,6.48817754486257,0.545328216679837,0.476203817074715,0.99988016650531
"ENSG00000215196",-0.490896674320988,0.732296386540497,0.545280414698294,0.476262035778125,0.99988016650531
"ENSG00000000457",-0.148957703913869,3.96265624225145,0.544797664068412,0.476413540288677,0.99988016650531
"ENSG00000197969",-0.1136603945059,5.2383036119704,0.544706007362711,0.47644941749839,0.99988016650531
"ENSG00000166896",0.24648282737754,3.52070005101385,0.544554313616633,0.476510116865468,0.99988016650531
"ENSG00000181350",0.204243892167981,5.73996956925521,0.544520450220935,0.476522685370326,0.99988016650531
"ENSG00000136802",0.133207424317868,4.88905456433859,0.544359282804481,0.476586520383269,0.99988016650531
"ENSG00000294134",0.505696775586755,1.71432593151416,0.544033831486481,0.476720430062165,0.99988016650531
"ENSG00000106355",0.12185809732726,6.97033930275361,0.543971976353655,0.476739389212066,0.99988016650531
"ENSG00000140941",-0.133382752270134,5.28405735365949,0.543713076159904,0.476841767985411,0.99988016650531
"ENSG00000082213",-0.135857813453003,4.73160981854648,0.543598095439245,0.476887410681612,0.99988016650531
"ENSG00000211455",-0.135340262603601,4.62714722436126,0.543597661561755,0.476887617186117,0.99988016650531
"ENSG00000163041",-0.129769764556583,9.13600041196789,0.543390158786748,0.47696946471842,0.99988016650531
"ENSG00000173818",-0.220713081331384,3.43350991618067,0.543280961712794,0.477013333245382,0.99988016650531
"ENSG00000153165",-0.2018098465415,3.11884806741929,0.543250720607018,0.47702544041668,0.99988016650531
"ENSG00000109606",0.118337058750685,6.6960995158133,0.543108800338313,0.477080799403919,0.99988016650531
"ENSG00000039123",0.139398249093815,5.80938159078837,0.542766404880535,0.477216351973057,0.99988016650531
"ENSG00000118557",0.375197723759661,1.93644418163979,0.54263465006672,0.477272211683494,0.99988016650531
"ENSG00000284657",-0.251256124491776,2.23096692518642,0.542606776096374,0.477282012692202,0.99988016650531
"ENSG00000254389",-0.511262071731836,0.345190176406271,0.542841328945182,0.477290774702545,0.99988016650531
"ENSG00000143156",0.138860205280597,4.65252660306062,0.542446224035076,0.477343386304869,0.99988016650531
"ENSG00000130177",-0.113078054003829,4.96594307743964,0.541957318365303,0.477537078407001,0.99988016650531
"ENSG00000201428",-0.372274869161961,1.80846405326193,0.541661015236649,0.477659104768229,0.99988016650531
"ENSG00000124299",0.146980665683908,4.95539750348605,0.541533712260729,0.477705013302806,0.99988016650531
"ENSG00000169740",-0.175011950325982,4.27646738853225,0.541430429855467,0.47774613732799,0.99988016650531
"ENSG00000302003",0.48415026433119,0.253250343219512,0.541457768701616,0.477792685249464,0.99988016650531
"ENSG00000281383",0.716118346778151,3.21832349734429,0.541267361876687,0.477812229767605,0.99988016650531
"ENSG00000286084",-0.371258351108278,0.82531269557099,0.541223868780193,0.477847849440077,0.99988016650531
"ENSG00000197150",-0.195460775303263,2.86549164677442,0.541122433552949,0.477869260181754,0.99988016650531
"ENSG00000250166",0.366778379561333,1.14742809547416,0.541017056701403,0.477924327995938,0.99988016650531
"ENSG00000236540",0.475192393957997,0.493735131188473,0.541088968811618,0.477937471052393,0.99988016650531
"ENSG00000135457",0.111366789132243,6.72323924745589,0.540929273356867,0.47794475467481,0.99988016650531
"ENSG00000213020",0.12757891856723,5.08239554876599,0.540929293076448,0.477944775283812,0.99988016650531
"ENSG00000293478",-0.272909017742304,1.97089410555764,0.540576280080321,0.478088644059282,0.99988016650531
"ENSG00000153037",-0.124915684780287,5.87795663928551,0.54050091520311,0.478114882050149,0.99988016650531
"ENSG00000179598",0.221891188170972,2.69684117641163,0.540476583909921,0.478126095697747,0.99988016650531
"ENSG00000134460",0.30911085695194,2.28421688603319,0.540450339037515,0.478137372501624,0.99988016650531
"ENSG00000167208",-0.122432565471215,4.92627264259051,0.540372939372725,0.478165866546029,0.99988016650531
"ENSG00000106571",0.426859660458074,0.583356785590823,0.540438193733576,0.478181942834942,0.99988016650531
"ENSG00000284959",0.241080265676866,2.70875017900952,0.540056833193444,0.478292617932123,0.99988016650531
"ENSG00000153233",0.441651820735691,0.15912045887663,0.539929665335497,0.47843375455189,0.99988016650531
"ENSG00000269604",-0.26609130329116,2.51757518710535,0.539656598374861,0.478452322538321,0.99988016650531
"ENSG00000260430",-0.339279682828799,0.918392874149162,0.539601193576364,0.478490483397372,0.99988016650531
"ENSG00000287631",0.436315591178163,0.371623123914717,0.539369724424929,0.478616895464823,0.99988016650531
"ENSG00000100296",0.150573031872042,3.98608357185776,0.539165880437183,0.478646107126858,0.99988016650531
"ENSG00000141655",0.367624523754152,1.73469259160222,0.538993161030548,0.478719626285426,0.99988016650531
"ENSG00000183624",0.192885921560229,4.27462651301293,0.538933704108306,0.478738465896965,0.99988016650531
"ENSG00000163322",-0.151181900697066,3.70146021169616,0.538870883091824,0.478763696879477,0.99988016650531
"ENSG00000152484",-0.1663301140799,5.68580319637355,0.538538342190384,0.478895654525385,0.99988016650531
"ENSG00000174775",0.143279722016974,4.40194723552882,0.538442982854767,0.478933898503804,0.99988016650531
"ENSG00000010244",-0.106443256496332,7.38164629724684,0.538375744189489,0.478960429103312,0.99988016650531
"ENSG00000285080",0.151360584378788,4.58226909024694,0.537860967792078,0.47916589281973,0.99988016650531
"ENSG00000241962",0.164423405016547,4.01590646281285,0.537859967578209,0.47916638543168,0.99988016650531
"ENSG00000234975",-0.213254719783809,4.8087785312569,0.537637598316755,0.479254897299648,0.99988016650531
"ENSG00000164105",0.170342280394977,4.50479984736599,0.537353322428792,0.47936840197689,0.99988016650531
"ENSG00000196655",0.13238815771324,5.31959572256567,0.536997913205923,0.479510051781637,0.99988016650531
"ENSG00000305635",0.456606209568551,4.86017744603682,0.536932981431551,0.479536088032599,0.99988016650531
"ENSG00000087095",0.124015224246464,6.0014324045625,0.536901008308206,0.479548731850459,0.99988016650531
"ENSG00000223727",-0.400522897246318,0.69830633775815,0.536980936818603,0.479558277522751,0.99988016650531
"ENSG00000134324",0.132528177460608,4.11542584789199,0.536703409692854,0.479627932486742,0.99988016650531
"ENSG00000174705",-0.154438455977993,6.26382482199511,0.536539389321923,0.479693176860702,0.99988016650531
"ENSG00000164924",-0.110200860305234,8.44275962163951,0.536515797365847,0.479702598228248,0.99988016650531
"ENSG00000006757",-0.201754441095775,3.75303390559414,0.536508764243578,0.479705887205071,0.99988016650531
"ENSG00000280009",-0.352405631682828,1.14263988247598,0.536388637444125,0.479768197507122,0.99988016650531
"ENSG00000198833",-0.108713695527304,5.48999930861903,0.536239200103212,0.479813157217236,0.99988016650531
"ENSG00000126524",0.137192001670178,4.78985897598888,0.536203853540009,0.479827458534979,0.99988016650531
"ENSG00000225339",0.142611562069168,4.73253147397745,0.535919705595304,0.479941068912553,0.99988016650531
"ENSG00000169679",0.155282242305117,4.66433440102336,0.535877583348594,0.479957953074144,0.99988016650531
"ENSG00000166189",-0.15034618556642,4.24096578701821,0.53576499570011,0.48000304062715,0.99988016650531
"ENSG00000231711",-0.28219993822218,2.7786463486244,0.535558380490203,0.480087226858169,0.99988016650531
"ENSG00000109436",-0.187947723857386,3.4417718386895,0.535380080271943,0.480157305036372,0.99988016650531
"ENSG00000038274",-0.149954354902176,5.28476024753318,0.535180299940826,0.480236760816165,0.99988016650531
"ENSG00000286724",0.39710865379853,1.70246549938153,0.535159909113983,0.480250194333123,0.99988016650531
"ENSG00000161533",0.119953568637217,6.9579872692949,0.534942633392576,0.480331903037323,0.99988016650531
"ENSG00000177879",-0.110046320209022,5.99186512503466,0.534766449010591,0.480402477593058,0.99988016650531
"ENSG00000307927",0.24925167892811,4.26258679623045,0.534536292654757,0.480494956657152,0.99988016650531
"ENSG00000290880",-0.103757137792095,6.89667367434417,0.534444895150622,0.480531310364715,0.99988016650531
"ENSG00000173638",0.153278112783563,4.22772250229866,0.533956367482826,0.480727481016841,0.99988016650531
"ENSG00000149177",-0.119932632826759,8.62965868851675,0.533782339569933,0.480796970089566,0.99988016650531
"ENSG00000143952",-0.110981000503025,5.87924908184391,0.533632454171321,0.480857114091742,0.99988016650531
"ENSG00000298699",-0.213836527021571,3.04189877881357,0.5334331245122,0.480938153133048,0.99988016650531
"ENSG00000234444",0.164184577488272,5.21631429488255,0.532980157635934,0.481118985995287,0.99988016650531
"ENSG00000247925",-0.320328111715106,1.07125711469166,0.532699148451037,0.481249461671746,0.99988016650531
"ENSG00000302192",-0.538576945568336,0.144643584448457,0.532876734261476,0.481280667727562,0.99988016650531
"ENSG00000034693",0.260779226749459,2.28135723454129,0.532424237159698,0.481344438704363,0.99988016650531
"ENSG00000116221",0.116872895389205,6.9750880596732,0.532280907348216,0.481399945446094,0.99988016650531
"ENSG00000124702",-0.12521148037395,6.48725944352832,0.531570418635987,0.481685739888291,0.99988016650531
"ENSG00000244021",-0.124974634017996,5.70255989459245,0.531487450916912,0.481719143798636,0.99988016650531
"ENSG00000164631",-0.16298364879808,4.66434416677454,0.531172659309579,0.481846092293171,0.99988016650531
"ENSG00000258657",0.758469056863362,2.74024072931524,0.531156962354505,0.481855397648655,0.99988016650531
"ENSG00000163378",0.181732155638241,3.51823994515042,0.531140809475822,0.481859244397515,0.99988016650531
"ENSG00000165115",-0.234185578046118,2.86265950582961,0.531130622260573,0.481864061013383,0.99988016650531
"ENSG00000158711",-0.147383946119313,5.22933009901965,0.531074466368593,0.48188543341232,0.99988016650531
"ENSG00000281538",0.530710045692994,0.0339559314706526,0.531292779827171,0.481940982299932,0.99988016650531
"ENSG00000232124",0.303363902443007,2.58175674938508,0.530934602186743,0.481943064603957,0.99988016650531
"ENSG00000176845",0.104786992376433,5.88870709558612,0.530923673553989,0.481946153864298,0.99988016650531
"ENSG00000131148",-0.113311814624742,5.35486078865734,0.530886463150074,0.481961157553596,0.99988016650531
"ENSG00000235576",-0.367115913365383,1.57576626725951,0.530705783385779,0.48204033758104,0.99988016650531
"ENSG00000165410",-0.225179719445798,3.56279767341986,0.530627162339499,0.482066136800405,0.99988016650531
"ENSG00000187942",0.845206864770579,1.71637460595213,0.530334550638142,0.482077488188182,0.99988016650531
"ENSG00000143158",0.178593626856859,4.80344880904917,0.530531249776988,0.482104507327805,0.99988016650531
"ENSG00000085433",-0.150563981150355,3.96602455754685,0.530498572847812,0.482117778353289,0.99988016650531
"ENSG00000134077",-0.121933006580521,5.10983006646238,0.530321430518489,0.482188887778911,0.99988016650531
"ENSG00000136425",0.568286520228519,0.304625467380995,0.530011112393376,0.482361134751176,0.99988016650531
"ENSG00000103356",-0.178964282677655,3.95573221311849,0.529859150171726,0.482375687688488,0.99988016650531
"ENSG00000115204",0.135268104217604,5.43804388495564,0.529843727912732,0.482381549337822,0.99988016650531
"ENSG00000229337",-0.4102067397165,0.951494013980833,0.529856142082093,0.482400718067186,0.99988016650531
"ENSG00000159761",-0.458299879845789,0.834175976449313,0.529792266681918,0.482450929368138,0.99988016650531
"ENSG00000204044",0.363300943492923,1.31303350846028,0.529538867924747,0.482513146482773,0.99988016650531
"ENSG00000125462",0.206505186942693,2.8174623009643,0.529377339906377,0.48257080028252,0.99988016650531
"ENSG00000168393",0.160700577736459,5.6209626682402,0.529277941980468,0.482609922697309,0.99988016650531
"ENSG00000078304",-0.104912950157299,6.42273998966027,0.529119859359434,0.482673752610822,0.99988016650531
"ENSG00000006756",-0.185298693263728,4.65023164574703,0.529085192025201,0.482687988666721,0.99988016650531
"ENSG00000133884",-0.120063738381089,5.3599834231852,0.529032825144666,0.482708925591228,0.99988016650531
"ENSG00000008018",-0.129098337653237,8.17218225655384,0.528862976600921,0.482777523347075,0.99988016650531
"ENSG00000143851",0.120422170196525,6.21232868769262,0.52866844099935,0.482856143793235,0.99988016650531
"ENSG00000285932",0.228774586384957,2.91040652399251,0.528540188650495,0.482908945234593,0.99988016650531
"ENSG00000082512",0.50770343755875,0.8364088551305,0.52856624786706,0.482918237302674,0.99988016650531
"ENSG00000262686",0.522600626482552,0.909573416634641,0.528616067218275,0.482923691024664,0.99988016650531
"ENSG00000168395",0.143183307119668,4.809605558897,0.528293390282364,0.483007950735591,0.99988016650531
"ENSG00000082996",-0.112432261093916,5.94825007925494,0.528273438068487,0.483015840603327,0.99988016650531
"ENSG00000260466",0.729639798412727,1.51747650642821,0.528324270961778,0.483026164275779,0.99988016650531
"ENSG00000161513",0.394058840622157,1.22841963147417,0.528233594112292,0.483044391175366,0.99988016650531
"ENSG00000167346",-0.443501257598544,0.106148425723117,0.527870760210643,0.483323998886209,0.99988016650531
"ENSG00000306166",0.385392093364514,2.22556085599401,0.527346560959553,0.483393204500995,0.99988016650531
"ENSG00000168434",0.13499226251916,4.67180186691758,0.527238584084421,0.4834348779074,0.99988016650531
"ENSG00000112081",-0.112124693264479,8.71615517414214,0.527012825702662,0.483526100943548,0.99988016650531
"ENSG00000121644",-0.126408654870683,5.29919840168744,0.526945044039566,0.483553587727928,0.99988016650531
"ENSG00000232472",0.17379442153461,3.91431371420993,0.526906993520188,0.483569411149331,0.99988016650531
"ENSG00000232527",0.374624443233078,2.34097269291791,0.526832697959987,0.483601172222091,0.99988016650531
"ENSG00000132424",-0.130651131180813,7.6391572807505,0.526747601970464,0.483633578921735,0.99988016650531
"ENSG00000103257",0.172876519579948,6.0977034473157,0.526454783049871,0.483752293702838,0.99988016650531
"ENSG00000162814",-0.436872921901094,0.420538999820039,0.526585955835241,0.483765490213422,0.99988016650531
"ENSG00000114904",0.177168651969478,3.88360589600764,0.526188858217841,0.483860529012652,0.99988016650531
"ENSG00000153317",-0.130713643067996,7.9709735021273,0.526151740464941,0.483875194032504,0.99988016650531
"ENSG00000288398",-0.485648927280256,0.59657331605905,0.526307305941548,0.4838912585981,0.99988016650531
"ENSG00000246548",-0.502345853281264,0.409096202955523,0.52621133464279,0.483923734161743,0.99988016650531
"ENSG00000169733",0.250470750252042,3.2795323578378,0.525933541557105,0.483964497020484,0.99988016650531
"ENSG00000306744",0.394597197912852,1.27697274098519,0.525606741116416,0.484105850932992,0.99988016650531
"ENSG00000268595",0.555191774538528,1.10453180196489,0.525571591514951,0.484127946151962,0.99988016650531
"ENSG00000169116",-0.216807400865676,5.45492162991721,0.525488780151658,0.484144282182209,0.99988016650531
"ENSG00000151276",0.390962393181277,2.27947950116268,0.525164367615925,0.484278816892244,0.99988016650531
"ENSG00000117650",-0.176644573138885,3.13237674759625,0.52497869149245,0.484352434166921,0.99988016650531
"ENSG00000232385",0.156864846277922,4.82456042875696,0.524811191015949,0.48441977405822,0.99988016650531
"ENSG00000178202",-0.166546489853648,3.86903874437594,0.52424723438409,0.484649268882339,0.99988016650531
"ENSG00000246889",-0.379322581025459,0.837076920824425,0.524239797485444,0.484685945231786,0.99988016650531
"ENSG00000155755",-0.255537920667529,2.1606911949676,0.524151474221386,0.48469085167646,0.99988016650531
"ENSG00000251161",0.620670356421136,-0.0222983221677566,0.52448030840054,0.484701927857445,0.99988016650531
"ENSG00000153250",-0.136140815980992,7.36575282819328,0.523477304825344,0.484962265311138,0.99988016650531
"ENSG00000239887",-0.33082991259652,1.53674884672314,0.523501468707421,0.484964092133471,0.99988016650531
"ENSG00000119977",-0.133168885448135,5.3191607134198,0.523431979490021,0.484980747011541,0.99988016650531
"ENSG00000076662",0.244078669815267,2.94799814881865,0.523321484152713,0.485027378693078,0.99988016650531
"ENSG00000085998",0.184745737563081,4.23305685649466,0.523113000113221,0.485110948887557,0.99988016650531
"ENSG00000251556",0.516549969768261,1.01253271626919,0.522987370294011,0.485176386542259,0.99988016650531
"ENSG00000307288",0.486330594327531,0.26760826857075,0.523128053961778,0.485183130616395,0.99988016650531
"ENSG00000117245",0.26271617740596,3.68348506269879,0.522826932198605,0.485227902623259,0.99988016650531
"ENSG00000156509",0.361668040408833,1.53181693205465,0.522772113842463,0.485258942747163,0.99988016650531
"ENSG00000105559",-0.242899575068634,2.83132239312734,0.522706081161557,0.485277668265919,0.99988016650531
"ENSG00000198794",0.35659729948664,3.49750567490448,0.522517125869426,0.485354156449082,0.99988016650531
"ENSG00000151692",0.233568139776362,2.5467385535867,0.522036382616483,0.485551487991587,0.99988016650531
"ENSG00000163376",0.254972780234344,2.04463592468905,0.522036199576849,0.485553298875644,0.99988016650531
"ENSG00000159217",0.345960836769213,1.93049328022979,0.521984514170516,0.485574858078545,0.99988016650531
"ENSG00000104974",-0.225500946684675,2.2029581075312,0.521821859308158,0.485639516099553,0.99988016650531
"ENSG00000112309",-0.359640721068549,1.11278944284437,0.52158863583315,0.485746018355162,0.99988016650531
"ENSG00000143575",-0.127045428942613,6.88808588768713,0.521553770509593,0.485746777738839,0.99988016650531
"ENSG00000267106",0.124411176983216,4.76537746751921,0.521412645096729,0.485804609378943,0.99988016650531
"ENSG00000278540",0.115057877304935,6.73074160400455,0.521205542899867,0.485889041226753,0.99988016650531
"ENSG00000070495",-0.135905707576167,5.76828378534808,0.520987013841854,0.485978364097244,0.99988016650531
"ENSG00000149503",0.15593660849775,4.08663225551185,0.520979431965053,0.485981767592456,0.99988016650531
"ENSG00000178038",0.428179907450773,1.04575715894432,0.520876002916891,0.486037104982107,0.99988016650531
"ENSG00000150764",-0.247654761733086,3.09254533878106,0.520712309686302,0.486091552652479,0.99988016650531
"ENSG00000165650",0.128873374658915,4.52789944612216,0.520661760768316,0.486111579103919,0.99988016650531
"ENSG00000218891",0.183349083881802,3.21681213777884,0.520501288643325,0.486177749106122,0.99988016650531
"ENSG00000146842",0.153369622325639,4.38737575219351,0.520385977236095,0.486224400472743,0.99988016650531
"ENSG00000100319",-0.162121488001494,4.17715375158921,0.520375213898533,0.486228829479156,0.99988016650531
"ENSG00000170348",-0.12548253114321,7.31890576751224,0.520361050360444,0.486234348782269,0.99988016650531
"ENSG00000125875",-0.114001291884515,4.94259733069052,0.52036025154363,0.486234822579176,0.99988016650531
"ENSG00000182463",-0.136673010646067,6.48138650617628,0.520012472363813,0.486377009030618,0.99988016650531
"ENSG00000215424",0.186363803181802,3.83299252564506,0.519799293548872,0.486464726140788,0.99988016650531
"ENSG00000081307",0.143573030383816,4.36682632594201,0.519734011685243,0.486491279752412,0.99988016650531
"ENSG00000260877",0.791000526408187,1.68441620798836,0.51971166290694,0.48650449078379,0.99988016650531
"ENSG00000106153",-0.133615483629919,8.96968885697043,0.519403101898626,0.486626571906456,0.99988016650531
"ENSG00000230311",0.302052849387803,1.63397988927487,0.519383374277788,0.486640842252562,0.99988016650531
"ENSG00000159189",0.237953092808743,2.34545523063134,0.519371554630614,0.486641505095245,0.99988016650531
"ENSG00000236830",0.29680190081846,2.12851878985984,0.519334746853883,0.486658254635112,0.99988016650531
"ENSG00000302873",0.117070089181711,7.55381950238221,0.519197283488994,0.486710916223838,0.99988016650531
"ENSG00000138381",-0.194288725877166,3.46346727508116,0.519033428261966,0.48677866398729,0.99988016650531
"ENSG00000149716",0.162941807741079,4.01652334246495,0.519019021785234,0.486784317926226,0.99988016650531
"ENSG00000116584",-0.102897364621155,7.82414081210278,0.518994452247759,0.486794060488392,0.99988016650531
"ENSG00000139687",-0.12815867029555,7.34122665258567,0.518875419236966,0.486842866730376,0.99988016650531
"ENSG00000104497",-0.226726240434697,2.51678811659358,0.518630730034441,0.48694525921807,0.99988016650531
"ENSG00000205707",-0.134739669286896,4.36962605862036,0.518619538103308,0.486948071998273,0.99988016650531
"ENSG00000197724",0.150625891686632,4.29604754515875,0.518417852946569,0.487030819027427,0.99988016650531
"ENSG00000072110",0.145548290567682,8.44914009427342,0.518414959038174,0.487031744095594,0.99988016650531
"ENSG00000162694",-0.421382222303189,2.31772668361634,0.518312646584806,0.487076992836972,0.99988016650531
"ENSG00000152464",-0.11990593612891,4.64216641918878,0.518275931746142,0.487089028643752,0.99988016650531
"ENSG00000141258",0.263655466369402,2.73851963174015,0.518187985871497,0.487126194595081,0.99988016650531
"ENSG00000116830",0.133373815915487,5.0567586704413,0.518126510898743,0.487150273900251,0.99988016650531
"ENSG00000259066",0.450234964509397,0.865825398817686,0.518124315523444,0.487169342143503,0.99988016650531
"ENSG00000140598",0.169532696088467,3.9596131979153,0.517717830709612,0.487318315330208,0.99988016650531
"ENSG00000116668",-0.201392808858083,2.71945094781837,0.517696799655742,0.487327833671704,0.99988016650531
"ENSG00000138449",-0.513974075027993,1.11705909383733,0.517695071309179,0.48742072719594,0.99988016650531
"ENSG00000037474",-0.115346086657326,6.32448880316286,0.51733167217142,0.487476617598668,0.99988016650531
"ENSG00000182010",-0.280101157020913,1.45149418136579,0.517298040359177,0.487501986972042,0.99988016650531
"ENSG00000145757",-0.41460827270253,0.674007083795679,0.517248763010043,0.487538942000179,0.99988016650531
"ENSG00000115942",0.165494187776064,4.55616258532469,0.51710514819871,0.487569963712246,0.99988016650531
"ENSG00000279168",-0.217085936658433,2.17682376571533,0.517013473109393,0.487609916893113,0.99988016650531
"ENSG00000101194",0.158220567204576,4.82503117591637,0.516758386443162,0.487712534658648,0.99988016650531
"ENSG00000163449",0.524765366662365,0.767591653587785,0.51667864267421,0.487768956593095,0.99988016650531
"ENSG00000230753",-0.302356332733793,1.55496311148824,0.51662763411004,0.48777154172915,0.99988016650531
"ENSG00000204498",-0.179416854292337,4.00880463331545,0.516592314782123,0.487780967839543,0.99988016650531
"ENSG00000206127",0.197797409399744,3.07469121945587,0.516546657498456,0.487800526668146,0.99988016650531
"ENSG00000290149",-0.221002050759625,3.36473787971489,0.516440146227222,0.487843825882451,0.99988016650531
"ENSG00000237264",-0.220739210872675,3.32352523999271,0.516393209557496,0.487863176953071,0.99988016650531
"ENSG00000283674",0.223494161213781,3.69249722481175,0.516379755912614,0.48786859617779,0.99988016650531
"ENSG00000164309",0.290398346950248,3.20194268254202,0.51636585519442,0.487874681770261,0.99988016650531
"ENSG00000065978",-0.141687231424413,12.4355325344547,0.516324405615166,0.487890905795388,0.99988016650531
"ENSG00000081277",-0.493835735174957,0.208686369896399,0.516553411636976,0.487892897584616,0.99988016650531
"ENSG00000163319",-0.15081254936083,6.47044778565879,0.51621250581862,0.487936973873728,0.99988016650531
"ENSG00000236060",0.158927934319728,5.87930244041951,0.516177520821958,0.487951383003193,0.99988016650531
"ENSG00000261096",-0.424689394659723,0.0452835480463733,0.516453458703862,0.487982428634064,0.99988016650531
"ENSG00000186564",0.327145382323509,1.20049064300686,0.516125133671978,0.48798804724671,0.99988016650531
"ENSG00000147133",0.123307615041611,5.57558741250011,0.515885767620603,0.488071529686583,0.99988016650531
"ENSG00000271797",-0.31468817960317,1.21326573269468,0.51586075828458,0.488091954851794,0.99988016650531
"ENSG00000196449",-0.111346838854838,5.79226588288916,0.515791361025976,0.488110412108023,0.99988016650531
"ENSG00000167600",0.503762158531623,3.17197308389635,0.515791002499737,0.488111427776779,0.99988016650531
"ENSG00000273540",-0.41695368728745,0.461458884116779,0.515910682578753,0.488131884142552,0.99988016650531
"ENSG00000298037",-0.200755020194368,3.89146855081583,0.515730067711548,0.488136080871924,0.99988016650531
"ENSG00000061987",0.141582483736264,5.95667740559048,0.515700430270107,0.488147870513514,0.99988016650531
"ENSG00000254402",-0.331088982257793,1.27363660408738,0.515615371135623,0.488196992536323,0.99988016650531
"ENSG00000100036",0.339734867489297,1.66001261875404,0.515592863805516,0.488197688108534,0.99988016650531
"ENSG00000285558",0.334950566852166,1.3014284744364,0.515548691697691,0.488218177547608,0.99988016650531
"ENSG00000185627",-0.11242123310265,5.85387000557741,0.515445624134588,0.488252872065503,0.99988016650531
"ENSG00000128591",-0.338862969389944,1.13488772504654,0.515196992575425,0.48837282603979,0.99988016650531
"ENSG00000180008",0.158965736802974,4.55707192131281,0.515117765074872,0.488388255663167,0.99988016650531
"ENSG00000179115",0.112814052925042,5.77620302390951,0.51500835417238,0.488433154342776,0.99988016650531
"ENSG00000081985",-0.136786194856737,6.22098446572268,0.514980993571491,0.488444431936992,0.99988016650531
"ENSG00000137168",-0.136227813031296,5.24107017244423,0.514727890201179,0.488548862342988,0.99988016650531
"ENSG00000168476",0.14316482446944,4.97226938605119,0.514585741312475,0.488607621397175,0.99988016650531
"ENSG00000135749",0.367430594287324,4.73304659576028,0.514564950233135,0.488616203826258,0.99988016650531
"ENSG00000125850",0.526633290764737,1.53343146547915,0.514493336763868,0.488654426364769,0.99988016650531
"ENSG00000306268",-0.458775478073337,0.562721710539927,0.514531552858441,0.488737415327678,0.99988016650531
"ENSG00000184110",0.102433039903522,6.14689706561474,0.513927267081794,0.488879373228014,0.99988016650531
"ENSG00000167711",0.458148701893128,0.529214720138683,0.514054213278561,0.488880735797466,0.99988016650531
"ENSG00000100580",-0.121865692754854,5.41361076106486,0.513814155537544,0.488926113918992,0.99988016650531
"ENSG00000133818",-0.154387250092932,3.60039003699639,0.513608625169717,0.489011513399799,0.99988016650531
"ENSG00000172081",0.166148143759627,6.22965042313335,0.513587795536059,0.489019639330485,0.99988016650531
"ENSG00000232858",0.442981561998684,0.398859128907322,0.513575470619604,0.489080055659179,0.99988016650531
"ENSG00000107651",-0.102593899754621,5.67627377406307,0.513419109969582,0.489089373247102,0.99988016650531
"ENSG00000186235",0.308053186685978,1.33976865539758,0.513301797338745,0.489149538603194,0.99988016650531
"ENSG00000224877",0.130868350972085,7.1376662158654,0.513182862408909,0.489187044285779,0.99988016650531
"ENSG00000151694",-0.138424948889161,6.69642179633378,0.513115391830182,0.489214949179823,0.99988016650531
"ENSG00000288066",0.326200126017331,3.15790774844335,0.512982361213083,0.489270895073162,0.99988016650531
"ENSG00000261612",0.320625104184339,1.22159923468261,0.512976445653234,0.489283955851124,0.99988016650531
"ENSG00000279170",0.170466792425064,3.93521088428113,0.512911170025958,0.489299768933119,0.99988016650531
"ENSG00000178149",0.147527555948929,4.24760687212528,0.512801392001495,0.489345128427409,0.99988016650531
"ENSG00000141759",-0.104573944053585,6.74050400761151,0.512676624379619,0.489396478934665,0.99988016650531
"ENSG00000187961",0.35411583955603,1.67678432420663,0.512653467716278,0.489412039922268,0.99988016650531
"ENSG00000229807",0.428216950908743,2.70991450095909,0.512455996678683,0.489489448237923,0.99988016650531
"ENSG00000291142",0.461200431017675,1.42276155785121,0.512373886378616,0.489529964319836,0.99988016650531
"ENSG00000083444",0.130085997941977,4.77097760182593,0.512257053854164,0.489570373722414,0.99988016650531
"ENSG00000188010",0.273090988911998,2.42023519549965,0.512222896895204,0.48958659834207,0.99988016650531
"ENSG00000090989",-0.13319165220995,5.87424581827403,0.511954734445257,0.489695410073014,0.99988016650531
"ENSG00000197776",0.20985816534134,2.75845804176341,0.511755275994577,0.489779269588503,0.99988016650531
"ENSG00000157152",0.496798535515947,0.468751638220014,0.511403592374415,0.48996075260875,0.99988016650531
"ENSG00000287255",0.405551677098305,1.53569514174922,0.511209571454493,0.49000918031717,0.99988016650531
"ENSG00000254988",0.337249626717319,1.50580053849547,0.511126428069709,0.490045524854757,0.99988016650531
"ENSG00000056586",-0.121052779404012,5.56452356563621,0.511075744355118,0.490059829849968,0.99988016650531
"ENSG00000035928",0.126360817686162,5.69339474465598,0.510889645368427,0.49013704294576,0.99988016650531
"ENSG00000196923",0.137506019039809,5.74959508068469,0.51065861650924,0.490232928945727,0.99988016650531
"ENSG00000010295",0.158829545851363,3.55576174632596,0.51062723066971,0.490246462768133,0.99988016650531
"ENSG00000183977",0.463763282420798,1.18605733989219,0.510146452136979,0.490456843275866,0.99988016650531
"ENSG00000290397",-0.353059947011187,1.00776554543441,0.510057856853829,0.490497661138913,0.99988016650531
"ENSG00000130939",0.108881359074382,5.50293947966974,0.509900678485009,0.490547745342185,0.99988016650531
"ENSG00000170381",-0.223354047081113,2.21882834600356,0.509839626461682,0.490575638586326,0.99988016650531
"ENSG00000162642",-0.134732236163695,4.39029400454968,0.509679898966707,0.490639745430974,0.99988016650531
"ENSG00000232759",-0.423419385604171,0.458805261052316,0.509845004634226,0.490645776751201,0.99988016650531
"ENSG00000005243",0.312896829934512,2.54843938420075,0.509624394320739,0.490664300190296,0.99988016650531
"ENSG00000172977",-0.183754491956551,4.37358390313837,0.509594063564979,0.490675437538089,0.99988016650531
"ENSG00000186714",-0.307339462560401,1.74887034269063,0.509571705535429,0.490689960221566,0.99988016650531
"ENSG00000167216",0.198481028454144,3.72596144392694,0.509554236694701,0.490692182711906,0.99988016650531
"ENSG00000251634",0.193258319699581,3.06614910465471,0.509391939270171,0.490760124256066,0.99988016650531
"ENSG00000115594",0.399281782336231,1.79130022395005,0.509209899386687,0.490838510639399,0.99988016650531
"ENSG00000287100",0.209520874068856,3.22587104749888,0.509122051934774,0.49087215553505,0.99988016650531
"ENSG00000288947",0.576601739212606,0.0723219553218094,0.509269673456714,0.490895986176745,0.99988016650531
"ENSG00000141524",0.224313880993046,5.83567724709547,0.509053678816552,0.490899965449105,0.99988016650531
"ENSG00000106003",0.337922465570922,3.05416051445453,0.508975765773626,0.490933174129993,0.99988016650531
"ENSG00000160049",0.146457267748535,5.52337333640278,0.508880287022101,0.490972132278266,0.99988016650531
"ENSG00000174276",-0.17658371692936,3.11696861493245,0.508827842074624,0.490994818787025,0.99988016650531
"ENSG00000154511",0.248905338528927,4.33756705342895,0.508783066367133,0.491012860997051,0.99988016650531
"ENSG00000183735",-0.127463005861749,4.68587557919255,0.508750230597504,0.491026458858139,0.99988016650531
"ENSG00000142733",0.231634002696825,2.48205587921099,0.508680469270965,0.491057135459853,0.99988016650531
"ENSG00000288059",0.461481884776158,0.424913551430528,0.508836833454157,0.491064027222251,0.99988016650531
"ENSG00000067113",0.204250800008448,3.32671723431405,0.508637661641719,0.491073746200441,0.99988016650531
"ENSG00000253577",0.449415590851628,0.836794267257478,0.508610188010053,0.491131196574773,0.99988016650531
"ENSG00000031081",-0.14209530754477,7.24023376197845,0.508468263246076,0.49114366614203,0.99988016650531
"ENSG00000228554",-0.779046236359274,-0.20142277633627,0.507882213692496,0.49119938696681,0.99988016650531
"ENSG00000157456",0.433964588105344,1.0639589585254,0.508281752996276,0.491234958377019,0.99988016650531
"ENSG00000165630",0.112807485667827,5.24560979718671,0.508174753080328,0.491265958753065,0.99988016650531
"ENSG00000286549",-0.412301036331766,1.04910667153788,0.507864288441381,0.491411201443764,0.99988016650531
"ENSG00000251322",0.443980429001882,0.951085374965733,0.507681263702887,0.491490445913684,0.99988016650531
"ENSG00000197180",-0.155567575461029,4.74909640409412,0.507583170940329,0.491512758431924,0.99988016650531
"ENSG00000258892",-0.434156585262859,0.622351480024182,0.507481741595671,0.491596799719309,0.99988016650531
"ENSG00000138639",-0.184119011763918,7.01477153708552,0.507324410354508,0.49162047474026,0.99988016650531
"ENSG00000302646",-0.328441248232353,1.58122708181613,0.507218313317991,0.491674124265863,0.99988016650531
"ENSG00000273329",0.208306478713564,3.09108314263153,0.506934558670577,0.491784021868288,0.99988016650531
"ENSG00000025434",-0.156902124363725,4.48798386734455,0.506732129068741,0.491867922961572,0.99988016650531
"ENSG00000139651",-0.16956348801988,3.44624716400463,0.506652088888425,0.491901720161061,0.99988016650531
"ENSG00000178691",0.113981089556595,7.12633469325234,0.506444055065785,0.491988005933425,0.99988016650531
"ENSG00000145293",0.12495419920355,5.28944179024707,0.506106180964416,0.492129214220522,0.99988016650531
"ENSG00000105671",0.130227210084881,4.95033024415383,0.506009872082299,0.492169574478014,0.99988016650531
"ENSG00000122042",-0.134728257042549,4.78243521562151,0.505999850116382,0.492173839075584,0.99988016650531
"ENSG00000198853",0.18077393242273,4.04132440468206,0.505955728627185,0.492192373273691,0.99988016650531
"ENSG00000119335",0.106820702188861,8.29113341146129,0.505657938420428,0.492316605726688,0.99988016650531
"ENSG00000228839",0.394514109579975,1.48365908416277,0.50551885480252,0.492381207336178,0.99988016650531
"ENSG00000306715",-0.131367666864742,6.45928961765756,0.505385078587263,0.492430758731863,0.99988016650531
"ENSG00000233985",-0.219236162812428,2.40086324528871,0.505379258649026,0.492435387293339,0.99988016650531
"ENSG00000138614",-0.120504005566654,5.0742945162247,0.505360258718205,0.492441200005262,0.99988016650531
"ENSG00000293909",0.245784444171508,2.65228543739228,0.505327427969143,0.492456236456446,0.99988016650531
"ENSG00000119242",-0.1318468065016,4.77050105415026,0.505282716636532,0.492473790122321,0.99988016650531
"ENSG00000066455",-0.127152057513996,4.4763982131755,0.505281570446743,0.49247430513117,0.99988016650531
"ENSG00000231304",-0.165360714974561,3.90484059683546,0.50524305796398,0.492490509393809,0.99988016650531
"ENSG00000156136",-0.166046674869067,4.87031775648888,0.505215252357446,0.49250202359976,0.99988016650531
"ENSG00000175602",0.161048936853692,6.20203790953083,0.505065586617624,0.492564477545645,0.99988016650531
"ENSG00000287404",-0.427969283339762,0.820199903737227,0.504968251005853,0.492634402901962,0.99988016650531
"ENSG00000237729",-0.139726694994419,4.54802772590501,0.504847976954071,0.492655824157484,0.99988016650531
"ENSG00000115661",-0.205949585444584,3.00772199572098,0.504808078757895,0.49267328672052,0.99988016650531
"ENSG00000245849",0.264267423438226,1.87587147668336,0.504735695906874,0.492706176411936,0.99988016650531
"ENSG00000155052",0.573762104056156,0.222196079871698,0.504881912514322,0.492718092388602,0.99988016650531
"ENSG00000254851",-0.345511606707836,0.823787988142499,0.504640501119772,0.492763896452526,0.99988016650531
"ENSG00000159915",0.454011910503235,0.66032502176341,0.504659998460175,0.492767447304463,0.99988016650531
"ENSG00000153339",-0.123326056583593,5.6813077195733,0.504471153449849,0.492813441511552,0.99988016650531
"ENSG00000299857",0.407524956752813,0.642239534143873,0.50455321928424,0.49282127958531,0.99988016650531
"ENSG00000122515",-0.120472840267663,6.26723839126626,0.504361633807478,0.492859326705521,0.99988016650531
"ENSG00000168280",0.481140153099153,0.950077151095905,0.504276446983633,0.49291786395932,0.99988016650531
"ENSG00000121797",-0.395433131817612,1.27308345271546,0.503975093466056,0.493030688693056,0.99988016650531
"ENSG00000019485",0.363831277224614,1.19089401052143,0.503859517110019,0.493079554024467,0.99988016650531
"ENSG00000049246",-0.24571821740505,2.49136255702994,0.503800033172479,0.493096620372225,0.99988016650531
"ENSG00000198692",-0.121762017442631,5.04824627167118,0.50376304557246,0.493110392914919,0.99988016650531
"ENSG00000248734",-0.598445328147454,-0.134935416108905,0.504034753321315,0.493128988164379,0.99988016650531
"ENSG00000174903",-0.114551994697925,6.73517005943659,0.50369654460315,0.493138187325535,0.99988016650531
"ENSG00000290102",-0.288689508844625,1.57637528508144,0.50355006709478,0.493207148266045,0.99988016650531
"ENSG00000185236",-0.119693782547297,5.09777151734014,0.503514815286572,0.493214533025016,0.99988016650531
"ENSG00000164944",-0.11182200696702,5.94910954012798,0.503383100743101,0.49326971357887,0.99988016650531
"ENSG00000231424",-0.193392051498095,5.77763271024651,0.503368989525545,0.493275636732247,0.99988016650531
"ENSG00000147251",-0.133821339197394,5.30376555853254,0.503131663332137,0.493375273549461,0.99988016650531
"ENSG00000112852",-0.170430028082015,3.52919032809994,0.502945082053879,0.493454127886527,0.99988016650531
"ENSG00000242071",0.185548190341166,4.61990557123206,0.502862741989748,0.493488428474778,0.99988016650531
"ENSG00000141030",0.143129513448067,5.20031352142416,0.502761978221838,0.493530537999564,0.99988016650531
"ENSG00000123607",0.205376240233702,3.5662514923376,0.502746023709234,0.493537719331366,0.99988016650531
"ENSG00000160714",-0.110296082816358,7.12206628977996,0.502572204226148,0.493610245369438,0.99988016650531
"ENSG00000164024",0.120976252110157,5.06734361924317,0.502541948980118,0.493623039599044,0.99988016650531
"ENSG00000235297",0.354014083306314,1.25856816483881,0.502115391505501,0.49381565860856,0.99988016650531
"ENSG00000102910",0.101665974364369,6.12365361528295,0.50206834347071,0.49382206005741,0.99988016650531
"ENSG00000115232",0.120408900925583,6.27726912151629,0.501924421683093,0.493882589861061,0.99988016650531
"ENSG00000100564",-0.181371292419972,3.78205943855825,0.501727849895399,0.493965711486287,0.99988016650531
"ENSG00000125686",0.115036568822789,6.21283489814662,0.501534965572374,0.494046453987136,0.99988016650531
"ENSG00000111300",-0.117233063938935,5.64189846260052,0.501430173203605,0.494090570100773,0.99988016650531
"ENSG00000145743",0.139506532731608,6.11422207419107,0.501140880203254,0.494212365468509,0.99988016650531
"ENSG00000028116",-0.174645823186474,6.34079469338839,0.50104511479459,0.494252695454322,0.99988016650531
"ENSG00000223482",0.114474881188694,6.54918556000118,0.501011021265,0.494267054385902,0.99988016650531
"ENSG00000294377",-0.536577532068112,0.0787628355922791,0.501207399995009,0.494301332486751,0.99988016650531
"ENSG00000138794",-0.236215277384215,2.44851824366972,0.50087823879812,0.494325130125268,0.99988016650531
"ENSG00000010310",1.33723982306117,0.960453838977772,0.500817595559777,0.494401156033076,0.99988016650531
"ENSG00000170917",0.25223144890779,2.76197324513562,0.500641947206274,0.494423939518091,0.99988016650531
"ENSG00000258733",-0.161960338918108,4.45844185379755,0.500612686940164,0.494435113962484,0.99988016650531
"ENSG00000168286",0.14732942806464,5.21854402662402,0.500588353720621,0.494445166294721,0.99988016650531
"ENSG00000103035",-0.106047821435441,6.95734297487111,0.500549855847927,0.494461368630586,0.99988016650531
"ENSG00000106537",0.620464136538488,0.294558332186658,0.500654679657278,0.494515268202107,0.99988016650531
"ENSG00000071894",0.106281107897014,5.97936230756697,0.500213544904876,0.49460316922143,0.99988016650531
"ENSG00000113384",-0.0981953406823897,6.46879254797833,0.50019485413474,0.494611046207498,0.99988016650531
"ENSG00000170892",-0.147656463142337,4.84172570868999,0.500105614775882,0.494648860859619,0.99988016650531
"ENSG00000231074",-0.129667868878791,4.82907366967499,0.500020143225755,0.494684930413001,0.99988016650531
"ENSG00000163686",-0.178646511567452,4.53504137580341,0.499795323304119,0.494779816292641,0.99988016650531
"ENSG00000173674",-0.115488533889359,7.49948547306813,0.49978843137351,0.494782498186636,0.99988016650531
"ENSG00000217716",-0.186264704810892,4.7165550816646,0.4997058187,0.494817590346802,0.99988016650531
"ENSG00000248692",-0.354731615798612,0.840704040263987,0.499444588522784,0.494951299945215,0.99988016650531
"ENSG00000144021",0.111952069842496,5.92358122898651,0.499325803942769,0.494977801594783,0.99988016650531
"ENSG00000259040",0.333610543742157,1.15776811804111,0.49932962933924,0.49498741798516,0.99988016650531
"ENSG00000163902",-0.136275891174798,7.78362091143831,0.499218843164579,0.49502296529329,0.99988016650531
"ENSG00000261268",0.545195061074009,0.162449988980244,0.499329720547914,0.495100035103861,0.99988016650531
"ENSG00000247746",0.317328728527727,1.96118131233671,0.498903710000932,0.495160605427038,0.99988016650531
"ENSG00000154957",0.420862355657979,0.694214797205215,0.498838730605169,0.495207335901377,0.99988016650531
"ENSG00000261324",-0.465848302358696,0.0840589829614876,0.499010292274014,0.495235138583789,0.99988016650531
"ENSG00000164603",-0.129818132929283,5.6337687796202,0.498691060376987,0.495245982053661,0.99988016650531
"ENSG00000184708",0.112932037950628,4.98914551439595,0.498664901532412,0.495257129181217,0.99988016650531
"ENSG00000128513",-0.14753088208766,4.19186392214065,0.498293605371645,0.495414301812427,0.99988016650531
"ENSG00000214756",0.311902278063731,1.78283382439638,0.498121683484935,0.495491359661041,0.99988016650531
"ENSG00000164509",-0.432859298532324,0.616489482024805,0.498115064734852,0.495535735573524,0.99988016650531
"ENSG00000247982",-0.108332905844274,6.05767830494036,0.497768163463048,0.495636360252762,0.99988016650531
"ENSG00000129422",0.486233269274149,1.58986836977247,0.497755367696286,0.495647030990003,0.99988016650531
"ENSG00000128563",-0.112164830562978,5.67127756797118,0.497736844998727,0.495649623601013,0.99988016650531
"ENSG00000273341",-0.334258965681143,1.23371961360771,0.497579232721819,0.495726634245846,0.99988016650531
"ENSG00000285677",0.293755242343907,1.95617030120515,0.497515566711503,0.495746879260793,0.99988016650531
"ENSG00000289911",-0.380470906258862,1.14129960869185,0.497431953653437,0.495792241128777,0.99988016650531
"ENSG00000253961",0.815909974877765,-0.379183412086795,0.495649928307552,0.49592083395739,0.99988016650531
"ENSG00000111707",0.126847138890953,4.37138014915146,0.497086908939593,0.495925130946658,0.99988016650531
"ENSG00000263740",-0.210253321331108,2.39031817697763,0.497090601553833,0.495925234238821,0.99988016650531
"ENSG00000116198",0.168789740044004,4.0742258392286,0.497067700702079,0.495933311030237,0.99988016650531
"ENSG00000158234",-0.178822103120434,3.0207134856709,0.496874824741135,0.496015687115911,0.99988016650531
"ENSG00000160789",-0.11189600941087,9.78691512291274,0.49675825473901,0.496064174093406,0.99988016650531
"ENSG00000158987",0.19057251090152,2.88067278121065,0.496658285969814,0.496107584327906,0.99988016650531
"ENSG00000083838",-0.311369737735677,1.48071293187247,0.496559498951187,0.496155560687371,0.99988016650531
"ENSG00000294990",-0.32145020701925,1.03116961371883,0.496491727924933,0.496193589879463,0.99988016650531
"ENSG00000267322",-0.53521440520432,0.178038942685605,0.496671078168586,0.496229236114463,0.99988016650531
"ENSG00000158555",0.247995980334978,2.81086600120936,0.496246655526613,0.496282417627976,0.99988016650531
"ENSG00000177700",-0.145781602603109,7.0505078660424,0.496060653508375,0.496360082388617,0.99988016650531
"ENSG00000105784",0.401275238696072,1.1168217619511,0.496064038623894,0.49636961859458,0.99988016650531
"ENSG00000259201",-0.490935865994573,0.599804888094761,0.496040995933776,0.496409872534793,0.99988016650531
"ENSG00000308476",0.369487790322588,0.978161251364712,0.495923356873471,0.49644475276473,0.99988016650531
"ENSG00000170852",0.112712583405554,5.56827267281156,0.495828844892883,0.496458492534319,0.99988016650531
"ENSG00000128165",-0.400389945045762,1.06841506208876,0.495841172555132,0.496466549144667,0.99988016650531
"ENSG00000106780",0.130912398702818,4.92768624702584,0.495765356214083,0.496485576336103,0.99988016650531
"ENSG00000158163",0.31069771225285,2.51951239386931,0.495770919854937,0.496486306020713,0.99988016650531
"ENSG00000260808",0.318110577108906,3.2910640604435,0.495480283257298,0.496607155687178,0.99988016650531
"ENSG00000134571",-0.419947343861965,0.657667006026253,0.495528695561141,0.496628420867435,0.99988016650531
"ENSG00000108528",-0.129208911510956,5.03093643064776,0.49535745485568,0.496658783871841,0.99988016650531
"ENSG00000142632",0.232119773165706,2.40687380333221,0.495045258594269,0.496793325488029,0.99988016650531
"ENSG00000136146",0.0994937147293152,6.09823181749279,0.494996892993411,0.496811918531738,0.99988016650531
"ENSG00000162819",-0.14408615080743,5.41569360580606,0.494829630310761,0.496883042107768,0.99988016650531
"ENSG00000168502",0.339258067902228,1.35165136920556,0.494759182897159,0.496921757482604,0.99988016650531
"ENSG00000049192",-0.257573481966202,2.47433918242675,0.494399016078453,0.497068051393665,0.99988016650531
"ENSG00000145934",0.344413012069121,0.89902098934691,0.494399020459235,0.497083855205481,0.99988016650531
"ENSG00000276600",-0.134160121019198,5.66258679202589,0.494166340973326,0.497165211512483,0.99988016650531
"ENSG00000178028",0.159718414229203,3.93924627933926,0.494092881262341,0.49719682403598,0.99988016650531
"ENSG00000125864",0.334857561504252,1.5085683404816,0.494105650312733,0.497204291966388,0.99988016650531
"ENSG00000136732",-0.138853942824135,6.42241859776841,0.493963256803313,0.497251658622063,0.99988016650531
"ENSG00000173678",0.383839945424033,2.32808558205064,0.493854166921535,0.497300523568541,0.99988016650531
"ENSG00000285184",0.187397014233885,3.45380495947927,0.493847443937512,0.497301458600528,0.99988016650531
"ENSG00000213523",-0.151207760323634,5.64899324249745,0.493809351947422,0.497317202549981,0.99988016650531
"ENSG00000143761",-0.113839133913858,8.99590746552044,0.49373499001937,0.497348859658955,0.99988016650531
"ENSG00000135723",0.121146586213162,4.72197430379904,0.493516132105127,0.497442297074755,0.99988016650531
"ENSG00000054967",-0.159901044683985,4.76743926620026,0.49344791351931,0.497471369810604,0.99988016650531
"ENSG00000173163",-0.109123832716678,6.19532946050912,0.493213622685464,0.497571015089622,0.99988016650531
"ENSG00000204706",0.371811824212898,1.26687179557844,0.49322087181109,0.497576469300562,0.99988016650531
"ENSG00000284624",0.515477875574292,0.23692221336979,0.493340677673122,0.497598756615469,0.99988016650531
"ENSG00000144785",0.202691481345601,3.89592734916771,0.492938420660208,0.497688682543625,0.99988016650531
"ENSG00000182670",0.119894533958258,6.63439936683859,0.492826806715485,0.497735945423531,0.99988016650531
"ENSG00000003393",-0.132442271912862,4.00059902394534,0.492816962109307,0.497740432382786,0.99988016650531
"ENSG00000090924",0.175773560213143,4.15497108331722,0.492492446533043,0.497878861450667,0.99988016650531
"ENSG00000275120",0.355976375846532,1.36203627376409,0.492504541188239,0.497881743357053,0.99988016650531
"ENSG00000069869",0.142307554639189,4.94044294044401,0.492445127451377,0.497898923340238,0.99988016650531
"ENSG00000065135",-0.109259970436981,6.68921174408638,0.492435931571164,0.497902708758677,0.99988016650531
"ENSG00000104221",-0.16054063452092,3.55421501295383,0.492190618125031,0.49800796473248,0.99988016650531
"ENSG00000205683",-0.275820431140935,2.69354630014963,0.492093791158796,0.498050392958105,0.99988016650531
"ENSG00000115241",0.102543027148583,7.14167361445263,0.491825228571673,0.498163459639184,0.99988016650531
"ENSG00000303936",0.437815399456529,0.578307453677007,0.491856303010469,0.4981911374072,0.99988016650531
"ENSG00000112855",0.328621367123932,1.52087520430813,0.491555012012063,0.498285384095348,0.99988016650531
"ENSG00000261669",0.690295466984889,0.456088085461926,0.491324069817837,0.498435734212035,0.99988016650531
"ENSG00000261351",0.475340972452262,0.343980651864613,0.491242036368028,0.498467138664847,0.99988016650531
"ENSG00000168487",0.161887347210416,3.31331788945981,0.491039829240089,0.498499823721555,0.99988016650531
"ENSG00000148399",0.152217900330215,4.96890163346907,0.490909133925022,0.498555208028635,0.99988016650531
"ENSG00000172613",0.139052487610393,4.4499809184876,0.49073262793391,0.498630820899656,0.99988016650531
"ENSG00000196465",0.175259931954142,5.19170301002867,0.490715713613648,0.498637841160807,0.99988016650531
"ENSG00000254860",0.314035587354039,1.66654447679719,0.490615473518443,0.498685425126629,0.99988016650531
"ENSG00000188511",0.133378586125882,5.38878468639302,0.490570326497957,0.498700054929799,0.99988016650531
"ENSG00000125637",0.162669626825319,4.41325485701107,0.490472351237156,0.498742218411844,0.99988016650531
"ENSG00000170345",0.115748825811571,5.50824817117416,0.490435569773791,0.498757731533976,0.99988016650531
"ENSG00000089220",0.102179996198055,7.71001129389508,0.490362374128697,0.498789052593341,0.99988016650531
"ENSG00000223786",0.481381522252763,0.278849273373535,0.490515104724405,0.498807572336711,0.99988016650531
"ENSG00000198900",-0.123065453630257,7.86359760219081,0.490227287785713,0.498846893504542,0.99988016650531
"ENSG00000122477",-0.319098247364571,1.07402966412411,0.49004849400522,0.498936581653454,0.99988016650531
"ENSG00000285530",-0.134972273566088,6.01269645853546,0.489912379282672,0.498981785580091,0.99988016650531
"ENSG00000175198",0.104992709536838,6.17998637506635,0.489678104596862,0.499082172649327,0.99988016650531
"ENSG00000115935",-0.154166305840133,6.47119201453778,0.489571165617433,0.499128007239189,0.99988016650531
"ENSG00000134909",0.172165335080787,5.10602134786916,0.489277579135944,0.499253907491318,0.99988016650531
"ENSG00000198618",-0.143502477045244,6.55483269980024,0.489264045837106,0.49925968774178,0.99988016650531
"ENSG00000255284",0.199638918128353,3.26181486589528,0.489223924012337,0.499277630442523,0.99988016650531
"ENSG00000308289",-0.334787851079143,1.58786686021189,0.489026757125118,0.499367447141237,0.99988016650531
"ENSG00000156642",-0.100780990249716,6.82297002958759,0.489000517492781,0.499372726387665,0.99988016650531
"ENSG00000158793",0.164118039102553,4.98655959087753,0.488985490429517,0.499379304780848,0.99988016650531
"ENSG00000135503",-0.127926776039982,5.72932928011137,0.488897252698685,0.499417042871894,0.99988016650531
"ENSG00000077348",0.160762989302908,4.55314035393561,0.488680602949613,0.499510250746815,0.99988016650531
"ENSG00000113328",-0.114529722157771,5.83869850812055,0.488669003926535,0.499515002669421,0.99988016650531
"ENSG00000179832",0.102200615064612,5.42925550236677,0.488590892248154,0.499548541581618,0.99988016650531
"ENSG00000225937",-0.360673658776369,1.73108054435185,0.488499063662449,0.499594577144172,0.99988016650531
"ENSG00000242445",0.361273897352107,0.797031071207737,0.488442135196291,0.499643139765344,0.99988016650531
"ENSG00000173327",-0.125853225530095,5.86960050802378,0.488285664463792,0.499679601793366,0.99988016650531
"ENSG00000261777",0.286886647839305,1.60733902101564,0.488225906919356,0.499710355407978,0.99988016650531
"ENSG00000290538",0.220541557524266,2.82939071139029,0.487955220491827,0.499822729266632,0.99988016650531
"ENSG00000276023",0.195433974405336,2.96080506989805,0.487929838658866,0.4998335181015,0.99988016650531
"ENSG00000134864",-0.168102267692838,4.08233640601523,0.487870238712848,0.499858397509452,0.99988016650531
"ENSG00000185220",0.232230453523166,2.23981375791087,0.487806836760615,0.499888352970428,0.99988016650531
"ENSG00000066629",0.33696678819173,2.01392240160397,0.487595779834282,0.499979172916428,0.99988016650531
"ENSG00000225519",-0.511772256336353,0.0199961433311615,0.487842317933341,0.499997830887409,0.99988016650531
"ENSG00000188620",-0.203086100712207,2.62962816424124,0.487529400744827,0.500006484121307,0.99988016650531
"ENSG00000048740",0.120794443730311,8.10470398650504,0.487420406333335,0.500051478533658,0.99988016650531
"ENSG00000293322",-0.123512315875826,4.95278521133778,0.487325701343363,0.500092316301465,0.99988016650531
"ENSG00000096063",0.133072878134623,6.71075760243776,0.487095679713829,0.500191176972009,0.99988016650531
"ENSG00000186026",0.647655477155213,0.170539965294571,0.487283285707896,0.500192127430847,0.99988016650531
"ENSG00000258677",-0.271325308937144,1.13652333144851,0.486755780597039,0.500349097157171,0.99988016650531
"ENSG00000229585",-0.418557485573226,0.668167107038203,0.48639035946223,0.500524608370914,0.99988016650531
"ENSG00000253799",-0.357176655405071,1.46749819081373,0.486254854394605,0.500559852529645,0.99988016650531
"ENSG00000250634",0.53134006596066,1.02265989190597,0.486205386635905,0.500593809892607,0.99988016650531
"ENSG00000239941",0.298349186851953,2.31228389442859,0.486166191424145,0.500593859887248,0.99988016650531
"ENSG00000272345",-0.401921079893611,0.331961171407408,0.486139322661498,0.50066164291678,0.99988016650531
"ENSG00000255139",0.336000942637597,2.57787909303199,0.485661232559632,0.500810633007422,0.99988016650531
"ENSG00000160145",0.521604627450445,1.75532255017196,0.48549996864822,0.50088674881024,0.99988016650531
"ENSG00000111328",0.141561784572202,5.36723265299555,0.485454904532497,0.500898124286936,0.99988016650531
"ENSG00000186532",0.228247756642422,3.04496556857339,0.485447062498363,0.500902450966769,0.99988016650531
"ENSG00000107372",-0.118147043914822,5.83524458450654,0.485432959486168,0.500907580563064,0.99988016650531
"ENSG00000133703",-0.123269555279023,6.48944902070806,0.485401162540438,0.500921292580156,0.99988016650531
"ENSG00000296830",0.377650029702971,1.13055750135896,0.485413652112929,0.500927582499068,0.99988016650531
"ENSG00000156515",0.125040958564304,5.97523356061072,0.485135490031898,0.501035940605763,0.99988016650531
"ENSG00000272172",0.438477314935508,0.438087523721096,0.485287759252547,0.501040838502765,0.99988016650531
"ENSG00000163466",-0.129077272407295,10.0549788110763,0.484941005838887,0.501119887491146,0.99988016650531
"ENSG00000103254",-0.20360594889271,4.15648337161799,0.484859231133142,0.501155513813346,0.99988016650531
"ENSG00000115839",-0.110201672823545,6.0318510216944,0.484583047406657,0.501274484786083,0.99988016650531
"ENSG00000050030",0.221907295377149,2.55632554569581,0.484549587528805,0.501290509575558,0.99988016650531
"ENSG00000109472",0.468180747941086,1.48013734877239,0.484410993142186,0.501356103433805,0.99988016650531
"ENSG00000238058",-0.249533630386527,2.60257929986306,0.484385970652298,0.50136118305412,0.99988016650531
"ENSG00000123146",-0.109731951191261,5.42754683322492,0.484153007297113,0.501460327750849,0.99988016650531
"ENSG00000132963",-0.127329096388098,7.20857491650329,0.484087722860429,0.501488533521266,0.99988016650531
"ENSG00000196262",-0.138338173939061,9.75000593054626,0.484029747050637,0.501513597099214,0.99988016650531
"ENSG00000215817",-0.245388814706394,1.86370053176009,0.484000872478615,0.501529918716718,0.99988016650531
"ENSG00000295052",-0.327658028836067,4.6322035021574,0.48388871629909,0.501574760387315,0.99988016650531
"ENSG00000186141",-0.112788163965891,5.44620316072721,0.483781457064226,0.501620986343464,0.99988016650531
"ENSG00000288670",0.288842241826674,2.25027452253889,0.483592279867456,0.501704912738096,0.99988016650531
"ENSG00000214293",0.174449596282764,3.51609599475244,0.483549669355483,0.501721735326957,0.99988016650531
"ENSG00000188185",0.196493966199864,2.93942293782481,0.483506203583584,0.501741005794753,0.99988016650531
"ENSG00000289046",-0.322356129779585,1.00250280145942,0.483535135985166,0.501744595691127,0.99988016650531
"ENSG00000122705",-0.117100677105549,7.92574366033308,0.483484878084736,0.501749275248657,0.99988016650531
"ENSG00000100034",0.115007942695865,5.23643989903075,0.483207006480351,0.501869564413679,0.99988016650531
"ENSG00000134013",0.249426819393994,2.14418034908155,0.482905924206296,0.5020024018174,0.99988016650531
"ENSG00000182872",-0.112858998963549,5.54513547175082,0.482781954035987,0.50205362875434,0.99988016650531
"ENSG00000307033",0.508376765579957,0.416919028871866,0.482904136797504,0.502063389311775,0.99988016650531
"ENSG00000129295",-0.505317078104207,0.383024957110333,0.48257937208025,0.502227500692157,0.99988016650531
"ENSG00000188158",0.177298540982626,3.14165631290679,0.482323255568288,0.502253189988169,0.99988016650531
"ENSG00000224635",-0.327720416929016,1.41054533780819,0.482312979452208,0.502264171807621,0.99988016650531
"ENSG00000136828",0.210842865605329,2.89276596004249,0.482288722208521,0.502268408974426,0.99988016650531
"ENSG00000138767",-0.15079501164854,6.04859795484144,0.482210464023035,0.502301298839528,0.99988016650531
"ENSG00000187534",-0.168500080134701,2.88553502956946,0.481954573136252,0.502413324973449,0.99988016650531
"ENSG00000115165",-0.121639207445288,6.1097644337982,0.481852323310328,0.502456625198956,0.99988016650531
"ENSG00000248527",0.209802775508221,7.28964649375895,0.481632719999578,0.502551906485586,0.99988016650531
"ENSG00000131475",-0.160257199585152,4.64602565750111,0.481606335790745,0.502563585372796,0.99988016650531
"ENSG00000069329",-0.0979611469152379,6.74511690592841,0.481584721527548,0.502572738902772,0.99988016650531
"ENSG00000065559",0.1495111340704,4.51204878185575,0.481535583885398,0.502594288915112,0.99988016650531
"ENSG00000242086",0.116824366306958,5.23543827336042,0.481443510204596,0.502634050606152,0.99988016650531
"ENSG00000253506",-0.309664168602247,0.923937944182639,0.481482189790904,0.502641449764374,0.99988016650531
"ENSG00000273344",-0.276408578609972,1.58841547467842,0.481412493747946,0.50265370437185,0.99988016650531
"ENSG00000224712",0.20930548438249,2.28939201895021,0.481114106446881,0.502779392554096,0.99988016650531
"ENSG00000189171",-0.17143061690725,4.24192943379314,0.480940180951731,0.502852873120996,0.99988016650531
"ENSG00000259330",0.130776270383639,4.67189234629325,0.48064770875119,0.502979919359301,0.99988016650531
"ENSG00000153944",0.196570294431445,5.44690468863642,0.480481179960928,0.503052113682238,0.99988016650531
"ENSG00000118600",0.142256645629443,4.08998116389058,0.48044239227308,0.503069264720268,0.99988016650531
"ENSG00000257103",0.098881226678405,6.86540407476066,0.480440941383787,0.503069591338676,0.99988016650531
"ENSG00000167635",0.0994176119229691,6.10943496807803,0.480432720965437,0.503073169948642,0.99988016650531
"ENSG00000302385",0.410936367059394,0.458834326517588,0.480486112176145,0.503096551985466,0.99988016650531
"ENSG00000084710",0.42806173641959,0.515289687086079,0.480355057262225,0.503147225394464,0.99988016650531
"ENSG00000164934",0.103621498917328,5.77444501250535,0.480192436690024,0.503177667723668,0.99988016650531
"ENSG00000239569",-0.161364714498345,5.40514808880908,0.480115657207455,0.503211071631566,0.99988016650531
"ENSG00000070610",-0.13073096068577,4.56304826228211,0.480015063104318,0.503255043374072,0.99988016650531
"ENSG00000146802",0.145068959174305,5.0218104172272,0.479966829622487,0.503275879661206,0.99988016650531
"ENSG00000137770",0.1039382217701,6.04958184863641,0.479915545482527,0.503298124633207,0.99988016650531
"ENSG00000144455",0.146703166627521,6.03407747806516,0.47991175981625,0.503299771608628,0.99988016650531
"ENSG00000065989",-0.101646507524503,5.55079461994397,0.47967385082171,0.503403322465181,0.99988016650531
"ENSG00000196074",0.231092963347871,2.3170061059946,0.479660560266403,0.503411286785873,0.99988016650531
"ENSG00000093144",0.0968172299139197,6.09990389160245,0.479643509831542,0.503416523290519,0.99988016650531
"ENSG00000142185",0.116251454464312,6.86196470105361,0.479613762184235,0.503429468319235,0.99988016650531
"ENSG00000241169",0.479820059198076,0.135158245912066,0.479414175507604,0.503554746906939,0.99988016650531
"ENSG00000274015",-0.240502712963267,2.45314779089721,0.479317646932201,0.503560321518137,0.99988016650531
"ENSG00000302865",-0.355902932525639,2.83237274117603,0.479290561937997,0.503571238516559,0.99988016650531
"ENSG00000095951",-0.157814178985592,4.80476873438581,0.479285551521012,0.503572478848368,0.99988016650531
"ENSG00000129158",0.150435870790503,4.01982313314887,0.478796452835195,0.503785820589459,0.99988016650531
"ENSG00000157657",0.120574255603323,5.04945588852157,0.478600895211524,0.503870845483977,0.99988016650531
"ENSG00000273445",0.273813813298285,2.64495269172659,0.478494783638483,0.503918341275213,0.99988016650531
"ENSG00000108622",0.289918263671618,1.45210257060858,0.478239521921493,0.50403617887569,0.99988016650531
"ENSG00000284691",-0.325207878248549,0.99873461917402,0.478110832757436,0.504098844560925,0.99988016650531
"ENSG00000205420",0.601296901134403,1.16310828216349,0.478066389244516,0.504115737312158,0.99988016650531
"ENSG00000155313",-0.148447368098408,6.03319817648496,0.47801343363761,0.504127046797351,0.99988016650531
"ENSG00000229855",-0.144783198497894,4.96340391108451,0.477955658379613,0.504152326772415,0.99988016650531
"ENSG00000149257",0.119814033115166,7.18442829006114,0.477715345844115,0.504257168941231,0.99988016650531
"ENSG00000166147",0.324365112630219,1.62231744676353,0.477710833813425,0.504264667419419,0.99988016650531
"ENSG00000171960",0.138637546329062,7.84465971547877,0.477663791903952,0.504279679611469,0.99988016650531
"ENSG00000291199",0.391950134088114,3.35590698575854,0.477580949621433,0.504316506106611,0.99988016650531
"ENSG00000260755",0.30152913107276,1.63073759938713,0.477436203970565,0.504386433479672,0.99988016650531
"ENSG00000197140",0.340052070749985,1.02187596062654,0.477355940188735,0.504427489004043,0.99988016650531
"ENSG00000256167",-0.268658890127894,1.85818960221124,0.47720766091298,0.504483215604706,0.99988016650531
"ENSG00000121058",0.121531036786105,5.01279340067678,0.477172215264675,0.504494544071802,0.99988016650531
"ENSG00000234323",0.323352349972683,1.29653191206394,0.477159580228611,0.504509707336539,0.99988016650531
"ENSG00000163032",-0.256668726125825,2.44089632668209,0.476825519677784,0.504647594127659,0.99988016650531
"ENSG00000226784",-0.132599009980984,3.91514845169001,0.476813024000087,0.504651817982363,0.99988016650531
"ENSG00000215114",0.141680329883798,4.78565911245639,0.476677109357609,0.504711092601896,0.99988016650531
"ENSG00000175115",0.129396604646527,5.59255462711858,0.476528965180759,0.504775691457503,0.99988016650531
"ENSG00000289390",-0.273140180614474,2.14180093690175,0.476519132008179,0.504782389774423,0.99988016650531
"ENSG00000196365",0.101632196059149,5.59164763816001,0.476498854667391,0.504788864408761,0.99988016650531
"ENSG00000137393",-0.175035696948469,5.47595532263067,0.47646221835525,0.504804892351549,0.99988016650531
"ENSG00000204574",-0.143396617279501,5.48496657623525,0.476267553552654,0.504890074703971,0.99988016650531
"ENSG00000164494",0.137221301887055,6.34148808951065,0.475981663668731,0.505015208165742,0.99988016650531
"ENSG00000102974",0.125119580299335,5.88503494459155,0.475836679470527,0.505078699772245,0.99988016650531
"ENSG00000157181",0.124392866785598,5.52276249529768,0.475671670108519,0.505150977688634,0.99988016650531
"ENSG00000198356",-0.120990236192096,4.89777213950811,0.475644505205387,0.505163069217599,0.99988016650531
"ENSG00000155980",1.01068540521157,0.47562326456922,0.475167090853308,0.505325140961219,0.99988016650531
"ENSG00000011143",0.243969895607576,2.4465799842008,0.475112442325481,0.505398129794545,0.99988016650531
"ENSG00000298010",0.491987590594472,0.591651091367409,0.475055217653693,0.505450065227928,0.99988016650531
"ENSG00000297701",0.419486290094148,0.128245992765803,0.475074181587187,0.505476565982577,0.99988016650531
"ENSG00000256120",-0.375561582920485,1.35130407878389,0.474932581282784,0.505484661930155,0.99988016650531
"ENSG00000250658",-0.512892446173306,0.61875525125326,0.474930056417106,0.505528701431182,0.99988016650531
"ENSG00000130175",-0.102702887527935,5.66676641865549,0.474558027051419,0.505639236343147,0.99988016650531
"ENSG00000273142",0.229418259015035,2.65919650550477,0.474544993246646,0.505646170919574,0.99988016650531
"ENSG00000290057",-0.352081060089735,0.351816618551541,0.474550222382992,0.505717867887387,0.99988016650531
"ENSG00000137757",-0.292437443636268,2.45994921065106,0.474084899532803,0.505848470978113,0.99988016650531
"ENSG00000227486",-0.164165619848911,4.75749269949419,0.473978003642763,0.505894056592432,0.99988016650531
"ENSG00000116962",-0.101415328130432,6.04165325482425,0.473850344360567,0.50594994935251,0.99988016650531
"ENSG00000235298",0.209042372264495,3.46785626131663,0.473773524018726,0.505984234439527,0.99988016650531
"ENSG00000170298",-0.415387579827738,0.204961170142041,0.473965174873862,0.505988803114516,0.99988016650531
"ENSG00000165572",0.187865923695661,3.09119459863469,0.473707412293291,0.506013560181706,0.99988016650531
"ENSG00000150967",0.231783210635108,2.76585159261503,0.473674960102934,0.506028417847963,0.99988016650531
"ENSG00000287507",-0.445780721306482,0.0835763488743305,0.473794746885423,0.506066374507704,0.99988016650531
"ENSG00000214146",0.370324434572534,1.63437981337235,0.473586078349503,0.506071268951471,0.99988016650531
"ENSG00000273356",-0.389150419779453,0.8699176728399,0.473582722575569,0.506088774469314,0.99988016650531
"ENSG00000140199",0.115185939704199,4.77267890986578,0.473136146052002,0.506264062416374,0.99988016650531
"ENSG00000291091",0.138652507579453,3.82914947918132,0.472792136441643,0.506415589325439,0.99988016650531
"ENSG00000166401",-0.153773715799291,5.00415193783919,0.472722539425987,0.506446031045338,0.99988016650531
"ENSG00000187778",-0.123366931729678,5.20758746038549,0.47271917704909,0.506447345041591,0.99988016650531
"ENSG00000287117",0.225577117210105,2.18462056970653,0.472049944412798,0.506745172872412,0.99988016650531
"ENSG00000180035",-0.232937767396644,2.70175139804559,0.472019742379804,0.506756685911859,0.99988016650531
"ENSG00000289161",-0.208992648774036,2.97130460538842,0.471673212530175,0.506908983142946,0.99988016650531
"ENSG00000258553",-0.446858650127208,0.810716029261859,0.471707563676901,0.506929767233204,0.99988016650531
"ENSG00000107829",-0.13336127964367,5.09866586325549,0.471546061934469,0.506964130831646,0.99988016650531
"ENSG00000305156",-0.411730907079088,0.465527071351676,0.471571010704155,0.507005915677031,0.99988016650531
"ENSG00000132164",0.255328627585596,2.46200407520861,0.47125627263538,0.507093835386925,0.99988016650531
"ENSG00000165457",-0.377315622975555,0.0736766797521443,0.471450225879736,0.507123606665064,0.99988016650531
"ENSG00000130332",-0.122295637242683,7.99404604644387,0.471149999268389,0.5071387677719,0.99988016650531
"ENSG00000116704",0.137836716953836,5.29849285087915,0.471139594075892,0.507143378663723,0.99988016650531
"ENSG00000136448",-0.103420170382296,6.13361697908798,0.471087649493184,0.507166283596004,0.99988016650531
"ENSG00000109586",0.131069338348192,5.7460949274046,0.470961606285004,0.507221909048133,0.99988016650531
"ENSG00000264019",-0.389909630106966,1.17861146886042,0.470489421014369,0.507450283931821,0.99988016650531
"ENSG00000205579",0.352248602995567,0.735689971791035,0.470160391389783,0.507600842829444,0.99988016650531
"ENSG00000124767",0.132915804302501,8.16223670287904,0.469777517091417,0.5077449539881,0.99988016650531
"ENSG00000170425",0.214392677707662,3.44688429776934,0.46964795227624,0.507802743758754,0.99988016650531
"ENSG00000255467",-0.177126943622243,3.84604303981539,0.469586647930186,0.507829729760132,0.99988016650531
"ENSG00000147889",-0.299133274568374,1.56433651184865,0.46931011433928,0.507957861278272,0.99988016650531
"ENSG00000285621",-0.351259045092952,0.744189573086197,0.469071835727744,0.508090294952677,0.99988016650531
"ENSG00000160255",-0.121045228032518,9.05023345958461,0.468921659529354,0.508123630851173,0.99988016650531
"ENSG00000293188",0.402981789250865,1.45222381605409,0.468916438910512,0.508132409157146,0.99988016650531
"ENSG00000131652",-0.139705148979684,6.05767138326104,0.468839756411535,0.508159904597016,0.99988016650531
"ENSG00000134852",0.107229513474181,5.78386548296578,0.468679583584767,0.508230842047427,0.99988016650531
"ENSG00000184389",-0.629520309978309,0.0603779921840699,0.468737545755214,0.508342326025283,0.99988016650531
"ENSG00000168495",-0.167101743952828,4.45315924880987,0.467731802295027,0.508651175242531,0.99988016650531
"ENSG00000100427",-0.221576374504378,4.3739286573806,0.467693193702895,0.508668457333853,0.99988016650531
"ENSG00000234636",-0.436661529553856,0.818834447270044,0.467619324588165,0.508725494574368,0.99988016650531
"ENSG00000095380",-0.121537344424249,5.86871862432331,0.467497342829002,0.508754978693376,0.99988016650531
"ENSG00000171566",-0.131919141701088,4.92080825131255,0.467488490013432,0.508759053510757,0.99988016650531
"ENSG00000136819",-0.103281842256174,6.39858988150879,0.467248960132651,0.508865217564985,0.99988016650531
"ENSG00000104643",0.112656184251288,5.41862224721587,0.467212620488352,0.508881362710464,0.99988016650531
"ENSG00000178053",0.255413059073821,3.13917516556731,0.46714506743024,0.508912093656869,0.99988016650531
"ENSG00000090971",-0.214936751712072,3.51712524893791,0.467122500936674,0.508921894155152,0.99988016650531
"ENSG00000104626",0.113894547741208,5.15354862549295,0.467097835636075,0.508932337075113,0.99988016650531
"ENSG00000293678",-0.180924555211339,3.21886738135173,0.466663476123571,0.509125926805185,0.99988016650531
"ENSG00000059145",-0.146999945111301,4.2396642159993,0.466571622895563,0.509166322437303,0.99988016650531
"ENSG00000290778",-0.288047495847024,1.46020520040001,0.466553630646774,0.509183833619818,0.99988016650531
"ENSG00000187049",0.168664275874801,4.4292759506484,0.46645559732296,0.509217882121679,0.99988016650531
"ENSG00000156697",-0.118875244455389,5.48656671305314,0.466272477695396,0.509299062031831,0.99988016650531
"ENSG00000253288",0.570158220498948,0.216150915147052,0.466274012364493,0.509380976666128,0.99988016650531
"ENSG00000260804",0.475998786318588,0.229529060538602,0.466184880955035,0.509443196137564,0.99988016650531
"ENSG00000106538",-0.317314121233403,1.23537911391204,0.46575428048068,0.509544284681081,0.99988016650531
"ENSG00000122678",0.130659160176738,4.02186909257402,0.465689058488487,0.509558884701933,0.99988016650531
"ENSG00000169213",0.564710583153254,1.37948696362416,0.465681502527701,0.509577134664268,0.99988016650531
"ENSG00000204580",0.539824052508114,0.275195205026474,0.465752317915978,0.509602846581663,0.99988016650531
"ENSG00000217702",0.225927090444859,2.50961601177426,0.465418301414616,0.509680704086588,0.99988016650531
"ENSG00000153563",0.455143722333753,0.972266620493252,0.465312557877575,0.509742217829421,0.99988016650531
"ENSG00000174851",0.128950654094278,6.01282751889637,0.465099556379373,0.509821055366456,0.99988016650531
"ENSG00000287940",-0.239850178985186,2.24657677321702,0.465080224448558,0.509831735725837,0.99988016650531
"ENSG00000153551",0.109725597406353,6.17642549984913,0.464902754091941,0.50990873524639,0.99988016650531
"ENSG00000132016",0.37003570308576,0.930798852007314,0.46446313673411,0.51013478606664,0.99988016650531
"ENSG00000304354",-0.237395275955331,2.10976011200638,0.464323225251263,0.510169691136963,0.99988016650531
"ENSG00000133124",0.454495953919674,0.656579961003942,0.464196755577285,0.510257813800473,0.99988016650531
"ENSG00000107485",0.451923749678177,0.926830485826616,0.464051489111999,0.510306594727413,0.99988016650531
"ENSG00000196712",0.123258706584894,7.75614155233424,0.46347432571634,0.510545967569954,0.99988016650531
"ENSG00000171777",0.632748078198967,1.82110458894361,0.463432287231474,0.510570289998661,0.99988016650531
"ENSG00000147166",0.902814468757626,1.12396474360568,0.463259894842997,0.510654095459029,0.99988016650531
"ENSG00000167193",-0.104956685506561,5.45479035612085,0.463131642898912,0.510699076064424,0.99988016650531
"ENSG00000260265",-0.390619763390039,0.425307716415107,0.463236954446004,0.510704969216636,0.99988016650531
"ENSG00000162670",0.41405902978133,1.47004962106681,0.463138812836239,0.510735767202401,0.99988016650531
"ENSG00000239440",0.130742773364036,8.12595420435007,0.46303063723633,0.51074419885425,0.99988016650531
"ENSG00000253210",-0.133124573622357,4.42648432590246,0.462997890353162,0.510759062488165,0.99988016650531
"ENSG00000274570",0.44190880827874,0.283769301430241,0.463157101448115,0.510761016447564,0.99988016650531
"ENSG00000049167",0.163265794527099,5.01511946093925,0.462517857062538,0.510973524313854,0.99988016650531
"ENSG00000130695",0.122062055186305,4.72091204139804,0.462321443589228,0.511061529307497,0.99988016650531
"ENSG00000298591",0.605023015045883,0.56145789223392,0.46223747479762,0.511135662002019,0.99988016650531
"ENSG00000163590",0.129673466728141,5.11233504170092,0.46188753493517,0.511255614745739,0.99988016650531
"ENSG00000266402",0.254819269515908,3.03887425009994,0.461756643333813,0.511315051323849,0.99988016650531
"ENSG00000293093",0.538766104770915,2.38378073576263,0.461567539477189,0.511403409446635,0.99988016650531
"ENSG00000256294",0.231756776768179,2.28625976440104,0.461050516275053,0.511632788582321,0.99988016650531
"ENSG00000174498",0.386320698330403,0.18634630001868,0.461187243540575,0.511684786765336,0.99988016650531
"ENSG00000172687",-0.146772607522565,3.6245838350428,0.460904225686922,0.511696676024187,0.99988016650531
"ENSG00000226887",0.298304987459932,1.39961280299431,0.460923366851851,0.511698031178516,0.99988016650531
"ENSG00000162511",-0.112884776582598,9.41502212949667,0.460878411267445,0.511707778097783,0.99988016650531
"ENSG00000286760",-0.466334849991953,0.215152007666072,0.460995115936724,0.511746538504079,0.99988016650531
"ENSG00000064651",0.152191709365014,4.33520604594926,0.460766151426784,0.511758369318323,0.99988016650531
"ENSG00000304565",0.15310245163843,4.29360320851792,0.460378897320542,0.511932143033354,0.99988016650531
"ENSG00000262879",0.102728262055423,5.94819687089918,0.460332908500008,0.511952545615692,0.99988016650531
"ENSG00000196378",-0.298576305301167,1.53385844347675,0.460345922863345,0.511952788010771,0.99988016650531
"ENSG00000268533",-0.349001252980307,0.678013768205188,0.460313215020375,0.511993024346589,0.99988016650531
"ENSG00000140443",0.315331669533927,2.47479742834461,0.460168570509811,0.512028120951289,0.99988016650531
"ENSG00000197467",0.356275232745908,1.40602468672444,0.459682751742669,0.512251381702369,0.99988016650531
"ENSG00000244300",0.221980323848976,4.20396340763657,0.459423370613293,0.512361436269127,0.99988016650531
"ENSG00000131668",0.188306182377884,7.2408341077365,0.459203048783887,0.512460174037826,0.99988016650531
"ENSG00000205593",-0.18379545968966,3.41921515106856,0.459193946021101,0.512464903110565,0.99988016650531
"ENSG00000109180",-0.0984332366729721,6.81725767455697,0.459181031226305,0.512470076585048,0.99988016650531
"ENSG00000047648",-0.145499628698894,4.12203546870078,0.45912451878672,0.51249574710574,0.99988016650531
"ENSG00000168758",0.235248466565401,3.85088184771959,0.459027032904124,0.512539697124076,0.99988016650531
"ENSG00000100243",0.316372386889464,2.40131055128141,0.458996511468272,0.51255489651285,0.99988016650531
"ENSG00000196914",-0.132829811233271,5.34965398808385,0.458950052720196,0.512573986342321,0.99988016650531
"ENSG00000198589",0.13158954774076,6.04974664179752,0.458782994839407,0.512649142047048,0.99988016650531
"ENSG00000229336",-0.413409785310521,0.521202512940544,0.458888419472036,0.512652148334181,0.99988016650531
"ENSG00000183569",0.334042992384022,1.95511335404319,0.458775280362984,0.512656002867211,0.99988016650531
"ENSG00000226266",-0.154146511270017,3.89062004713132,0.458522033395896,0.512766958917615,0.99988016650531
"ENSG00000137404",-0.262130308014854,3.04777358932618,0.458512744559427,0.512771734905703,0.99988016650531
"ENSG00000131477",0.37091268846875,0.730853199133809,0.458512063313575,0.512796303679124,0.99988016650531
"ENSG00000198890",0.120981917902092,4.67255209670267,0.458379015254045,0.512831206527856,0.99988016650531
"ENSG00000116117",0.361139291703691,1.28194934390484,0.458170873056293,0.512933996339184,0.99988016650531
"ENSG00000146007",-0.116397709564913,5.97688511514766,0.458120898201698,0.512947249282006,0.99988016650531
"ENSG00000271882",-0.221917999900341,2.76078956525408,0.458092678159322,0.512961185435501,0.99988016650531
"ENSG00000282508",0.344879913827776,0.90754887333102,0.45807151623281,0.512984639399819,0.99988016650531
"ENSG00000254995",0.292509848528811,1.44985731508625,0.458017942707801,0.512999888381036,0.99988016650531
"ENSG00000305357",-0.251483652543468,6.01482770016068,0.457888090955766,0.513052145990544,0.99988016650531
"ENSG00000293516",0.135052987286568,4.47177225627063,0.457862237956143,0.513064013538367,0.99988016650531
"ENSG00000196975",-0.0987467439111234,6.36233089269529,0.457735397262612,0.513120963946444,0.99988016650531
"ENSG00000294980",-0.416278029775756,1.38495388860934,0.457588550105833,0.513225748519441,0.99988016650531
"ENSG00000176912",0.512379114705106,1.89920405795523,0.45741054362084,0.513273573799172,0.99988016650531
"ENSG00000152104",0.144950956748959,5.14548694062634,0.457338042690001,0.513300153638654,0.99988016650531
"ENSG00000166923",0.296437728498914,1.14834628239173,0.457155038625195,0.513394551209774,0.99988016650531
"ENSG00000138834",0.144290342406548,4.53559413450347,0.457017182176982,0.51344509843561,0.99988016650531
"ENSG00000132589",0.122718673044476,5.58436136052674,0.456968580158105,0.513466845832693,0.99988016650531
"ENSG00000309777",0.256176296824842,2.18320654709516,0.456781256781561,0.513554069381133,0.99988016650531
"ENSG00000140945",0.260988635455233,1.65992731799454,0.456720268442756,0.513585519875362,0.99988016650531
"ENSG00000072364",-0.0970380719695955,6.05499405515658,0.456700293873968,0.513587946669627,0.99988016650531
"ENSG00000121486",-0.123304763872495,5.22322525943239,0.456623780572804,0.513622512910042,0.99988016650531
"ENSG00000124615",0.40353415093683,0.553318195967027,0.456729608235289,0.513622684372426,0.99988016650531
"ENSG00000294224",0.604008219592135,0.245962190647333,0.456635838809565,0.51367140038385,0.99988016650531
"ENSG00000179295",0.102545464207485,6.24329758571514,0.456242654031205,0.513794656645603,0.99988016650531
"ENSG00000155621",-0.111197166221665,4.93652103969915,0.456083292429436,0.513866803401098,0.99988016650531
"ENSG00000174827",0.305206033599533,0.821189331654911,0.455908814217262,0.513966020039692,0.99988016650531
"ENSG00000102763",0.13676005206051,5.53214671239405,0.455699502474043,0.514040201949952,0.99988016650531
"ENSG00000176401",-0.323291433229402,1.0597006160314,0.455652405992622,0.514080092408632,0.99988016650531
"ENSG00000118849",-0.230189722658118,2.42023584687238,0.455510718607347,0.514127298135023,0.99988016650531
"ENSG00000302550",0.381199237499499,2.32270087607506,0.455456077854454,0.514152936008636,0.99988016650531
"ENSG00000182218",0.276652842900671,2.20956467280817,0.455348988244058,0.514201340579953,0.99988016650531
"ENSG00000183751",0.166340822964473,4.08135576776167,0.455185771801819,0.51427292866299,0.99988016650531
"ENSG00000248551",0.469250748013509,0.122398566817692,0.455400633746983,0.514284616247957,0.99988016650531
"ENSG00000196562",-0.159604527278091,3.55649717570888,0.455016408210629,0.514349737157593,0.99988016650531
"ENSG00000185477",-0.218352283509962,3.81409623066259,0.454997943825173,0.514358013369202,0.99988016650531
"ENSG00000216866",-0.127143802074976,4.43437856200378,0.454997422748886,0.514358133061341,0.99988016650531
"ENSG00000228060",0.583189339989641,1.71305145703837,0.454802182119052,0.514452362490479,0.99988016650531
"ENSG00000158850",0.155325582880286,5.84167116142819,0.454610050448076,0.514533343706527,0.99988016650531
"ENSG00000180423",-0.205528021012278,2.2951366830679,0.454536519307575,0.514568848666704,0.99988016650531
"ENSG00000120093",0.225625006459019,2.26427295871985,0.454212745471931,0.514715762790114,0.99988016650531
"ENSG00000125968",0.180266743356306,3.20870562508301,0.45417084713626,0.514733386811631,0.99988016650531
"ENSG00000297686",0.603847174696225,0.385711298268099,0.45411966520141,0.514760583522684,0.99988016650531
"ENSG00000257252",-0.120135233980246,7.76357255068854,0.454015456539335,0.514802848602847,0.99988016650531
"ENSG00000130985",-0.109069889096547,6.3222928390539,0.454000900601348,0.514809454259955,0.99988016650531
"ENSG00000186187",-0.110320387159343,4.8043135029653,0.453972925721145,0.514822320734574,0.99988016650531
"ENSG00000164068",0.18432600470465,3.82555006376647,0.453692226498717,0.514949839310664,0.99988016650531
"ENSG00000166263",0.133218976708904,4.14903766293536,0.453643813829775,0.51497170621944,0.99988016650531
"ENSG00000119541",-0.104836289658777,5.53768615696005,0.453244809480551,0.515152566182718,0.99988016650531
"ENSG00000142657",-0.111197330638908,7.94123356174484,0.453186795442133,0.515178894688815,0.99988016650531
"ENSG00000260853",0.296876916900639,2.08439900317727,0.45310824003072,0.515217282157123,0.99988016650531
"ENSG00000298894",0.393169049221585,0.866459062754731,0.453098165387087,0.515239260221293,0.99988016650531
"ENSG00000164989",0.251722434274605,2.66269553643909,0.452781486518444,0.515364527261853,0.99988016650531
"ENSG00000120158",0.13568432985225,5.10223761511909,0.45277694909453,0.51536512555527,0.99988016650531
"ENSG00000289885",0.216476060844386,2.38490466130881,0.452718043656092,0.515393411156536,0.99988016650531
"ENSG00000137968",0.59447346771215,0.257420104605808,0.452815031564157,0.515429724569699,0.99988016650531
"ENSG00000105373",0.116970438069117,7.40766283859463,0.45253682442801,0.515474207555692,0.99988016650531
"ENSG00000164038",0.13225035362834,4.01309337599295,0.452531639668448,0.515476891593644,0.99988016650531
"ENSG00000232732",0.37863870177788,0.700067719967382,0.452547692091108,0.515501608360786,0.99988016650531
"ENSG00000306199",0.371785408333874,1.2776947365252,0.452456726457186,0.515522164692074,0.99988016650531
"ENSG00000143324",0.114592375839867,6.11635044752849,0.452314377909931,0.515575352122459,0.99988016650531
"ENSG00000296560",0.217595556086178,2.6517101244164,0.452230459581237,0.51561490813796,0.99988016650531
"ENSG00000286223",0.273245240009681,2.96834571501286,0.452177171500773,0.515638751629327,0.99988016650531
"ENSG00000148943",-0.132460839826387,5.61082926607408,0.452167160671551,0.515642315736384,0.99988016650531
"ENSG00000139182",0.266305776407234,1.97744750961073,0.452136089623552,0.515659524402748,0.99988016650531
"ENSG00000175868",0.696403599744868,0.299286685591428,0.452262899949909,0.515666017513865,0.99988016650531
"ENSG00000122859",-0.375558224455878,0.353648353853016,0.452187361176696,0.515708327316323,0.99988016650531
"ENSG00000236404",0.204065555933209,3.09435487759186,0.451930401977811,0.515751317100853,0.99988016650531
"ENSG00000099785",-0.168907318495024,4.44226965090104,0.451925636041013,0.515752410546611,0.99988016650531
"ENSG00000103942",0.190825269748352,2.98189847654363,0.451762730542764,0.515827169412711,0.99988016650531
"ENSG00000108651",-0.0960108622373046,6.01977897985486,0.451747338191657,0.515833335717141,0.99988016650531
"ENSG00000291072",-0.157202736559105,3.42836036414523,0.451633030291937,0.515885958778712,0.99988016650531
"ENSG00000185619",-0.0979039721739116,5.35277397978167,0.451590594991685,0.515904700358379,0.99988016650531
"ENSG00000161179",0.148456899377356,5.43653503064603,0.451444187618423,0.515971367954932,0.99988016650531
"ENSG00000042445",-0.212797765450213,2.76335563323565,0.451167199664376,0.516098696500346,0.99988016650531
"ENSG00000105287",0.162174793927916,4.14072690162903,0.451064018807731,0.516144786867109,0.99988016650531
"ENSG00000170820",0.517357433049803,0.150583729835747,0.451318538715024,0.516157447486684,0.99988016650531
"ENSG00000140859",0.114986241313143,6.08371839261655,0.451029754669981,0.516160149898965,0.99988016650531
"ENSG00000293751",-0.28959904973868,1.94869423684769,0.451007680995911,0.516173527738854,0.99988016650531
"ENSG00000123684",-0.202617402168606,5.40603215115558,0.45092815900539,0.516206462385166,0.99988016650531
"ENSG00000289156",0.186470864060769,3.01711848375372,0.450844013751302,0.516245632321505,0.99988016650531
"ENSG00000248712",-0.384539914600538,0.273296720631808,0.450901102806098,0.516321375623972,0.99988016650531
"ENSG00000271192",-0.457355060834691,0.521498949686705,0.450676231922103,0.51636219334077,0.99988016650531
"ENSG00000197769",-0.442903121302891,0.0144000803812829,0.45082636710445,0.516378790897101,0.99988016650531
"ENSG00000177542",0.160905827245996,4.7051255549459,0.450539150545448,0.516384020105059,0.99988016650531
"ENSG00000072694",-0.246644347966199,2.53157768453367,0.450039197948378,0.5166133116655,0.99988016650531
"ENSG00000247137",0.214443747000037,2.44700843711611,0.44984932487616,0.51670027169242,0.99988016650531
"ENSG00000235888",-0.285797475463211,1.74406844788497,0.449716085768913,0.516764378731621,0.99988016650531
"ENSG00000070413",-0.0996770787413289,5.68747300656951,0.449695803827575,0.516768709000017,0.99988016650531
"ENSG00000154678",0.429018828650429,0.271425284217486,0.449619815576282,0.516846769491788,0.99988016650531
"ENSG00000104892",0.435662385509553,1.10955744717606,0.449517594071523,0.516862376133731,0.99988016650531
"ENSG00000286838",-0.396027623236746,0.343191810051972,0.449617744092996,0.516866025066576,0.99988016650531
"ENSG00000263528",-0.10891075291901,6.20678962261294,0.449362404720353,0.516921006029049,0.99988016650531
"ENSG00000287860",-0.506630170848528,-0.0748903085377444,0.449717870613885,0.516922877931729,0.99988016650531
"ENSG00000289268",0.368396870907624,1.76804811937417,0.449284733017304,0.516960446245696,0.99988016650531
"ENSG00000162688",-0.129335826774648,4.7103034957122,0.449207442101178,0.51699201151224,0.99988016650531
"ENSG00000299164",-0.20594340054813,2.97080211936145,0.449162252361733,0.517013276935593,0.99988016650531
"ENSG00000155636",-0.149249945254596,3.5194885862192,0.449157370936692,0.517015199548325,0.99988016650531
"ENSG00000156298",0.243176839151444,2.26330292662338,0.449041890566832,0.517069379214616,0.99988016650531
"ENSG00000231113",-0.135469431720891,5.02993264170067,0.448876355670185,0.517143255846,0.99988016650531
"ENSG00000159674",-0.385408247867196,1.40140684759911,0.448744949892349,0.517212943118495,0.99988016650531
"ENSG00000291176",0.256267104680508,2.11054552933984,0.448688142074983,0.517232265864553,0.99988016650531
"ENSG00000224374",0.377019763941207,1.96055142616546,0.448548180853136,0.517298114161272,0.99988016650531
"ENSG00000308129",0.310813123493542,1.75269016421466,0.448237199573602,0.517440329803501,0.99988016650531
"ENSG00000158869",0.137017042264201,9.00268970265768,0.448225227014223,0.517441119203654,0.99988016650531
"ENSG00000131069",0.12069310601465,4.31642497944126,0.447683514807973,0.517689467236921,0.99988016650531
"ENSG00000157107",-0.158788753260795,5.18407951420667,0.447374249978394,0.517830994401975,0.99988016650531
"ENSG00000259712",-0.215562095259175,3.90521592687706,0.447287351860731,0.517871149027662,0.99988016650531
"ENSG00000163931",0.11776611337682,6.92103278445852,0.447016155884303,0.517995186941921,0.99988016650531
"ENSG00000186399",0.186115983565289,3.05798062686879,0.446983734294156,0.518011086346225,0.99988016650531
"ENSG00000258875",0.228523329192828,3.59340619087307,0.44688046433714,0.518057856490777,0.99988016650531
"ENSG00000153885",0.258899380192573,3.00805650475402,0.446851574502781,0.518071758770961,0.99988016650531
"ENSG00000204682",-0.23267404604782,3.33111776391144,0.446827513544655,0.518082765816547,0.99988016650531
"ENSG00000185418",-0.168583228832703,3.15030242789752,0.446815166541813,0.518088164925371,0.99988016650531
"ENSG00000286543",-0.408130466245122,0.4719210415297,0.44693713134114,0.518094596719789,0.99988016650531
"ENSG00000183340",0.174172197084111,3.30454006657219,0.446735208765435,0.518124695933056,0.99988016650531
"ENSG00000134602",-0.133079599882638,4.09393375178888,0.446615153244445,0.51817947534887,0.99988016650531
"ENSG00000108733",0.282182982593776,1.2375157673089,0.446481846546751,0.518249164598757,0.99988016650531
"ENSG00000293612",-0.176073663832585,4.56887274209628,0.44626647170429,0.518339496734311,0.99988016650531
"ENSG00000163320",-0.0988755149394531,6.22600872050127,0.446113941671368,0.518409354856433,0.99988016650531
"ENSG00000176261",0.100487512500288,5.91356756337036,0.446080577648861,0.518424685349353,0.99988016650531
"ENSG00000203739",0.384819690612947,2.21144810783417,0.445964975133857,0.518482671060598,0.99988016650531
"ENSG00000175600",0.406621948883044,2.57364665996513,0.445795876248242,0.518556947365502,0.99988016650531
"ENSG00000114784",-0.124067025549974,4.75682222798199,0.445629768665633,0.518632066476886,0.99988016650531
"ENSG00000197498",0.0966969806118451,5.69489972362015,0.445595182975864,0.518647777272827,0.99988016650531
"ENSG00000298580",0.385760874545475,1.01532702337826,0.445535591251339,0.51870005235829,0.99988016650531
"ENSG00000296339",0.249343812502503,1.97782576489058,0.445280862985818,0.518795473583458,0.99988016650531
"ENSG00000156273",-0.105187978743672,6.90066447294869,0.445041158981052,0.518902616104331,0.99988016650531
"ENSG00000257303",0.232887779140755,2.72059785736558,0.445036620177065,0.51890585220861,0.99988016650531
"ENSG00000029534",0.450495183939364,0.709786794833165,0.445057420258528,0.51893757102858,0.99988016650531
"ENSG00000167182",-0.144556300394038,4.13048188793275,0.444894113024231,0.518970557743722,0.99988016650531
"ENSG00000156858",0.11580522174627,5.49516240294798,0.444750009323449,0.519036651545639,0.99988016650531
"ENSG00000131650",0.798357965823363,1.43780084947567,0.444679389816409,0.519077087096403,0.99988016650531
"ENSG00000291050",-0.122608671709318,4.1724434295234,0.444619036562972,0.519097194099613,0.99988016650531
"ENSG00000086189",-0.148728785255457,4.49972839579507,0.444552386830158,0.519127867025541,0.99988016650531
"ENSG00000171824",-0.108119648226891,5.48797657997625,0.444465487373417,0.519167685494021,0.99988016650531
"ENSG00000182308",-0.396130943094335,0.253246046737631,0.444445277605005,0.519260123850454,0.99988016650531
"ENSG00000262136",0.176098040057908,3.21624865658438,0.444053660796305,0.519358071910339,0.99988016650531
"ENSG00000135341",-0.10720736549618,6.1562351520364,0.444050443324196,0.519358926650108,0.99988016650531
"ENSG00000124772",0.92418849487371,0.964315908729927,0.444105270533456,0.519362215222531,0.99988016650531
"ENSG00000287026",0.332378881661658,0.710244958548888,0.443893273479787,0.519459632353006,0.99988016650531
"ENSG00000047188",0.123756857708155,5.42076180951799,0.44368492236292,0.519527478716862,0.99988016650531
"ENSG00000128815",-0.110662771174,6.5743446915149,0.443645439449667,0.519545676410472,0.99988016650531
"ENSG00000002746",0.326501814297766,1.4605596044505,0.443602426472594,0.51957790568759,0.99988016650531
"ENSG00000260658",-0.189544461056194,3.13301503094888,0.443493536942967,0.519616563304438,0.99988016650531
"ENSG00000167740",0.311017705469798,2.23174928203096,0.443380493080529,0.519670194050633,0.99988016650531
"ENSG00000196924",-0.147046988868438,6.11144663402385,0.443254007676384,0.519726294642541,0.99988016650531
"ENSG00000182318",0.312489271571263,1.32520148730179,0.443088097230763,0.519812146173536,0.99988016650531
"ENSG00000065802",0.135931833546303,4.17388630154453,0.443019832515183,0.519834651783018,0.99988016650531
"ENSG00000112964",-0.282497365857371,1.89209420142498,0.44302495083233,0.519835291947446,0.99988016650531
"ENSG00000276855",0.320059515872251,1.58196673469267,0.442831002954976,0.519927430636068,0.99988016650531
"ENSG00000198223",-0.117389394282493,4.86958430082751,0.442810371165903,0.519931275506862,0.99988016650531
"ENSG00000292357",-0.117389394282493,4.86958430082751,0.442810371165903,0.519931275506862,0.99988016650531
"ENSG00000196715",0.137268105803252,6.16935504963166,0.442768303554325,0.519950566773392,0.99988016650531
"ENSG00000183741",0.140926439789331,7.3976061391458,0.44254116517747,0.520055504959394,0.99988016650531
"ENSG00000115523",0.223813796093581,5.22998149509339,0.442461340898496,0.520092434169201,0.99988016650531
"ENSG00000279873",0.2599393195921,6.06400278821017,0.442407442956456,0.520117314737923,0.99988016650531
"ENSG00000140948",0.183840782260604,3.79514325072419,0.442347323274193,0.520145518183158,0.99988016650531
"ENSG00000162825",-0.130634364120895,4.38613440169474,0.442315743183563,0.520159923687305,0.99988016650531
"ENSG00000065150",0.129265094977864,5.34609690910468,0.442246444957897,0.520191751266077,0.99988016650531
"ENSG00000206195",0.112983471043455,4.96460314891916,0.442089652314081,0.520264364600652,0.99988016650531
"ENSG00000168701",-0.139120289733187,3.73846770831966,0.442055024076884,0.520280666524709,0.99988016650531
"ENSG00000164713",-0.131581609904989,8.90063538310834,0.44201484794689,0.52029882658029,0.99988016650531
"ENSG00000006530",0.133147743253756,4.51063171948239,0.44184431693011,0.520377927177647,0.99988016650531
"ENSG00000263001",-0.135291553128658,7.39865988173244,0.441789366589637,0.52040313512921,0.99988016650531
"ENSG00000172766",0.107401389358111,5.056174666313,0.44166768831725,0.520459495346561,0.99988016650531
"ENSG00000250075",-0.216661140577244,2.20894597174953,0.441561832836319,0.520511256950307,0.99988016650531
"ENSG00000267523",0.491871643637952,2.1476065353859,0.441510597812843,0.520542869814587,0.99988016650531
"ENSG00000099203",-0.15636448744458,3.66374086772886,0.441398109906915,0.520584669732665,0.99988016650531
"ENSG00000235126",-0.538805122223294,0.110583223722359,0.441621720121019,0.520602617856762,0.99988016650531
"ENSG00000135119",0.466639135827512,0.609235762807793,0.441430706923147,0.520610134804955,0.99988016650531
"ENSG00000015133",0.146263788862089,4.01468909617091,0.441242224219842,0.520656680117822,0.99988016650531
"ENSG00000105887",-0.107905017356252,6.84349276178221,0.441156273916431,0.520696213547584,0.99988016650531
"ENSG00000163872",0.117537089848015,5.46615165364098,0.441145874116918,0.520701042989241,0.99988016650531
"ENSG00000230513",-0.363821679929909,0.80366199261109,0.441011639272164,0.520790874087916,0.99988016650531
"ENSG00000204516",-0.221987099718796,2.40568947633817,0.440933271800081,0.520801411470123,0.99988016650531
"ENSG00000105711",0.241179212469286,2.22044550039495,0.440683554149164,0.520917284612404,0.99988016650531
"ENSG00000224536",0.205742422368406,3.44295334933563,0.440679994604268,0.520917429087979,0.99988016650531
"ENSG00000108961",0.168366834747254,2.87048101729868,0.440469303462102,0.521015671609869,0.99988016650531
"ENSG00000173145",0.183511580110738,5.49552076971796,0.440429146501829,0.521033215420786,0.99988016650531
"ENSG00000265735",-0.176174694214757,3.20029502239331,0.440417970235445,0.521039094203634,0.99988016650531
"ENSG00000254119",-0.257656639081252,3.33862685827846,0.440379863082963,0.521056743099317,0.99988016650531
"ENSG00000241135",-0.146730013004022,4.93910778689263,0.440347781686088,0.521071017267429,0.99988016650531
"ENSG00000175054",0.12054859103331,6.08903485425661,0.440291455306485,0.521097064771206,0.99988016650531
"ENSG00000163541",-0.157123928856817,5.91691587780908,0.440074678334845,0.521197635001213,0.99988016650531
"ENSG00000057663",-0.108091014786238,6.60263810384567,0.440053758142571,0.52120733598935,0.99988016650531
"ENSG00000232828",0.285690980812812,2.29393003158465,0.439996154062446,0.521236265802549,0.99988016650531
"ENSG00000101439",-0.144014749652575,7.7875603223764,0.439806215451022,0.521322222141142,0.99988016650531
"ENSG00000135953",0.24252035630795,2.79960805174575,0.439697167631231,0.521373916174428,0.99988016650531
"ENSG00000227292",0.611402466666228,0.540281651154458,0.439690133906918,0.52141472167039,0.99988016650531
"ENSG00000030304",-0.313628836136499,0.468158372057698,0.439427807748271,0.521545131710831,0.99988016650531
"ENSG00000304645",-0.360447836713383,0.419429083295327,0.439364514659523,0.521577419847754,0.99988016650531
"ENSG00000185905",0.179876137265582,4.77779644869458,0.439127948299014,0.521637463262073,0.99988016650531
"ENSG00000167535",0.847703165024167,0.12433766006924,0.439331098949119,0.521656262474289,0.99988016650531
"ENSG00000158552",-0.203356467355057,3.45850660337929,0.438997449036807,0.52169855135702,0.99988016650531
"ENSG00000113048",0.105521138588408,5.70873679784369,0.438985141555255,0.521703646188331,0.99988016650531
"ENSG00000268193",0.549362524787502,0.124929840894923,0.439161394956363,0.52171514331776,0.99988016650531
"ENSG00000121741",0.121486835162154,6.48449575970159,0.438938346814116,0.521725390564682,0.99988016650531
"ENSG00000136237",0.494866742633328,0.159032246888405,0.438952033355907,0.521826050197642,0.99988016650531
"ENSG00000278766",0.454044774311041,1.19028994539924,0.438721152652239,0.521836929885415,0.99988016650531
"ENSG00000162129",0.10469015415975,5.32020379079727,0.438571472603088,0.521896013931671,0.99988016650531
"ENSG00000198937",0.212427496238464,4.40147690061969,0.438419512364094,0.521966920903417,0.99988016650531
"ENSG00000143742",-0.0982943963801691,7.46441845842951,0.438324123868687,0.522011074932196,0.99988016650531
"ENSG00000104388",-0.09364713720285,7.48075666449149,0.43822075977971,0.522059180258086,0.99988016650531
"ENSG00000164978",0.120708561775424,4.86759839592111,0.438218271828672,0.522060503033543,0.99988016650531
"ENSG00000271554",-0.352142963156241,1.77295330893198,0.438001544816172,0.522165905453489,0.99988016650531
"ENSG00000165511",0.280051257363246,2.76801924110909,0.437919096318294,0.522200990821131,0.99988016650531
"ENSG00000112667",0.111327757079484,7.15950713868194,0.437670781237646,0.522315279227933,0.99988016650531
"ENSG00000265749",0.299499555511477,2.60313628925748,0.437430979324092,0.522428638707863,0.99988016650531
"ENSG00000231999",0.299467482957881,2.33125716442455,0.437424451055678,0.522431918372153,0.99988016650531
"ENSG00000112062",-0.0950078131036346,6.79799828234681,0.43732660747857,0.522475664390086,0.99988016650531
"ENSG00000157916",-0.0972125168332928,6.79729175803351,0.437018459301148,0.522619339461119,0.99988016650531
"ENSG00000138802",-0.107897959187205,5.61970291764673,0.436986076237629,0.522634453007286,0.99988016650531
"ENSG00000040608",-0.503976267280081,0.551353229237538,0.436608185996799,0.522886544409163,0.99988016650531
"ENSG00000170791",-0.142496002479288,6.67313571428728,0.436405219663562,0.522905483829798,0.99988016650531
"ENSG00000259033",0.25880533537879,2.61394910050122,0.436345909102464,0.522934548368297,0.99988016650531
"ENSG00000162032",0.218191386549732,3.33174793068117,0.436339835911245,0.522936616523372,0.99988016650531
"ENSG00000305133",-0.243228299570719,1.51668663241591,0.436215587454693,0.52300034166268,0.99988016650531
"ENSG00000166526",0.131094005875965,4.26454260416492,0.436198158063901,0.523002405933973,0.99988016650531
"ENSG00000262454",0.471710859100094,0.0180957571521884,0.436367236592161,0.523029832620962,0.99988016650531
"ENSG00000092148",-0.118641573006688,6.65049407974989,0.436109547676928,0.523043552874936,0.99988016650531
"ENSG00000067829",0.121703757434003,5.21488055315417,0.436086707077483,0.523054242982146,0.99988016650531
"ENSG00000183309",0.126325089732038,4.69824310435304,0.435903808935846,0.523139866108764,0.99988016650531
"ENSG00000271857",0.329720540188801,0.7220812682071,0.43601962409179,0.523148258887109,0.99988016650531
"ENSG00000180353",-0.105999983464016,7.73163528183188,0.435730941537126,0.523220446051888,0.99988016650531
"ENSG00000286837",-0.407339298792689,0.81648675157618,0.435706470271294,0.523251086887738,0.99988016650531
"ENSG00000156170",0.124834141810343,5.55875843654232,0.4356636353548,0.52325192033645,0.99988016650531
"ENSG00000198625",-0.101941226386683,6.09905483861835,0.435424417713656,0.523363751265378,0.99988016650531
"ENSG00000173812",-0.121686041214896,9.28832525946659,0.435390989782066,0.52337937616899,0.99988016650531
"ENSG00000257894",0.466032039016948,0.120610288112501,0.435562302626321,0.523423151726354,0.99988016650531
"ENSG00000135205",-0.222037630655706,2.68908817669368,0.435259694224233,0.523442095356298,0.99988016650531
"ENSG00000167977",-0.130163785497895,4.21956344773782,0.435160602943495,0.523487390179563,0.99988016650531
"ENSG00000309151",-0.463644243567956,0.631852951739559,0.435175406108227,0.523528781814859,0.99988016650531
"ENSG00000172667",0.153427593792006,3.65219178284046,0.435010144957068,0.52355795426664,0.99988016650531
"ENSG00000104679",-0.126930511023631,4.45359998162417,0.434993618760686,0.523565491014106,0.99988016650531
"ENSG00000227751",0.727684659045821,0.303156392793976,0.434932601322578,0.523663833813091,0.99988016650531
"ENSG00000237506",-0.111866831835286,6.4535030885608,0.434720698632059,0.523693013933587,0.99988016650531
"ENSG00000078246",-0.179742268451165,2.73523141350641,0.434705398147031,0.52370142879955,0.99988016650531
"ENSG00000117394",-0.102270164714072,7.38219917629031,0.434690852598501,0.523706983228068,0.99988016650531
"ENSG00000251562",0.164781601908138,12.0354535247209,0.43455259608477,0.523771720133872,0.99988016650531
"ENSG00000130023",-0.171572958777928,3.57067437408438,0.434522681069112,0.523786200619923,0.99988016650531
"ENSG00000170310",0.115575885095822,5.60139042302218,0.434478051621654,0.523806644527729,0.99988016650531
"ENSG00000259062",-0.585736567877751,0.178038387657681,0.434618250706397,0.523863570094118,0.99988016650531
"ENSG00000197081",-0.0929641984976031,7.11603498958313,0.434321112124561,0.523880146625189,0.99988016650531
"ENSG00000134940",0.627585619251983,0.0654831332509545,0.434561034037855,0.523891762045822,0.99988016650531
"ENSG00000160753",0.164719654156018,3.46591187963672,0.43416844955339,0.523952363340621,0.99988016650531
"ENSG00000104635",0.146600273387258,5.47908184138563,0.434094360021098,0.523986411031053,0.99988016650531
"ENSG00000134874",0.354819393317615,3.04558573273069,0.433997586876016,0.524032566429075,0.99988016650531
"ENSG00000133317",0.50133851713915,0.829728837405613,0.434105811676341,0.524040405646294,0.99988016650531
"ENSG00000289108",0.206427657321969,2.68610503053812,0.433948235019865,0.524056280947358,0.99988016650531
"ENSG00000173208",0.578361480464965,0.122509690553682,0.4338914643467,0.524160370955093,0.99988016650531
"ENSG00000158164",0.332936251758478,0.959907966001692,0.433751192479237,0.524173622379031,0.99988016650531
"ENSG00000231414",-0.160703876961427,4.40315525297891,0.433601797937425,0.524217575414153,0.99988016650531
"ENSG00000091844",0.447516489649303,1.00392549303014,0.433490454908558,0.524283891755198,0.99988016650531
"ENSG00000028528",-0.100051149939394,5.98127832028462,0.433393439623099,0.524315088842997,0.99988016650531
"ENSG00000137494",0.201747081376426,2.58006575553643,0.433340505163125,0.524341486499148,0.99988016650531
"ENSG00000290848",-0.189283634729423,3.0061397539801,0.432715586232728,0.524634249432473,0.99988016650531
"ENSG00000087086",-0.14003386629202,13.3106371523444,0.432627718791745,0.524674597137896,0.99988016650531
"ENSG00000139112",0.223966709007545,2.22881148035492,0.432550140907921,0.524713077211336,0.99988016650531
"ENSG00000063180",0.301142440058922,3.07808494457016,0.432445933069963,0.524760871012325,0.99988016650531
"ENSG00000283959",-0.584309634398465,1.05937434447953,0.432395481705585,0.524822232570262,0.99988016650531
"ENSG00000225778",0.636254819395096,0.0308345650760739,0.432553024490967,0.524838227054001,0.99988016650531
"ENSG00000183258",0.119266889243504,5.83157777705761,0.432267387457854,0.524843948706208,0.99988016650531
"ENSG00000285812",0.411839130573195,1.17248757639406,0.432291455409371,0.524846578813315,0.99988016650531
"ENSG00000130600",-0.482013466750183,0.817951120385743,0.431991403882651,0.524998663021289,0.99988016650531
"ENSG00000288875",0.278974708266719,2.5513743395142,0.43190829917253,0.525014585138118,0.99988016650531
"ENSG00000139572",0.183431121762669,5.36127049413293,0.431816328179025,0.525056079006484,0.99988016650531
"ENSG00000162377",0.136094586898812,4.70286142594975,0.431480431288726,0.5252143070788,0.99988016650531
"ENSG00000168003",0.100033870782306,7.10774425799914,0.431445519118031,0.525230567305111,0.99988016650531
"ENSG00000240889",-0.339039736168948,1.24912008549656,0.43145145726126,0.525236717210253,0.99988016650531
"ENSG00000125812",0.140872697392726,3.81765223112031,0.431292435505488,0.525303013627628,0.99988016650531
"ENSG00000102879",0.1897331807318,7.43024164478221,0.43125738967975,0.525319143099027,0.99988016650531
"ENSG00000168118",-0.0981148038991986,5.51910227526185,0.431143649324048,0.525372725087827,0.99988016650531
"ENSG00000223911",0.488573570142713,-0.0922491481360483,0.431320048665497,0.525382505084736,0.99988016650531
"ENSG00000196693",0.186027463969416,3.5679344223892,0.431066264941255,0.525409671627519,0.99988016650531
"ENSG00000163528",0.133684951589446,4.22842224353096,0.431053133027407,0.525415612244017,0.99988016650531
"ENSG00000118997",0.388672726500149,0.873609824544912,0.430946009115094,0.525491437598665,0.99988016650531
"ENSG00000289586",0.276509519455903,1.50405028842638,0.430747991684351,0.525566260985528,0.99988016650531
"ENSG00000254827",0.4154005111452,2.22207053408155,0.43064954699707,0.525607589905993,0.99988016650531
"ENSG00000084693",0.230409841856233,2.761142201334,0.430628117173034,0.525616764896301,0.99988016650531
"ENSG00000308734",0.309303458034919,1.08048042022765,0.430578151039029,0.525650498362308,0.99988016650531
"ENSG00000295942",-0.208604379631113,2.20336720422527,0.43045886499867,0.525698138564905,0.99988016650531
"ENSG00000111344",0.375635420430318,1.49526418870353,0.430439408721236,0.525710329313877,0.99988016650531
"ENSG00000141219",0.128245443504643,3.97874586968564,0.430237988257634,0.525799904841478,0.99988016650531
"ENSG00000132465",0.668848678080442,-0.166803213851717,0.430330614530928,0.525856262509298,0.99988016650531
"ENSG00000254473",0.380359639605559,0.887565685753524,0.430147184110257,0.525859734816001,0.99988016650531
"ENSG00000123737",-0.129441810768858,5.53351559248426,0.429850805578682,0.525982304799371,0.99988016650531
"ENSG00000150054",0.49878997190301,0.451537642331758,0.429994445754232,0.526001110201801,0.99988016650531
"ENSG00000226763",0.33204730093408,0.961594523004863,0.429778628920867,0.526035815771136,0.99988016650531
"ENSG00000112210",0.190380046013729,2.71210915359377,0.42971881905992,0.526045714042962,0.99988016650531
"ENSG00000139266",-0.172838978680104,3.07784370543727,0.42956760843373,0.526116869197239,0.99988016650531
"ENSG00000160446",0.121132108745577,5.34804574851637,0.429344947315594,0.526221187121249,0.99988016650531
"ENSG00000149182",0.128859323532493,4.94027120209945,0.429166659308046,0.526305525285479,0.99988016650531
"ENSG00000217004",-0.313062719020768,0.600940454116525,0.428785346198967,0.526521247827952,0.99988016650531
"ENSG00000041982",-0.216684398363725,2.59579094877479,0.428467869661236,0.526637134907279,0.99988016650531
"ENSG00000054118",-0.105156650383863,7.40324733835605,0.428381016463568,0.52667692143236,0.99988016650531
"ENSG00000145901",-0.0932635787966681,8.22330068166915,0.42811197482,0.526804258497986,0.99988016650531
"ENSG00000198298",-0.230659793415383,1.8231704895149,0.428104576278444,0.526811704080762,0.99988016650531
"ENSG00000104368",-0.107705069513417,4.48636458845146,0.427998872883851,0.526858023542938,0.99988016650531
"ENSG00000075945",-0.161279561700406,3.87364402388887,0.427702461132238,0.526998544838578,0.99988016650531
"ENSG00000184220",0.118242571585029,6.3849472309061,0.427597539222601,0.527047907714997,0.99988016650531
"ENSG00000166295",-0.0944346733200462,6.71998682472255,0.427451474819013,0.527117123021179,0.99988016650531
"ENSG00000161677",-0.16544962910025,4.56883659171209,0.427405617473335,0.52713907054767,0.99988016650531
"ENSG00000290441",0.321207318454671,1.48324042407947,0.427289403269526,0.527199523250668,0.99988016650531
"ENSG00000101444",0.268610472256782,1.95153242647121,0.427172836404053,0.527252504743732,0.99988016650531
"ENSG00000070718",0.135220360786,4.0152911357906,0.427120324432113,0.527274382746666,0.99988016650531
"ENSG00000229124",0.451394773428037,4.57932465420509,0.427077416214008,0.527294736054093,0.99988016650531
"ENSG00000130477",0.370102638594856,0.1727756783044,0.427301475357152,0.527313409446448,0.99988016650531
"ENSG00000121440",0.34111362797543,1.57226419809288,0.427040251174051,0.527318038879945,0.99988016650531
"ENSG00000243410",-0.458150038587074,0.279004317663972,0.427199063603031,0.527335844411148,0.99988016650531
"ENSG00000100379",0.304218770693516,2.66965621809262,0.426789649745103,0.527432333811261,0.99988016650531
"ENSG00000108588",-0.165267849233787,3.35719264681913,0.426670039909301,0.527488291364982,0.99988016650531
"ENSG00000185736",0.388253021576627,0.287216888250282,0.426739826274026,0.527526559219617,0.99988016650531
"ENSG00000155111",-0.107893553679164,6.19059434624333,0.426379877792951,0.527625460274896,0.99988016650531
"ENSG00000291225",-0.179194662049463,2.99190296904361,0.426352566637326,0.527639334915922,0.99988016650531
"ENSG00000146555",0.10615371473712,7.96975960647568,0.426166381669024,0.527726841753543,0.99988016650531
"ENSG00000269514",-0.397595524844523,0.168682253791036,0.425936112299418,0.52794768480264,0.99988016650531
"ENSG00000179562",0.496149222913311,0.733199165753938,0.425701261484561,0.527967100676337,0.99988016650531
"ENSG00000066855",0.12482291608678,5.06419291639236,0.425544724242693,0.528022314864592,0.99988016650531
"ENSG00000188295",-0.262481092326392,2.15126148375858,0.425351394284753,0.528116937570954,0.99988016650531
"ENSG00000227906",0.443898172250364,0.423613601305976,0.425452944307927,0.528118372652511,0.99988016650531
"ENSG00000269335",0.118946796754814,4.24635709582334,0.425329242443141,0.528124985275585,0.99988016650531
"ENSG00000163239",-0.443899671056384,0.488569769133287,0.425375418138298,0.528162427788997,0.99988016650531
"ENSG00000170522",0.533374735618515,0.426359058386389,0.425312839931586,0.528177030772165,0.99988016650531
"ENSG00000309263",-0.318954279290055,2.06127530233173,0.425131474151417,0.528221843792759,0.99988016650531
"ENSG00000185808",0.126958293904876,5.07988921859455,0.425116013988238,0.528226259311605,0.99988016650531
"ENSG00000257449",0.718497779285798,0.178338258264406,0.425145933572908,0.528299731026728,0.99988016650531
"ENSG00000014123",-0.146230080433416,4.71728488435937,0.42470586457949,0.528421596493273,0.99988016650531
"ENSG00000241219",-0.233695446882793,1.79371508880921,0.424634685642828,0.528459076389541,0.99988016650531
"ENSG00000257060",0.402142456984509,1.1694219143622,0.4246073745856,0.528480415594262,0.99988016650531
"ENSG00000270673",-0.326867331722422,1.43085927880925,0.424574112241298,0.528491580393411,0.99988016650531
"ENSG00000143552",0.276264797333924,1.35696751160169,0.424549095706787,0.52850285439151,0.99988016650531
"ENSG00000293664",0.304056701664821,2.35527568405805,0.424534010147204,0.528504998392642,0.99988016650531
"ENSG00000173992",0.157852429944396,4.09267316220345,0.424515144591081,0.5285125149791,0.99988016650531
"ENSG00000297257",0.524077705961347,0.823025589979121,0.424752428663793,0.528520868787657,0.99988016650531
"ENSG00000145358",-0.353828525104365,0.37595808276593,0.424422024649312,0.528611779305746,0.99988016650531
"ENSG00000299701",0.926799295029132,1.30413680094268,0.423555106171523,0.528756869517481,0.99988016650531
"ENSG00000116128",-0.202297174251821,2.64108713002017,0.423872760773167,0.528819647477693,0.99988016650531
"ENSG00000184304",0.490832216295338,0.24078911730663,0.423980040404301,0.528849847190406,0.99988016650531
"ENSG00000304681",0.283053056545837,1.40918773789179,0.423742369557542,0.528888481539905,0.99988016650531
"ENSG00000248643",0.183384432180224,3.83803326540551,0.42363805909738,0.528930682771907,0.99988016650531
"ENSG00000147654",-0.102691051722481,4.96976876922665,0.42362774382729,0.528935352355991,0.99988016650531
"ENSG00000300510",-0.7980153734175,2.36456715700747,0.423442915021579,0.529030471975364,0.99988016650531
"ENSG00000304043",0.422315894678444,0.71741996922332,0.423478221189432,0.529031154745597,0.99988016650531
"ENSG00000260924",0.615176996067219,0.665512243103783,0.423405386434473,0.529079126307786,0.99988016650531
"ENSG00000142327",-0.126194637424846,4.79563758796839,0.423132518107271,0.529171775867251,0.99988016650531
"ENSG00000281087",0.174309015383957,3.04236308469115,0.42313277784563,0.529172327991626,0.99988016650531
"ENSG00000135931",-0.102529886030888,5.60924975390784,0.422664456172994,0.529395149710974,0.99988016650531
"ENSG00000144231",0.104850091516689,4.82622964875163,0.422598753015971,0.529426698382517,0.99988016650531
"ENSG00000142197",0.133008373593968,4.76627083815285,0.422598072861725,0.529427057344857,0.99988016650531
"ENSG00000115355",-0.129323960812285,7.80919613296127,0.422549946370421,0.52944985561978,0.99988016650531
"ENSG00000180354",-0.260238901759973,1.74576804164996,0.422350536931741,0.52955024422264,0.99988016650531
"ENSG00000116990",0.185829809937513,5.888374660665,0.422059430505981,0.529684384063536,0.99988016650531
"ENSG00000159592",-0.10328947372824,7.11948440214042,0.422000515773518,0.529712559024163,0.99988016650531
"ENSG00000262155",0.4464921897251,0.77515750112762,0.421969390441246,0.529758230450519,0.99988016650531
"ENSG00000180998",0.183042309637795,2.96133541256168,0.421896066331358,0.52976338815952,0.99988016650531
"ENSG00000129103",-0.0964957238605344,5.19845874392443,0.421611672840473,0.529898652310377,0.99988016650531
"ENSG00000198911",-0.0971280012714341,6.79406553739847,0.421487224819209,0.529958205806863,0.99988016650531
"ENSG00000159348",-0.157637973935239,3.25279057181806,0.421356550272584,0.530021419118651,0.99988016650531
"ENSG00000196504",-0.107481387110026,8.11870256420485,0.421107051321403,0.530140282738538,0.99988016650531
"ENSG00000100883",-0.0928879872788427,5.74489316611234,0.420844978831534,0.530265878109919,0.99988016650531
"ENSG00000271147",0.189999851081187,2.87898607519075,0.420730655650579,0.530321564139403,0.99988016650531
"ENSG00000182162",0.102693869595628,6.3473329315408,0.420502675752988,0.530429989282047,0.99988016650531
"ENSG00000292333",0.102693869595628,6.3473329315408,0.420502675752988,0.530429989282047,0.99988016650531
"ENSG00000253821",-0.114656833972007,9.74008597844889,0.420463035725513,0.530448995894568,0.99988016650531
"ENSG00000134061",-0.214065301133031,2.22495389716595,0.42038672086533,0.530487668740674,0.99988016650531
"ENSG00000272182",0.389060595535215,1.12060686623221,0.420409274946829,0.530494470760744,0.99988016650531
"ENSG00000275052",-0.103001249757362,6.42268163970256,0.420027304508705,0.530658064624008,0.99988016650531
"ENSG00000101152",-0.109722653976735,5.61688372013262,0.419666056450142,0.53083151924263,0.99988016650531
"ENSG00000310120",-0.26373118799437,1.22611767889218,0.41952686090979,0.530906923809633,0.99988016650531
"ENSG00000150455",0.108991910346019,4.74439697266294,0.419344012542873,0.530986417924632,0.99988016650531
"ENSG00000121417",-0.198622101669506,3.05613903410748,0.419314154763288,0.531001388158217,0.99988016650531
"ENSG00000186063",-0.113582161504535,4.4738955916058,0.419078461837164,0.531114072940496,0.99988016650531
"ENSG00000008382",0.169235114250834,3.42289532268076,0.419014805902806,0.531145022576194,0.99988016650531
"ENSG00000214253",-0.122989057690295,5.18250636949978,0.418987986132499,0.531157384642878,0.99988016650531
"ENSG00000011243",0.103600777436299,5.50722142667255,0.418874298065084,0.531212044243101,0.99988016650531
"ENSG00000264350",-0.166080017924539,4.68385322878094,0.418804215043859,0.531245941374813,0.99988016650531
"ENSG00000110906",-0.125337416145016,4.28234691581494,0.418748399116573,0.531272819615179,0.99988016650531
"ENSG00000249881",-0.62694143935095,1.27479664089925,0.418586802756824,0.531363439237674,0.99988016650531
"ENSG00000241743",-0.137488675672788,7.58602858527481,0.418524356939118,0.531380380390858,0.99988016650531
"ENSG00000198258",-0.128998383913654,8.1260623229962,0.418482745963464,0.531400403526573,0.99988016650531
"ENSG00000163714",-0.109273721913997,7.36066875772296,0.418335335095739,0.531471355716942,0.99988016650531
"ENSG00000196418",-0.101280338930272,6.3292460760329,0.41809944151119,0.531584936482992,0.99988016650531
"ENSG00000135069",0.110562245819277,4.94100496288242,0.417559894355532,0.531845051131702,0.99988016650531
"ENSG00000104888",0.391575474343196,1.19830601929872,0.417516146593064,0.531874472254674,0.99988016650531
"ENSG00000081386",0.175719821536674,3.14671205458387,0.417403220740379,0.531921156495144,0.99988016650531
"ENSG00000247627",0.198354299144885,2.86428918326145,0.417240088697486,0.532000263860326,0.99988016650531
"ENSG00000267745",-0.417540245463115,-0.0223750843280238,0.41747318959073,0.532013127444377,0.99988016650531
"ENSG00000179523",0.277654911717573,2.67311670504005,0.417050365832544,0.532091867594476,0.99988016650531
"ENSG00000140374",-0.096372491175394,7.24308880843436,0.417012626494763,0.532108805863546,0.99988016650531
"ENSG00000290937",0.405652597342717,0.332923669065825,0.417103342249352,0.53211410476334,0.99988016650531
"ENSG00000112208",0.155990453412499,4.12127353611087,0.416980204724926,0.532124718598037,0.99988016650531
"ENSG00000149489",0.398786412312499,0.713331902494721,0.41689979142973,0.532203977579334,0.99988016650531
"ENSG00000112357",-0.152818142275721,3.58344599674245,0.416616300113873,0.532300540096274,0.99988016650531
"ENSG00000236502",1.0501989411311,0.360931431140595,0.414657369377253,0.532334075036101,0.99988016650531
"ENSG00000179528",0.244671602004552,1.76254596548542,0.416429736671936,0.532393647806916,0.99988016650531
"ENSG00000296364",0.425272016003043,0.535603998017203,0.416397043117704,0.532444127245049,0.99988016650531
"ENSG00000285547",0.302619225617621,0.881390404694603,0.416218085778551,0.532507522734466,0.99988016650531
"ENSG00000272434",-0.198337722902889,3.1458733068236,0.416181499980421,0.532510831117293,0.99988016650531
"ENSG00000187626",0.219461859655668,2.16741375973347,0.416063521589978,0.532569460611003,0.99988016650531
"ENSG00000151458",-0.186599005399346,4.24178404219551,0.415751702529614,0.532718082276906,0.99988016650531
"ENSG00000239486",0.317881084039846,0.823931367810457,0.415672427410208,0.532781959721236,0.99988016650531
"ENSG00000188647",0.115348925066466,4.67660699250491,0.415565058627982,0.532808282825105,0.99988016650531
"ENSG00000248858",0.264976868507945,1.65723154340948,0.415436059866405,0.532876042931473,0.99988016650531
"ENSG00000265799",0.463157997122508,0.939554871631526,0.415435039648418,0.532898387435909,0.99988016650531
"ENSG00000183891",-0.229564591562961,2.3344594050222,0.415230611472272,0.532971957542087,0.99988016650531
"ENSG00000117501",-0.311807047779568,0.83675927176951,0.414931183525697,0.533134931285566,0.99988016650531
"ENSG00000196422",-0.20796565317477,2.37393184244134,0.4146083729269,0.533273307773374,0.99988016650531
"ENSG00000163882",0.123549524986521,6.15242510160669,0.414561834743805,0.533293769529939,0.99988016650531
"ENSG00000100577",-0.213344092425802,3.40060907771864,0.414415345845672,0.53336536918209,0.99988016650531
"ENSG00000134779",0.120225623281655,5.36304291101505,0.414399311914584,0.533372541961889,0.99988016650531
"ENSG00000227252",0.33749171792801,1.31521588445671,0.41430555977459,0.533425360504396,0.99988016650531
"ENSG00000306149",-0.457365688064591,0.438942042335933,0.414470559148294,0.533453162091703,0.99988016650531
"ENSG00000226976",-0.143425490299798,4.89080926200162,0.414195242784331,0.533471608908097,0.99988016650531
"ENSG00000066084",-0.115502306805913,5.25416781413506,0.413919861278289,0.533605009447402,0.99988016650531
"ENSG00000028137",-0.117246701807586,6.73971660102908,0.413891185191906,0.533618901483905,0.99988016650531
"ENSG00000089163",0.27415506057253,1.28537853733422,0.413813983022091,0.533665178454711,0.99988016650531
"ENSG00000129810",-0.132042525400733,4.20255267792665,0.413746657517276,0.533689310244272,0.99988016650531
"ENSG00000233791",0.396642931543817,2.06144645390875,0.413696615361413,0.533716245677149,0.99988016650531
"ENSG00000104823",0.228146738944833,5.02923012214128,0.413672701000793,0.533725079494274,0.99988016650531
"ENSG00000184178",0.121245445102651,7.03728820075027,0.413648699448647,0.533736553108051,0.99988016650531
"ENSG00000298716",-0.33973448312527,2.18299169161806,0.413541351805409,0.533791225847025,0.99988016650531
"ENSG00000012171",0.357459568303142,0.855755386710976,0.413508559098832,0.533830808393656,0.99988016650531
"ENSG00000100897",-0.405724897259446,0.328021154684089,0.413387087118856,0.533929310405638,0.99988016650531
"ENSG00000138758",-0.118901001793412,7.17883000494317,0.413121708358285,0.533992415277568,0.99988016650531
"ENSG00000153774",0.0922557824495864,5.97811754380603,0.413057608726036,0.534023559009987,0.99988016650531
"ENSG00000106086",0.254388594218362,2.50648874885604,0.412916420522238,0.534093544586419,0.99988016650531
"ENSG00000196072",-0.0937921724769135,5.34867433244257,0.412859400753281,0.534119874215292,0.99988016650531
"ENSG00000221890",-0.262055379345004,1.92957494411329,0.412747194021805,0.53417770592635,0.99988016650531
"ENSG00000140367",-0.126979233640492,4.70959073158419,0.41270698788642,0.534194140586706,0.99988016650531
"ENSG00000171497",-0.107961429474964,5.12743251430984,0.412684150708431,0.534205058307551,0.99988016650531
"ENSG00000166452",0.115335553492653,4.99723388326271,0.412626009581583,0.53423339195479,0.99988016650531
"ENSG00000149231",-0.150402253785339,4.50486775407328,0.412172329406775,0.534454153931804,0.99988016650531
"ENSG00000065427",-0.112724852751775,7.0955653006025,0.412043698786852,0.534516536749974,0.99988016650531
"ENSG00000107099",-0.112217909288934,10.1298381141639,0.41200687199903,0.534534457390206,0.99988016650531
"ENSG00000006118",0.389999273016698,0.909509975515128,0.411640062728809,0.5347336337755,0.99988016650531
"ENSG00000144199",0.293577426578789,1.92548773553822,0.411499455078752,0.534784899116489,0.99988016650531
"ENSG00000280739",0.174973268602281,4.3208547328538,0.411297356120843,0.534880200579649,0.99988016650531
"ENSG00000135744",0.179758402210116,5.63151426221061,0.411222003070089,0.534916713286938,0.99988016650531
"ENSG00000136381",-0.107067992788518,6.77144094502485,0.4111341876064,0.534959501231711,0.99988016650531
"ENSG00000163263",0.402006261030903,0.303214803699847,0.411204123962145,0.534980611502862,0.99988016650531
"ENSG00000104093",-0.134346793286393,7.45310164462393,0.411064173013416,0.534993628104532,0.99988016650531
"ENSG00000291223",0.303582717642203,2.01627699827071,0.410958330378062,0.535048301010644,0.99988016650531
"ENSG00000091409",-0.109894883585029,4.97493860537895,0.410916430904422,0.535065722612018,0.99988016650531
"ENSG00000136682",-0.0884985005320734,6.44307776709117,0.410897836134832,0.535074729048966,0.99988016650531
"ENSG00000162889",-0.109791129066089,6.15689894256423,0.410744844996289,0.5351493429705,0.99988016650531
"ENSG00000003056",-0.098720163926398,6.33639902513976,0.410471960938252,0.53528247282311,0.99988016650531
"ENSG00000186376",-0.154262295355608,4.65972674897974,0.410087543735398,0.535470307329122,0.99988016650531
"ENSG00000011422",0.101832452206596,7.78667138475002,0.410085769507792,0.535470987248781,0.99988016650531
"ENSG00000134020",-0.38292746306558,0.363866308007028,0.410079940376835,0.535535937441131,0.99988016650531
"ENSG00000167862",0.111784178503236,4.74135000001497,0.409854154845136,0.535584307066067,0.99988016650531
"ENSG00000197405",-0.176994476420913,3.21706453990186,0.409592017743531,0.5357128215976,0.99988016650531
"ENSG00000175183",-0.227997550774242,1.29034786879063,0.409603317826515,0.535713880683781,0.99988016650531
"ENSG00000240409",0.204541984471754,2.27527251258208,0.40935775508769,0.535828567453323,0.99988016650531
"ENSG00000215277",-0.465942704105423,0.430439598130056,0.40908690616194,0.536010977983993,0.99988016650531
"ENSG00000105717",0.218008106145404,2.3492758116485,0.408934032511224,0.536035917915211,0.99988016650531
"ENSG00000109775",-0.183696143755775,3.06611233826917,0.408875328194803,0.536063496949388,0.99988016650531
"ENSG00000231039",-0.404125329192752,1.32716775363304,0.408837452150259,0.536089739204478,0.99988016650531
"ENSG00000308970",-0.30382732633203,1.33858924237441,0.408802123431677,0.536110643963405,0.99988016650531
"ENSG00000259426",0.181579974928906,6.94239977645716,0.408772398689106,0.53611306119533,0.99988016650531
"ENSG00000089351",-0.104764639740536,6.83538004108567,0.408741167374199,0.53612834705137,0.99988016650531
"ENSG00000249464",0.456638490678369,1.15480993530084,0.408755944417745,0.536129077363706,0.99988016650531
"ENSG00000238164",0.395714575964545,0.499237973223097,0.408557697532327,0.536261766161852,0.99988016650531
"ENSG00000144596",0.557152074913509,0.0931558594888368,0.40868439589974,0.536263075423325,0.99988016650531
"ENSG00000112079",-0.0975684178284655,5.44670271201535,0.408055255519636,0.536464290455768,0.99988016650531
"ENSG00000245025",-0.355616251187514,1.13997478379714,0.407976442508746,0.536517328043173,0.99988016650531
"ENSG00000254777",0.174891707439634,3.80575059715621,0.40772085971906,0.536628487385913,0.99988016650531
"ENSG00000306065",0.628657704628084,0.0629390619950816,0.406790963655431,0.536831072887909,0.99988016650531
"ENSG00000152495",0.255002119362783,1.80889583237561,0.407206521606111,0.536883945509993,0.99988016650531
"ENSG00000106178",-0.226787158434408,4.41699021263608,0.4067045123736,0.537127198420627,0.99988016650531
"ENSG00000238251",-0.212285883398029,2.94250830310285,0.40651460403744,0.53722119442063,0.99988016650531
"ENSG00000184508",0.220708116711097,4.21518640505738,0.406421505601735,0.537266317996271,0.99988016650531
"ENSG00000128891",0.104632244840712,5.01703727551732,0.4063847429108,0.537284171651856,0.99988016650531
"ENSG00000132535",0.289216494758922,1.89389698480684,0.406282780814317,0.537337430759297,0.99988016650531
"ENSG00000176142",-0.125254430269963,4.17060145667638,0.406146876654442,0.537401284406801,0.99988016650531
"ENSG00000242802",-0.1200779078306,5.17941040563972,0.405630333387014,0.537655162971003,0.99988016650531
"ENSG00000232810",0.143776417561692,6.57137836638601,0.405445769188063,0.537745988791643,0.99988016650531
"ENSG00000100505",0.369946000929588,0.922106490432097,0.405399587964716,0.537780610760547,0.99988016650531
"ENSG00000233410",0.340907953075151,1.40793941107923,0.405328268468462,0.537810026279351,0.99988016650531
"ENSG00000223642",0.573914840577265,0.13743276280531,0.405090945517989,0.53802876042335,0.99988016650531
"ENSG00000204685",-0.206743979982846,2.92655894457529,0.404772657257989,0.538078441851852,0.99988016650531
"ENSG00000229127",-0.127961423116225,4.2799153326527,0.404697303684932,0.538114933391808,0.99988016650531
"ENSG00000158104",0.411014955148959,0.546440862983758,0.404716846634764,0.538136693774595,0.99988016650531
"ENSG00000185686",0.134475325882587,5.27099509148487,0.404651749124896,0.538137175028184,0.99988016650531
"ENSG00000083223",-0.120396585097745,5.58537838328515,0.404507127704676,0.53820847525378,0.99988016650531
"ENSG00000196581",0.374314922531046,1.5657785862736,0.404392564171183,0.538275508001667,0.99988016650531
"ENSG00000135436",-0.498788146374305,1.14359475090192,0.404308739136739,0.538316366944888,0.99988016650531
"ENSG00000271978",-0.546195062575537,-0.0433545292813234,0.404462313791717,0.538364917088933,0.99988016650531
"ENSG00000265313",0.537841392504649,0.171956714583055,0.404261079362506,0.538412661725995,0.99988016650531
"ENSG00000231971",0.478987817563875,0.404251932747139,0.40405438904874,0.538475630762578,0.99988016650531
"ENSG00000254919",0.442134617814134,1.69484633276182,0.403879763743635,0.538522256179241,0.99988016650531
"ENSG00000134853",0.448853237663673,0.245451144082009,0.403993471927142,0.538529135793408,0.99988016650531
"ENSG00000156502",0.121584424061737,4.97727338368481,0.403699434154145,0.538607142820753,0.99988016650531
"ENSG00000112182",0.359844474698167,1.19532539250224,0.40362180746217,0.538658759346197,0.99988016650531
"ENSG00000205609",0.0890863802940856,6.13903629611318,0.403562201135601,0.53867481511764,0.99988016650531
"ENSG00000136628",0.102485267911184,7.19311915500022,0.403522023991024,0.538694656090032,0.99988016650531
"ENSG00000105443",-0.164735016847372,4.42964132322939,0.403394016195558,0.538758114898774,0.99988016650531
"ENSG00000298385",0.22278705555799,1.8976099624484,0.403384374300354,0.538766269197028,0.99988016650531
"ENSG00000116299",0.375489986231514,1.53867113690181,0.40333999525764,0.538790272248013,0.99988016650531
"ENSG00000124104",-0.294942354701197,1.028804661003,0.403245199989863,0.538842011453039,0.99988016650531
"ENSG00000286656",0.360503660250185,1.97541820622435,0.40315446092715,0.538879953406404,0.99988016650531
"ENSG00000111206",0.152810885315857,3.45913691612949,0.403111967308425,0.538897841523558,0.99988016650531
"ENSG00000110077",-0.0987775300862342,6.58948346305062,0.403110731244805,0.53889790384871,0.99988016650531
"ENSG00000121067",-0.0884374339540307,6.40558871823894,0.402970102934702,0.538967426331336,0.99988016650531
"ENSG00000104687",-0.121331372120721,6.51243634079376,0.402895433574502,0.539004348418623,0.99988016650531
"ENSG00000231840",0.308647776843996,1.5362777901222,0.402872891388743,0.53902063657196,0.99988016650531
"ENSG00000163597",0.103800613049239,7.1203777161649,0.402818326004459,0.53904248070496,0.99988016650531
"ENSG00000294030",0.352496650465618,1.53113200842164,0.402795600807919,0.53906069579925,0.99988016650531
"ENSG00000204842",0.0961718939418188,6.75827098545868,0.40252921937331,0.539185506788177,0.99988016650531
"ENSG00000258891",0.331946688981932,1.29566705413225,0.402527924214888,0.539193165629255,0.99988016650531
"ENSG00000167720",-0.219528404914804,2.3566099913612,0.402489810111585,0.539206995840856,0.99988016650531
"ENSG00000145349",-0.102863854867958,7.85570703520369,0.402466688507253,0.539216449394571,0.99988016650531
"ENSG00000150991",-0.10899717869098,9.53597028976899,0.402392842649372,0.539252997296613,0.99988016650531
"ENSG00000168350",0.345094500346793,0.630862442744614,0.402489646774407,0.539290554484234,0.99988016650531
"ENSG00000177191",0.359266702319615,2.83509134760255,0.402002712889287,0.539447315299234,0.99988016650531
"ENSG00000232956",-0.102050217537784,5.68298457421164,0.401902549637269,0.539495789844073,0.99988016650531
"ENSG00000198925",-0.506713712687055,0.18090139794244,0.401973961932354,0.539553097162422,0.99988016650531
"ENSG00000307175",0.153263903862803,3.49476283145739,0.401760338927961,0.539566718443647,0.99988016650531
"ENSG00000060237",-0.110795128281534,8.06383286410927,0.401736931820251,0.539577836269558,0.99988016650531
"ENSG00000118816",-0.0926113632483802,8.12884163798119,0.401709104751858,0.539591625890473,0.99988016650531
"ENSG00000185344",0.128795589778063,4.71805257943593,0.40159270796745,0.539649505138844,0.99988016650531
"ENSG00000263327",0.194856502617214,5.13701561328415,0.401565829385465,0.539662657797642,0.99988016650531
"ENSG00000291133",0.812544128175196,0.230509075248688,0.401613654218373,0.539733387859672,0.99988016650531
"ENSG00000296615",0.346394915540205,0.855308022770679,0.401404327269332,0.539758064689971,0.99988016650531
"ENSG00000219682",-0.367248087380044,0.399707641575815,0.401411095093544,0.539805663147283,0.99988016650531
"ENSG00000114956",-0.121607622152717,6.750837377112,0.401266878773185,0.539810863739497,0.99988016650531
"ENSG00000102595",0.11763877405609,5.56476144464227,0.401225329120988,0.539831481655865,0.99988016650531
"ENSG00000146085",-0.189563892693642,3.04410077049497,0.40121311773815,0.539838308010319,0.99988016650531
"ENSG00000183098",0.139535497070355,7.66047687735573,0.401083233041848,0.539901955435928,0.99988016650531
"ENSG00000086232",-0.101421104434332,6.14036338616419,0.40102440630429,0.539931147104357,0.99988016650531
"ENSG00000196290",-0.139988886363735,3.67049093700054,0.400666804436304,0.54010905497742,0.99988016650531
"ENSG00000261375",0.236371216948884,1.9830259175895,0.400350506947934,0.540268314933874,0.99988016650531
"ENSG00000258881",-0.337080809397675,1.34444270565613,0.400297741924051,0.54029964216434,0.99988016650531
"ENSG00000178467",0.246792698615335,2.18406095996738,0.40025402263848,0.540316439999817,0.99988016650531
"ENSG00000237415",-0.271802590361242,0.998324253230687,0.400239917613065,0.540334742352904,0.99988016650531
"ENSG00000155229",0.0994225581874273,5.0648809361306,0.400111730235152,0.540384369983338,0.99988016650531
"ENSG00000198380",-0.101254649283416,5.81868643137351,0.400063212680065,0.54040846523294,0.99988016650531
"ENSG00000150456",0.13605881473938,4.31062244708446,0.400059330988728,0.540410616435898,0.99988016650531
"ENSG00000185527",0.506388665329597,0.0682516164706963,0.400216423990057,0.540432245327876,0.99988016650531
"ENSG00000286888",-0.287650438001255,2.02172101261233,0.399897783493934,0.54049329196199,0.99988016650531
"ENSG00000125970",-0.0940702000979341,7.17978579219088,0.39985294923674,0.540512979833921,0.99988016650531
"ENSG00000186814",0.24182529984467,3.5693996002598,0.399773893747766,0.540552709347189,0.99988016650531
"ENSG00000254726",0.324363658250215,2.63257724448158,0.39966704503471,0.540606647457677,0.99988016650531
"ENSG00000204977",-0.0985507880648877,6.58649305389551,0.399576588897457,0.540650420313604,0.99988016650531
"ENSG00000100461",-0.099424413959141,5.35211893194532,0.39935269875611,0.540761828256906,0.99988016650531
"ENSG00000296231",0.240140521382688,2.52437928356386,0.399326682035038,0.540775966241999,0.99988016650531
"ENSG00000310544",0.240140521382688,2.52437928356386,0.399326682035038,0.540775966241999,0.99988016650531
"ENSG00000278943",0.389616556002173,1.51920617938803,0.399226938784213,0.540831226952473,0.99988016650531
"ENSG00000290919",0.306141358130052,2.26886107219376,0.399176754462227,0.54085142361812,0.99988016650531
"ENSG00000185561",-0.24336836487635,1.86504303692825,0.399128659178074,0.540877111970265,0.99988016650531
"ENSG00000268516",-0.249433456960372,2.5897321023998,0.398891593977079,0.540992972771845,0.99988016650531
"ENSG00000100522",0.142397017982645,4.17648335787342,0.398856148645402,0.541009273426733,0.99988016650531
"ENSG00000125319",0.264248110282886,1.90823774799983,0.398680964569063,0.541100497554279,0.99988016650531
"ENSG00000107611",-0.215836795202247,2.94886371731997,0.398618657707239,0.541128156186355,0.99988016650531
"ENSG00000178104",0.162844243803279,3.4352523710849,0.398570313548875,0.54115190288706,0.99988016650531
"ENSG00000151117",-0.266248478087191,1.18718108588478,0.398556126116456,0.541166947220146,0.99988016650531
"ENSG00000160683",0.309081436068442,1.39058039127076,0.39824534827999,0.541322480115673,0.99988016650531
"ENSG00000178093",-0.246827537952665,1.1780057162236,0.398235442806491,0.541331365812727,0.99988016650531
"ENSG00000235501",-0.245105367137716,2.01669579247974,0.397918668933959,0.541479893543537,0.99988016650531
"ENSG00000228536",0.458328976271647,-0.048986046226251,0.398013289683652,0.541544311522193,0.99988016650531
"ENSG00000158352",0.214969402415548,2.70435559172457,0.397628279086165,0.541622470623261,0.99988016650531
"ENSG00000243829",-0.383926803260507,0.760680201028417,0.397609012054642,0.541658744300928,0.99988016650531
"ENSG00000266313",0.376043162086213,0.623256756537686,0.3975389498737,0.541696901628639,0.99988016650531
"ENSG00000140853",-0.108305388353441,5.39549684557891,0.397413592716733,0.541728468673461,0.99988016650531
"ENSG00000132382",-0.120473423135309,4.63341390000675,0.397334839212335,0.541767981700387,0.99988016650531
"ENSG00000035664",-0.141125833976074,4.357482153938,0.397228918004711,0.541820895599635,0.99988016650531
"ENSG00000130749",-0.131046494451024,4.89488278806168,0.397175293868641,0.54184760823811,0.99988016650531
"ENSG00000283563",-0.323992212554185,1.52876616615221,0.397145491897563,0.541868144778431,0.99988016650531
"ENSG00000222020",-0.426879159949895,0.607523048970246,0.397197065698384,0.541876285022369,0.99988016650531
"ENSG00000162961",-0.125435609386475,5.33916093547431,0.396978545538525,0.54194580207929,0.99988016650531
"ENSG00000272831",-0.20952041193935,3.36663418594346,0.39696143477345,0.5419549232199,0.99988016650531
"ENSG00000137825",0.353019017595828,1.18276206032488,0.396976284999548,0.541972619707313,0.99988016650531
"ENSG00000130147",0.584042726523364,-0.0136880100808694,0.397104395341823,0.54199506363033,0.99988016650531
"ENSG00000169919",0.0942313769553485,5.31884619513343,0.396849364026053,0.542010368777914,0.99988016650531
"ENSG00000189007",0.15597392466335,3.92395555371476,0.396847562642058,0.542011589119558,0.99988016650531
"ENSG00000258646",-0.388334229978928,0.580230097943577,0.39687703656144,0.542038816062887,0.99988016650531
"ENSG00000116032",0.319886764603599,2.02713092451312,0.39670047358967,0.542087822145821,0.99988016650531
"ENSG00000102290",0.340661205092123,2.2630569838572,0.396593114410406,0.542140455596488,0.99988016650531
"ENSG00000184640",0.121723559903183,5.89459211472879,0.396455718214263,0.5422071952909,0.99988016650531
"ENSG00000183682",0.335383172657835,1.48241923983699,0.39641139113451,0.542237508040339,0.99988016650531
"ENSG00000287205",0.48572743065797,0.433869404126484,0.39651824483492,0.542238279163717,0.99988016650531
"ENSG00000286478",0.311542907462324,0.653019452848131,0.396273574685103,0.542333950722856,0.99988016650531
"ENSG00000119820",-0.0981314243530957,6.08961105574909,0.396101041394343,0.542384664408252,0.99988016650531
"ENSG00000112365",0.222779730990677,1.99681512555138,0.39608452731939,0.542395710502585,0.99988016650531
"ENSG00000228509",-0.369923030068049,1.66964258265082,0.396069442694962,0.542406049493039,0.99988016650531
"ENSG00000176788",-0.100377167198089,6.80861565867902,0.396054071605127,0.542408171621316,0.99988016650531
"ENSG00000115993",-0.12547590899815,4.97855382255139,0.396039682473173,0.542415434983657,0.99988016650531
"ENSG00000213965",0.118153820272568,4.37116153948658,0.395825463513011,0.542522849873336,0.99988016650531
"ENSG00000051108",-0.171992032340751,5.49139562233948,0.395794457173096,0.542538170832404,0.99988016650531
"ENSG00000047579",0.111675105058523,4.37280929308371,0.395352118745055,0.542759981936956,0.99988016650531
"ENSG00000302808",-0.362285627058027,0.926490288437883,0.395310602130851,0.542795975587486,0.99988016650531
"ENSG00000105619",-0.119342278102702,5.15150015327602,0.395244933596204,0.542813540989685,0.99988016650531
"ENSG00000306602",-0.339420267127637,0.409127948276901,0.395297071306259,0.54284581977405,0.99988016650531
"ENSG00000253392",-0.284951111081201,1.68004582071351,0.39512635810398,0.542878044941312,0.99988016650531
"ENSG00000225127",-0.355934243683096,1.12293694994878,0.3948924723434,0.543007853687693,0.99988016650531
"ENSG00000103381",-0.0953391367979947,5.90016125442838,0.394848447532385,0.543012335460619,0.99988016650531
"ENSG00000293496",0.443296687775179,0.110371794921244,0.394829083240858,0.543094265283869,0.99988016650531
"ENSG00000165730",0.605535148112861,0.0791930175600758,0.394922753512862,0.543099204194296,0.99988016650531
"ENSG00000155893",0.293023130165528,1.04058841105924,0.394657473587669,0.543123640548717,0.99988016650531
"ENSG00000092931",-0.125173747848133,4.62967398764775,0.394457814273481,0.543208555543505,0.99988016650531
"ENSG00000095383",-0.222379957083676,2.63788356125819,0.394355714489322,0.543260836952284,0.99988016650531
"ENSG00000289349",-0.298883953735819,0.786613880528435,0.394189399050117,0.54336805166948,0.99988016650531
"ENSG00000269921",0.300277722432855,1.30216739206641,0.393904079861058,0.543493928448183,0.99988016650531
"ENSG00000172354",-0.105447696271532,8.24483056311944,0.393862735126392,0.543507256372201,0.99988016650531
"ENSG00000166946",-0.127284575616476,5.18091120542047,0.393660348808706,0.543609007686564,0.99988016650531
"ENSG00000295974",0.252811408698148,2.04065877716289,0.393431694787694,0.543726940616793,0.99988016650531
"ENSG00000010319",0.339601456714868,1.00246453060237,0.393233190150834,0.543840665657794,0.99988016650531
"ENSG00000227712",0.304846870544528,1.56951003740072,0.393188491469369,0.543851215836079,0.99988016650531
"ENSG00000278058",-0.293204278732502,1.17846018531027,0.39319365742182,0.543852394687378,0.99988016650531
"ENSG00000047230",0.106536732322311,4.67246119417727,0.392911656999824,0.543985819994538,0.99988016650531
"ENSG00000167173",-0.134301417250464,5.12222106400357,0.392847871848731,0.544017760942032,0.99988016650531
"ENSG00000197372",-0.147382608923712,4.41394341952224,0.392644102155477,0.544120564546959,0.99988016650531
"ENSG00000183091",0.248427996764267,1.9742771712528,0.392543298953503,0.544174336435762,0.99988016650531
"ENSG00000149968",0.35154598860797,1.43757802789821,0.392492755020009,0.544205084681558,0.99988016650531
"ENSG00000176148",0.150666046146482,3.09751795166816,0.392459799087425,0.544213930558245,0.99988016650531
"ENSG00000176018",-0.123357078662748,4.01124018370729,0.392420093791005,0.544233490166256,0.99988016650531
"ENSG00000258727",0.114650988982292,4.28818068238332,0.392324350880907,0.544281662897231,0.99988016650531
"ENSG00000101442",-0.153010574051503,3.16159023665448,0.392289103667019,0.54429992990143,0.99988016650531
"ENSG00000271848",-0.349805947133735,1.51827815460918,0.392201706524758,0.544349905287586,0.99988016650531
"ENSG00000204859",0.125785532998327,4.1264775819594,0.392159880469156,0.544364580716838,0.99988016650531
"ENSG00000254893",-0.338682321276748,0.876894907149124,0.392008919564168,0.544454963909917,0.99988016650531
"ENSG00000260277",-0.30534678366826,1.09098822288383,0.391992802986378,0.544459195511255,0.99988016650531
"ENSG00000136717",0.348721432785642,3.64466697242309,0.391920591736098,0.544485410865903,0.99988016650531
"ENSG00000243279",0.286764200729861,1.96984769529458,0.391702390590316,0.544597912759432,0.99988016650531
"ENSG00000286431",0.368696859885703,1.38026785654883,0.391675678693826,0.544615353444165,0.99988016650531
"ENSG00000297598",-0.408330679651203,0.477133536101546,0.391648820548953,0.544693302786198,0.99988016650531
"ENSG00000131165",0.114235575206448,4.83151581852609,0.391478000816472,0.544708458235763,0.99988016650531
"ENSG00000172116",0.408296671555096,0.219652996255614,0.391612229518625,0.544715913002074,0.99988016650531
"ENSG00000123545",0.126468481801974,5.16039881700745,0.391343383855282,0.544776291598375,0.99988016650531
"ENSG00000086712",0.154508831324957,4.20635875508653,0.391277517488695,0.544809715984406,0.99988016650531
"ENSG00000020633",-0.112811384642145,9.18931359693354,0.391025198077502,0.544936899620236,0.99988016650531
"ENSG00000153234",-0.250841530299502,2.8211311504194,0.390869589529445,0.545016418711706,0.99988016650531
"ENSG00000198468",-0.312256649112002,0.655118020293039,0.390894546657243,0.545037960132801,0.99988016650531
"ENSG00000171016",0.138528065254672,3.59075930425018,0.390470319039624,0.545217735782924,0.99988016650531
"ENSG00000224577",0.470344977659009,0.179418618338858,0.390543069887036,0.545258193541514,0.99988016650531
"ENSG00000012817",0.125049576849382,5.02109561723649,0.390343538232655,0.545281475660462,0.99988016650531
"ENSG00000080561",0.254988526764609,1.35647668805283,0.390327335078563,0.545296955286168,0.99988016650531
"ENSG00000066044",0.106608277037797,7.43916827535875,0.390194072252558,0.545357036452912,0.99988016650531
"ENSG00000173065",0.104550226909906,6.11052149206518,0.389876254806342,0.545517865906947,0.99988016650531
"ENSG00000182324",0.137004309196818,3.89428775054237,0.389816833229787,0.545548255165009,0.99988016650531
"ENSG00000197779",0.11886749191123,4.3170997556725,0.389807034677195,0.545553116723508,0.99988016650531
"ENSG00000289357",0.210543304862546,2.7598566238733,0.389734864488411,0.545590858750158,0.99988016650531
"ENSG00000100234",0.603762913485814,8.4468056461413,0.389596391463497,0.54565955530299,0.99988016650531
"ENSG00000302457",0.684452327917661,0.515286152443655,0.389397439168005,0.545788620645845,0.99988016650531
"ENSG00000227533",-0.323710937287104,1.99706284805475,0.389197708636322,0.545864174527449,0.99988016650531
"ENSG00000127507",-0.137755150019835,5.90538754485025,0.389187637970278,0.545866643599817,0.99988016650531
"ENSG00000118454",-0.106967478912802,5.33837401009334,0.388913456585463,0.54600564601797,0.99988016650531
"ENSG00000006327",0.260991971109315,3.50297183285947,0.388569589563018,0.54618049780214,0.99988016650531
"ENSG00000125804",0.263532130062956,2.10107497295501,0.388572858252919,0.546181129769061,0.99988016650531
"ENSG00000176771",0.298382977425621,1.63959052464458,0.388500006253591,0.546219847692542,0.99988016650531
"ENSG00000256966",-0.228047449104038,1.94906068482608,0.388407204304171,0.546265451848591,0.99988016650531
"ENSG00000249476",0.3272332373139,1.19055339203742,0.388396268007799,0.54627576815571,0.99988016650531
"ENSG00000111799",-0.50208808284149,0.690721439002833,0.38830765035954,0.546366819882558,0.99988016650531
"ENSG00000162631",0.425370247904119,0.531072577073831,0.388076092639647,0.5464617918729,0.99988016650531
"ENSG00000266179",0.541249490542602,0.357858249637952,0.388053380522968,0.546533025778726,0.99988016650531
"ENSG00000164663",0.206995525656555,2.48604599341711,0.387490394944669,0.546729479142975,0.99988016650531
"ENSG00000182087",-0.115458452750462,5.56222738691935,0.387353701998933,0.546797646085833,0.99988016650531
"ENSG00000111110",-0.119480833969097,4.21873366825226,0.38728042610927,0.546835127775014,0.99988016650531
"ENSG00000286179",0.45784842038052,0.710259084533509,0.387334371516946,0.546843193316493,0.99988016650531
"ENSG00000186792",0.201163984156348,3.55247447317785,0.387180993033009,0.546886067171194,0.99988016650531
"ENSG00000168461",0.107345167235354,8.28678542598562,0.387177003136136,0.546887497403763,0.99988016650531
"ENSG00000133961",-0.0965715523736733,6.91035778414475,0.387176505381691,0.546887752233525,0.99988016650531
"ENSG00000133103",0.196640471213063,2.6361894180496,0.386950353310245,0.547004005360257,0.99988016650531
"ENSG00000125871",0.137613461185772,3.59915504083549,0.38690841475357,0.54702461508404,0.99988016650531
"ENSG00000289519",-0.297524049894197,1.56151859148933,0.386802628227449,0.547084311460115,0.99988016650531
"ENSG00000175893",0.137899843639088,5.10303183341265,0.386741124875268,0.547109322895774,0.99988016650531
"ENSG00000143341",0.375864584492642,0.887814541813014,0.386662278418262,0.547164270471662,0.99988016650531
"ENSG00000182022",-0.210983528013844,1.96617031959005,0.386522220790565,0.547223261047274,0.99988016650531
"ENSG00000205981",0.111768269520371,4.86576314524225,0.386410270756755,0.547277933649814,0.99988016650531
"ENSG00000103512",0.0919810962598858,5.72543521219311,0.38625571494439,0.547356522185371,0.99988016650531
"ENSG00000296598",0.380831220230067,0.323246660311317,0.386299892974527,0.547390904938561,0.99988016650531
"ENSG00000169933",-0.335720233727482,0.688545527013031,0.386043097015414,0.547496569574593,0.99988016650531
"ENSG00000204802",-0.199802479480297,2.11811157146646,0.385970660008989,0.547504179200843,0.99988016650531
"ENSG00000122483",0.0965209364791715,6.14784307942289,0.385935167869348,0.547519888119795,0.99988016650531
"ENSG00000168101",0.120172709346512,4.59925706681125,0.385888145602425,0.547544064432543,0.99988016650531
"ENSG00000293137",0.202040126955957,2.95658880064079,0.385869065171965,0.547554452396471,0.99988016650531
"ENSG00000250057",0.200804447801172,2.66989548755339,0.385861366182428,0.547558653402744,0.99988016650531
"ENSG00000139496",0.100799291088701,5.86103742444653,0.385785776169413,0.547596061737755,0.99988016650531
"ENSG00000168803",-0.164437127723112,3.60110781311271,0.385762245412161,0.547608476269561,0.99988016650531
"ENSG00000144115",-0.256496084485258,1.73910632586074,0.385742149608758,0.547622903039215,0.99988016650531
"ENSG00000268163",0.284778132946596,2.15272240383144,0.385544412374017,0.547721548781925,0.99988016650531
"ENSG00000275740",-0.188975578922868,2.45535286480305,0.385527612754252,0.547729251386723,0.99988016650531
"ENSG00000295095",-0.287519346957467,0.959809206256189,0.38541559804882,0.547796282283934,0.99988016650531
"ENSG00000290758",0.0917508896187007,5.95008656004803,0.385392140472582,0.54779686729371,0.99988016650531
"ENSG00000197256",0.173312915112467,4.9790597395464,0.385195386060103,0.547897437317404,0.99988016650531
"ENSG00000114268",0.288345386813407,3.07651657354157,0.384761168985679,0.548119741375959,0.99988016650531
"ENSG00000187912",-0.125490684031184,3.98753786356865,0.384194413704891,0.54840899407878,0.99988016650531
"ENSG00000178115",0.177578655736074,2.95837398311558,0.383813970596491,0.548604471783673,0.99988016650531
"ENSG00000222005",-0.26691081219129,1.13831975291704,0.38377085215364,0.54863971484736,0.99988016650531
"ENSG00000060138",0.094825625369298,7.61303257665982,0.383726952940482,0.548647925658735,0.99988016650531
"ENSG00000138593",0.114219611779492,4.6051751246185,0.383463980263307,0.548782755079941,0.99988016650531
"ENSG00000102144",-0.0953339117912281,9.26379779280913,0.383405474617114,0.548812528986161,0.99988016650531
"ENSG00000182118",0.122931391128139,4.62453028308369,0.383278219128729,0.548877907491352,0.99988016650531
"ENSG00000297660",-0.201064340955464,2.77456751973746,0.383261627243435,0.548887316953668,0.99988016650531
"ENSG00000111843",0.11923448568822,4.78370294033664,0.383021713018756,0.549009339369005,0.99988016650531
"ENSG00000225828",-0.287757130011975,1.66229434647486,0.382736232911658,0.549160886244588,0.99988016650531
"ENSG00000100266",-0.0906233063254368,6.63044267306872,0.382618897735566,0.549215685764836,0.99988016650531
"ENSG00000309877",-0.176439826218016,2.70117013767841,0.382617504782967,0.54921750737665,0.99988016650531
"ENSG00000204536",0.227234776775379,1.97379904868844,0.382602331965127,0.549227687476566,0.99988016650531
"ENSG00000287286",-0.284043132470462,2.21449858285363,0.382331535325233,0.549366279648706,0.99988016650531
"ENSG00000159140",-0.135377958856293,8.31261816439246,0.382300849372343,0.549378861503567,0.99988016650531
"ENSG00000271395",0.468854894551936,0.267846024963436,0.382319762801146,0.549417915792823,0.99988016650531
"ENSG00000183605",-0.113552151269025,4.92773259857912,0.382191749376689,0.5494349845412,0.99988016650531
"ENSG00000267786",0.454844140069547,0.152923889475229,0.382309946681951,0.549445818235413,0.99988016650531
"ENSG00000092199",-0.113832427682119,8.85022483133503,0.381980900085182,0.549543111235037,0.99988016650531
"ENSG00000172115",-0.105105194155839,7.99849969735252,0.38192578437423,0.549571415632217,0.99988016650531
"ENSG00000165506",-0.135170717626304,3.8670930671631,0.381753301027637,0.549660362872099,0.99988016650531
"ENSG00000138495",-0.103956710064537,7.42442562184301,0.38173471419677,0.549669560357979,0.99988016650531
"ENSG00000286532",0.328883347385196,0.935056123174502,0.38155777760295,0.54977590082643,0.99988016650531
"ENSG00000159307",0.634395327002014,2.09710146479611,0.381440888133199,0.54982559273003,0.99988016650531
"ENSG00000081087",-0.102452781488425,5.40343892488003,0.381337536114618,0.549873698155818,0.99988016650531
"ENSG00000062716",-0.0870484576882296,7.36841500218896,0.38130225266092,0.549891823809,0.99988016650531
"ENSG00000182810",0.121332470713094,4.26969433982768,0.381285074862779,0.549900887373426,0.99988016650531
"ENSG00000169760",0.23284261877287,2.25616977609101,0.381221610272853,0.549935185535986,0.99988016650531
"ENSG00000184014",-0.0918365696493196,5.25530136884032,0.380970873777515,0.55006227263584,0.99988016650531
"ENSG00000128254",0.47196237338399,0.207955851921415,0.381086553659956,0.550083511088298,0.99988016650531
"ENSG00000215784",-0.147973771032036,4.05504687964559,0.380892263493545,0.550103012173568,0.99988016650531
"ENSG00000288669",0.205553153643001,2.78003130648383,0.380721187829582,0.550191740213274,0.99988016650531
"ENSG00000306094",0.431856476406518,0.428026615241251,0.380847680470169,0.550203577258835,0.99988016650531
"ENSG00000126391",0.100104093564614,4.96374318637386,0.380690516630065,0.55020661469563,0.99988016650531
"ENSG00000249515",0.306348765733761,1.15180347572133,0.38063038704778,0.550248461357053,0.99988016650531
"ENSG00000185261",0.15538621575578,3.44455352518585,0.380493440317467,0.550308491900483,0.99988016650531
"ENSG00000083720",0.129643782413276,4.22362750659326,0.380476162243546,0.550317117428311,0.99988016650531
"ENSG00000112511",-0.127463378674341,4.08973600956978,0.380463834306644,0.55032348227291,0.99988016650531
"ENSG00000112406",-0.144463380194767,6.04506825097976,0.380180412265091,0.550469223508969,0.99988016650531
"ENSG00000258210",0.18282746429139,2.47051109461814,0.380135538940291,0.550494017909608,0.99988016650531
"ENSG00000072756",0.109114865122049,4.94750027021614,0.380048082865412,0.550537528167958,0.99988016650531
"ENSG00000089597",-0.0974614685512653,6.86959789363268,0.380044223960669,0.550539395314582,0.99988016650531
"ENSG00000125827",0.180050918052403,3.67783333746274,0.380011685302171,0.550556593948792,0.99988016650531
"ENSG00000169021",-0.0970922285633218,6.75226032600932,0.379912937527093,0.550607061980211,0.99988016650531
"ENSG00000173926",0.109778413108334,5.85557773915534,0.379873641300421,0.550627326243059,0.99988016650531
"ENSG00000090581",-0.136900307309415,4.76252804587934,0.379845928697536,0.550641790998122,0.99988016650531
"ENSG00000196497",0.173543628097915,3.42631702613665,0.379742484701605,0.550695508108052,0.99988016650531
"ENSG00000309828",0.528301702621979,0.360315744785453,0.37938404723573,0.550937245920818,0.99988016650531
"ENSG00000238015",-0.397693402526126,0.277104223326208,0.379334129982273,0.550960921815491,0.99988016650531
"ENSG00000233870",-0.187312295567357,2.36032873371803,0.379034592147966,0.551061936055908,0.99988016650531
"ENSG00000145214",0.241958436436455,2.74896961006381,0.379031761530079,0.551062636816912,0.99988016650531
"ENSG00000168209",-0.0890932142031382,6.56251939140049,0.378974055604371,0.551091448412167,0.99988016650531
"ENSG00000168438",-0.102270542772861,5.25854725824014,0.378889575894296,0.551135090932966,0.99988016650531
"ENSG00000214279",-0.371186989539625,0.56261947353114,0.378560340002775,0.551343265756085,0.99988016650531
"ENSG00000291006",0.285975195592656,1.22399956424634,0.378174054776551,0.551524540671226,0.99988016650531
"ENSG00000132005",-0.155903774990962,4.38229466574613,0.377987948940901,0.551601312339107,0.99988016650531
"ENSG00000289294",-0.210538833236565,2.30774461235919,0.377498856412891,0.551856220549105,0.99988016650531
"ENSG00000139618",0.169496648934984,5.21799326345429,0.377427275495289,0.55189131372115,0.99988016650531
"ENSG00000227500",0.136108346907267,3.60609545554316,0.377403244224735,0.551904150092443,0.99988016650531
"ENSG00000145949",0.42310137200921,0.997137534963996,0.377389270216268,0.551922187607324,0.99988016650531
"ENSG00000239998",0.197385697097394,2.91874706496448,0.377097397314062,0.552063973017397,0.99988016650531
"ENSG00000115947",0.114138411254273,4.87522705728883,0.377079624546795,0.552071543701238,0.99988016650531
"ENSG00000185168",0.403811887399713,2.53464105876473,0.376988816964922,0.552120185746402,0.99988016650531
"ENSG00000126261",0.0941136544751983,6.61749704419432,0.376901983062543,0.552163448841246,0.99988016650531
"ENSG00000147419",0.111180689840112,5.39576669769064,0.376835701044854,0.5521978220941,0.99988016650531
"ENSG00000029363",-0.111353702321475,7.26662490347009,0.376833716124093,0.552198835261947,0.99988016650531
"ENSG00000022567",0.100615347300841,5.04877317314902,0.376795450520398,0.552218714489236,0.99988016650531
"ENSG00000286856",0.285817857104754,1.91481265727914,0.376523864805171,0.552362692591484,0.99988016650531
"ENSG00000198301",-0.0949158592485189,6.00769411519868,0.376471284711118,0.552386794386034,0.99988016650531
"ENSG00000054965",0.110875579069887,5.66513535489094,0.37632300750326,0.552463729480288,0.99988016650531
"ENSG00000086289",0.200456134183019,3.29301736187283,0.376189744321084,0.552533481535888,0.99988016650531
"ENSG00000188130",0.167874926242865,4.23258118656266,0.376185177361094,0.552535498636479,0.99988016650531
"ENSG00000182400",-0.154200458959634,3.71941340831245,0.376082214299483,0.55258907722797,0.99988016650531
"ENSG00000304280",0.361433408014157,1.14551804069893,0.376102229083652,0.552589470188015,0.99988016650531
"ENSG00000225159",-0.367861879561987,0.790774901481089,0.376079345325348,0.552630152904224,0.99988016650531
"ENSG00000100908",0.245772008785741,2.59156187404298,0.375932024757686,0.552668203894906,0.99988016650531
"ENSG00000226699",0.241352279338601,2.32925979068252,0.375842806795449,0.552714741370472,0.99988016650531
"ENSG00000196470",0.115885805857068,4.90887620617865,0.375794691869804,0.552738102052514,0.99988016650531
"ENSG00000176715",0.124800296687139,4.40051587309303,0.375756040376723,0.552758287894106,0.99988016650531
"ENSG00000022277",-0.178303253697867,4.24415452616398,0.375691511412247,0.552791818985857,0.99988016650531
"ENSG00000234478",-0.35555994274398,1.46178366009298,0.375619409401501,0.552835052977562,0.99988016650531
"ENSG00000288935",0.228876025686671,2.21905182694673,0.375552798741629,0.552865504056802,0.99988016650531
"ENSG00000122420",-0.389901484082334,0.867252325486016,0.375553103676843,0.552877647618051,0.99988016650531
"ENSG00000164134",0.0877751850354288,6.78590249344448,0.375456887596838,0.552913519059516,0.99988016650531
"ENSG00000171720",-0.0866113790101806,5.8721348956813,0.37541050925219,0.552937631240513,0.99988016650531
"ENSG00000144369",0.18176574049766,2.48050537645578,0.37539834275822,0.552945512225868,0.99988016650531
"ENSG00000289475",-0.45460890262902,0.184695645264881,0.37537364715218,0.553057512942669,0.99988016650531
"ENSG00000149782",-0.102168225313017,5.53744050677891,0.374935137681466,0.553184838383923,0.99988016650531
"ENSG00000089248",-0.12331466981058,6.3227773078272,0.3748107035905,0.553249575108216,0.99988016650531
"ENSG00000287616",-0.31278267664597,0.90355732635612,0.374826799329621,0.553256057439097,0.99988016650531
"ENSG00000254263",0.367599137229752,0.745764771827907,0.374795397179477,0.553278115113614,0.99988016650531
"ENSG00000133606",-0.0902310605412454,5.564032767325,0.37472898898203,0.553292107569378,0.99988016650531
"ENSG00000253678",0.430580288558467,0.686545491427085,0.374678600907369,0.553358141015328,0.99988016650531
"ENSG00000298470",-0.392896122965906,0.606874269176133,0.374650259152928,0.553375546369931,0.99988016650531
"ENSG00000228672",0.412065275504375,0.30049225790003,0.374719952220725,0.553396649087923,0.99988016650531
"ENSG00000269693",0.448983044994456,0.33589114015762,0.374564851961629,0.553420146659882,0.99988016650531
"ENSG00000227124",-0.157627975034529,3.46960559602946,0.374409747782549,0.553458786448036,0.99988016650531
"ENSG00000170860",0.109953882492153,6.62944806352095,0.374396952166752,0.55346495816786,0.99988016650531
"ENSG00000265399",-0.356055906066549,0.605171819181055,0.374434108378588,0.55348037715782,0.99988016650531
"ENSG00000227757",-0.180572419679071,4.14090601554993,0.374327286913516,0.553501465706262,0.99988016650531
"ENSG00000255867",0.318589304934181,1.07351515306983,0.374240556319167,0.553558135240252,0.99988016650531
"ENSG00000137073",0.0949033192110816,6.68377343321869,0.374154092126548,0.553591460438299,0.99988016650531
"ENSG00000105325",-0.143746420016482,3.72634128677182,0.374034879604167,0.553653975061169,0.99988016650531
"ENSG00000170265",0.143101906415342,3.87337007422189,0.373978613135017,0.55368324021904,0.99988016650531
"ENSG00000113083",0.417874003276902,0.994128940529757,0.373917779049253,0.553727824575261,0.99988016650531
"ENSG00000135966",0.163787045302866,4.13332396501677,0.373876353673997,0.55373643697983,0.99988016650531
"ENSG00000164754",-0.126054328645889,7.44412874525894,0.373701564674486,0.553827327574566,0.99988016650531
"ENSG00000119714",0.257449930446034,4.28195957927945,0.373575511016137,0.553893276142792,0.99988016650531
"ENSG00000124370",-0.161546725157675,3.39090037530437,0.373571753022185,0.553895566188102,0.99988016650531
"ENSG00000214612",0.333853383392457,0.344631933691243,0.373438863610484,0.554034757875938,0.99988016650531
"ENSG00000235169",0.404016216862738,0.618432535564339,0.373464261126161,0.554037020766446,0.99988016650531
"ENSG00000173275",0.307625734192484,1.29421572480372,0.373283569818425,0.554053929630891,0.99988016650531
"ENSG00000196123",0.19001493954852,3.1784709879871,0.373028218435326,0.554179378100567,0.99988016650531
"ENSG00000103429",-0.0932994483663964,5.5263480645572,0.372977307382421,0.554205257249199,0.99988016650531
"ENSG00000157045",-0.181767531179915,4.27354194160363,0.372974598699663,0.554206883583426,0.99988016650531
"ENSG00000261025",0.43048636345913,0.336902012676192,0.373047383466867,0.554227531683386,0.99988016650531
"ENSG00000305529",0.463719910716473,0.51253429090764,0.372784836216529,0.554332098323701,0.99988016650531
"ENSG00000104880",0.111458358837717,5.78685943661098,0.372697247701622,0.554351525739911,0.99988016650531
"ENSG00000293270",-0.192635578086931,4.29459536149222,0.372641811662685,0.55438071793518,0.99988016650531
"ENSG00000196427",-0.185230844364399,2.29382249239111,0.372522469089308,0.554444551533244,0.99988016650531
"ENSG00000178209",0.158745258972195,6.53487587713437,0.372233028898807,0.55459414317078,0.99988016650531
"ENSG00000235531",-0.101526455141217,8.32474171211625,0.372181695317869,0.554620982671279,0.99988016650531
"ENSG00000155090",-0.121013212948886,4.54679304973482,0.3721596584055,0.554632699201892,0.99988016650531
"ENSG00000101040",0.137764400392665,6.55257393716055,0.371855591335667,0.554791566747423,0.99988016650531
"ENSG00000163251",-0.243418318453763,1.43927387603426,0.371725042859369,0.55486631539865,0.99988016650531
"ENSG00000122033",-0.0989670600111305,5.39945302323795,0.371567962503895,0.554942122680811,0.99988016650531
"ENSG00000276234",-0.13532037842736,4.28483838660221,0.37155768390874,0.554947711045499,0.99988016650531
"ENSG00000252965",-0.33489469952562,0.322131940148388,0.371629175361354,0.554960677751345,0.99988016650531
"ENSG00000257809",-0.433090386918823,0.650254978043037,0.371221983414191,0.555121191401739,0.99988016650531
"ENSG00000167323",0.102337825670195,5.33818199570538,0.371222061035016,0.555123273198933,0.99988016650531
"ENSG00000155660",-0.244493508096555,8.06680013797037,0.371170254877798,0.555150396075688,0.99988016650531
"ENSG00000116906",-0.0906354087286747,5.90983154264107,0.371066082142253,0.555204988115611,0.99988016650531
"ENSG00000237686",0.32014826440418,2.38502098241832,0.370954644075244,0.555264692458164,0.99988016650531
"ENSG00000156860",-0.132475528832576,6.44368274973392,0.370871708186861,0.555306858165904,0.99988016650531
"ENSG00000293629",0.333285144548679,0.821426650837371,0.370844537995676,0.555334554408212,0.99988016650531
"ENSG00000121481",-0.107243802576686,4.4620459067424,0.370562101239777,0.555469402250099,0.99988016650531
"ENSG00000196305",0.0944154506234574,6.42673201985619,0.370517849128522,0.555492418439669,0.99988016650531
"ENSG00000080819",0.532267530160738,0.278417189708539,0.370669528892005,0.555504397137827,0.99988016650531
"ENSG00000134490",0.19376712355185,4.05023485806353,0.370395776117472,0.555556692844743,0.99988016650531
"ENSG00000131355",0.132890223904534,4.24630915153532,0.37033104166428,0.555590635525162,0.99988016650531
"ENSG00000105327",-0.167745272565446,4.19918777286875,0.370244035093922,0.555636315816424,0.99988016650531
"ENSG00000145242",0.37097402774604,0.0821792445383588,0.370417908017107,0.555636764982594,0.99988016650531
"ENSG00000172831",0.256343168269513,1.5446075822587,0.37012947909125,0.55570135142336,0.99988016650531
"ENSG00000032389",0.095218854774411,5.92182812536699,0.369914017762507,0.555809349840822,0.99988016650531
"ENSG00000161692",0.168805550475949,4.06989835636833,0.369902702435523,0.555815558373726,0.99988016650531
"ENSG00000102890",-0.278824887855547,1.01431291003314,0.369615657244054,0.555977500310769,0.99988016650531
"ENSG00000124191",0.172113209863861,4.8089385425136,0.369578868592979,0.555985552148955,0.99988016650531
"ENSG00000172466",-0.129635580799961,6.2671388549429,0.369447618980453,0.55605438789126,0.99988016650531
"ENSG00000213585",-0.0966315841486846,8.37835953375784,0.369168651610834,0.55620105221716,0.99988016650531
"ENSG00000144843",-0.164668372216438,2.89137282699317,0.369031552197043,0.556273984271186,0.99988016650531
"ENSG00000183978",-0.123248110769964,4.8501155678561,0.368957090013463,0.556312489538795,0.99988016650531
"ENSG00000290574",-0.379469930140875,0.0591460059616837,0.369001460456946,0.556377626811094,0.99988016650531
"ENSG00000146757",-0.143319992628516,4.7672691534774,0.368739964782181,0.556426772652799,0.99988016650531
"ENSG00000143319",-0.0944282766028568,6.95510143940199,0.368693038593331,0.556451288867062,0.99988016650531
"ENSG00000305656",0.220852170448242,2.19654622161884,0.368558149012482,0.5565240721097,0.99988016650531
"ENSG00000303946",-0.393073021684701,0.509266117537705,0.368514375381591,0.556584893001062,0.99988016650531
"ENSG00000259319",0.445116298048866,0.149283016990785,0.368534855087754,0.556597512908674,0.99988016650531
"ENSG00000101224",-0.171906351776877,2.71306807009329,0.368345587483569,0.556635382272277,0.99988016650531
"ENSG00000104957",0.104185882680559,4.63643396499895,0.368321938348901,0.556646876188134,0.99988016650531
"ENSG00000067715",0.325752622631866,1.86320198147119,0.368230833624293,0.556699051920805,0.99988016650531
"ENSG00000233891",0.371345542505843,0.568690374566983,0.368300185665065,0.556706610518475,0.99988016650531
"ENSG00000187416",0.13911905954694,5.5380338210645,0.367660031283547,0.556995574648083,0.99988016650531
"ENSG00000287414",0.387049427130753,0.439345412835485,0.367738119169737,0.5570055317242,0.99988016650531
"ENSG00000128228",-0.170244254470725,7.01325010401694,0.367508851286325,0.557075302957631,0.99988016650531
"ENSG00000184281",0.0987364122970806,4.96750297002688,0.367485154633155,0.557087908292274,0.99988016650531
"ENSG00000231201",0.387678668221928,1.17598829803296,0.367431989171121,0.557126139142541,0.99988016650531
"ENSG00000099795",-0.116808101132433,6.83666805984693,0.367373668405495,0.557146627680079,0.99988016650531
"ENSG00000156958",0.109539264382157,4.97345306213443,0.367362461619193,0.557152613992781,0.99988016650531
"ENSG00000307369",-0.227946324295418,1.35096875987133,0.36724385528018,0.557222099646513,0.99988016650531
"ENSG00000141452",0.10282079114259,4.52207220677906,0.367187092661428,0.557245288816401,0.99988016650531
"ENSG00000156026",0.102292099701583,6.06629543208002,0.36707993171708,0.557301673937863,0.99988016650531
"ENSG00000224738",0.167358275991838,3.25334486170335,0.366875656971014,0.557410157255351,0.99988016650531
"ENSG00000054392",-0.27687727106016,1.49128542997498,0.366879720346396,0.557414814949419,0.99988016650531
"ENSG00000115339",0.482441100218539,0.0782122720511514,0.366847685490564,0.557523241486086,0.99988016650531
"ENSG00000250312",0.128756489063588,4.12506873322249,0.366610704958004,0.557549758086133,0.99988016650531
"ENSG00000152804",0.165604999449233,3.33951393741445,0.366610996833708,0.557549949002466,0.99988016650531
"ENSG00000169905",-0.0949178992436488,6.11630252974675,0.366466372962741,0.557625803418437,0.99988016650531
"ENSG00000198945",0.134092832087251,3.77888225189459,0.36626632939973,0.55773190001742,0.99988016650531
"ENSG00000178031",0.391516343693962,0.371925720181405,0.36638234910135,0.557733406988393,0.99988016650531
"ENSG00000291093",-0.0906838912926609,5.99424304673588,0.366006198853756,0.557869151876568,0.99988016650531
"ENSG00000137642",-0.135832830942674,5.0466471991381,0.365878783173985,0.557936690406379,0.99988016650531
"ENSG00000087502",0.0918746237914179,6.70850208637036,0.365746975608646,0.558006322821208,0.99988016650531
"ENSG00000273382",-0.183580694394302,2.44638344070041,0.365618190320038,0.558075899465788,0.99988016650531
"ENSG00000301499",-0.330564802762807,1.21287053550982,0.365603213690744,0.558092082206551,0.99988016650531
"ENSG00000125458",0.098422100745262,4.84018667974125,0.365564633066866,0.558103005970051,0.99988016650531
"ENSG00000111653",-0.16673731939893,2.57042821069678,0.365374921891533,0.558204741019384,0.99988016650531
"ENSG00000133056",-0.290382789658568,1.70402400546107,0.365284342049202,0.558260835022088,0.99988016650531
"ENSG00000213672",0.148016316802708,3.51355536481956,0.365225771355546,0.558282842499823,0.99988016650531
"ENSG00000166557",0.0970455291808468,6.07737680540392,0.36513492366905,0.558330477861693,0.99988016650531
"ENSG00000189339",-0.108546019912634,4.49503320761155,0.365033432901815,0.55838445887731,0.99988016650531
"ENSG00000173762",0.41722549655343,0.202591034507042,0.365003211079787,0.55847908666272,0.99988016650531
"ENSG00000230561",0.422635398584055,0.40130889010115,0.364873069880192,0.558523959093375,0.99988016650531
"ENSG00000163618",0.392115742734417,0.23183667971363,0.364789725502194,0.558572464270207,0.99988016650531
"ENSG00000186591",0.0982451549333267,6.02977704539226,0.364598735381543,0.558614760076878,0.99988016650531
"ENSG00000158864",0.113398982382447,6.60930225158971,0.364224045223997,0.558813586535822,0.99988016650531
"ENSG00000149089",-0.105269556052238,5.45141638247401,0.364029769837778,0.558916746327893,0.99988016650531
"ENSG00000198324",0.270162243349561,1.91617290166606,0.363893388616585,0.558992382073854,0.99988016650531
"ENSG00000308469",-0.308682354498982,1.551052602395,0.363856729737471,0.559015464289871,0.99988016650531
"ENSG00000107959",0.103523006108517,4.43817413352757,0.36381935326745,0.559028695801158,0.99988016650531
"ENSG00000130159",-0.138208429839231,4.8871461812398,0.363771629283067,0.55905399855106,0.99988016650531
"ENSG00000161999",-0.167486375762876,4.14033276668869,0.363741221584359,0.559070283193281,0.99988016650531
"ENSG00000133422",0.106923092001718,5.20807136733176,0.363689673733716,0.559097414947474,0.99988016650531
"ENSG00000303744",-0.317910296355541,0.537221241099107,0.363771868969437,0.559100184026475,0.99988016650531
"ENSG00000282772",0.555239777341247,0.0220264873600628,0.363823160359038,0.55914694507333,0.99988016650531
"ENSG00000198612",0.105015402358139,4.78539056829772,0.363558710997589,0.559167174476964,0.99988016650531
"ENSG00000172785",-0.0840623691980463,7.1991127694187,0.363465503728527,0.559216539445403,0.99988016650531
"ENSG00000196372",0.207667223641685,3.16654780615123,0.363388767362802,0.559258033014497,0.99988016650531
"ENSG00000165629",-0.108942747193371,8.10984545249157,0.363339770851113,0.559283386913994,0.99988016650531
"ENSG00000145241",-0.139845320949582,5.18127403274426,0.363261917689539,0.55932485117328,0.99988016650531
"ENSG00000298854",-0.218622490721314,2.02670684003987,0.363197260237387,0.559361643524294,0.99988016650531
"ENSG00000175029",0.0973584746080218,6.17849612771408,0.363057917334692,0.559433303533214,0.99988016650531
"ENSG00000256234",-0.296578686798169,1.41348999368477,0.363025912109032,0.559455565986969,0.99988016650531
"ENSG00000143418",-0.100714199509647,7.68483080372402,0.36299504025598,0.559466752387782,0.99988016650531
"ENSG00000228824",-0.190415000142817,3.63397383319841,0.362955234944104,0.559488355596514,0.99988016650531
"ENSG00000148690",0.100980013153629,4.93346213369092,0.362880307933841,0.559527948663585,0.99988016650531
"ENSG00000289226",-0.50841167097362,0.0486254840927475,0.363030551932626,0.55956057605933,0.99988016650531
"ENSG00000183530",-0.0945587776160075,6.75943045034665,0.362767234917111,0.559587991727651,0.99988016650531
"ENSG00000101782",-0.0957012691229309,5.49596459237552,0.36272388628439,0.559611079846177,0.99988016650531
"ENSG00000309716",0.292444478488707,2.41155388582494,0.362671327658644,0.559640664987469,0.99988016650531
"ENSG00000125450",0.108197421668816,5.5254815493739,0.362632808046007,0.559659571353968,0.99988016650531
"ENSG00000174469",0.19333522372382,2.58092119770621,0.362624564801273,0.559665132930888,0.99988016650531
"ENSG00000128989",-0.0877755739125194,6.44491397661678,0.362565394133873,0.559695456765008,0.99988016650531
"ENSG00000263266",-0.12900608177586,7.35281580324968,0.362555266603055,0.55970084727282,0.99988016650531
"ENSG00000162836",0.405456037955702,1.90743820187834,0.362520640364211,0.559722680209708,0.99988016650531
"ENSG00000251307",0.314184475851059,1.34610479078502,0.362443088891053,0.559767787385547,0.99988016650531
"ENSG00000205534",0.186243850027438,2.49394514240368,0.362196828241728,0.559893161086424,0.99988016650531
"ENSG00000197061",-0.135756678411996,6.9842685697091,0.362191053379267,0.559894870209103,0.99988016650531
"ENSG00000136436",-0.0971791697612805,5.37312069361306,0.362179340211734,0.5599011279857,0.99988016650531
"ENSG00000169896",0.217381160718282,4.80104246507898,0.361979523782212,0.560007745557401,0.99988016650531
"ENSG00000185246",0.108885935165434,4.64403430338547,0.361974454888935,0.560010500496722,0.99988016650531
"ENSG00000018699",0.112189490934418,5.09304070712722,0.361945547392177,0.560025778015969,0.99988016650531
"ENSG00000234797",0.113705899175804,7.51157072199094,0.361925441459128,0.56003644938682,0.99988016650531
"ENSG00000100083",-0.097150136659301,5.4826734106407,0.361593829222639,0.560213324498456,0.99988016650531
"ENSG00000082014",0.409111677819065,3.19916972683704,0.361446568791368,0.560292498239849,0.99988016650531
"ENSG00000116138",-0.100221528459102,5.05265034775459,0.3613785337668,0.560328237369019,0.99988016650531
"ENSG00000196233",-0.0916537314536613,6.69788777462684,0.361310720992747,0.56036439435395,0.99988016650531
"ENSG00000156869",-0.132410552763616,3.6001271445863,0.36102761423348,0.560515944985682,0.99988016650531
"ENSG00000072803",0.106031743483449,5.88669258810654,0.36083899922248,0.560616317138785,0.99988016650531
"ENSG00000164406",0.278073902003956,0.978120838355542,0.360806877166348,0.560644914635537,0.99988016650531
"ENSG00000123552",-0.115089064913254,4.20436727179103,0.360733797594239,0.560672744343587,0.99988016650531
"ENSG00000131016",0.434351098894602,3.71358026967569,0.360702052937009,0.560689960102135,0.99988016650531
"ENSG00000300534",-0.221094477039402,2.51810722330928,0.360572392417221,0.560760293397381,0.99988016650531
"ENSG00000137747",0.221127108063987,1.89717022293665,0.36051275702499,0.560793433472192,0.99988016650531
"ENSG00000204923",0.276272850857874,1.66783842094781,0.360295651272431,0.560910953293259,0.99988016650531
"ENSG00000286251",0.363540189219485,0.871511233542934,0.360226961793274,0.560959900564907,0.99988016650531
"ENSG00000135414",0.206591945658661,3.50556717050848,0.359765270171654,0.561190987320952,0.99988016650531
"ENSG00000176871",-0.10399942757157,5.90010852135108,0.359706039312969,0.561222291968189,0.99988016650531
"ENSG00000100934",-0.109924997974288,4.22405364275109,0.359673989515037,0.561239662286589,0.99988016650531
"ENSG00000167186",0.137324904989636,3.45963731981015,0.359592342503107,0.56128368168129,0.99988016650531
"ENSG00000226179",0.125573552680761,3.69866857586647,0.35956993760417,0.561295539800129,0.99988016650531
"ENSG00000292342",0.125573552680761,3.69866857586647,0.35956993760417,0.561295539800129,0.99988016650531
"ENSG00000033011",0.14126490683953,4.53034770682454,0.359307579964551,0.561435916366962,0.99988016650531
"ENSG00000121089",0.275511674918877,1.54232922636951,0.359057970292035,0.561574883328123,0.99988016650531
"ENSG00000109762",-0.144917577629704,3.18408195529733,0.358990027767573,0.561606510786006,0.99988016650531
"ENSG00000260001",0.397775613136522,1.28764069970962,0.358999603396682,0.561611325297197,0.99988016650531
"ENSG00000223749",0.267559460119996,1.28499893059529,0.358695339007874,0.561771281363556,0.99988016650531
"ENSG00000131242",-0.325192537974505,0.590339903720319,0.358720039758523,0.561781667346528,0.99988016650531
"ENSG00000154548",-0.293000003619355,1.41194921977283,0.358635880384697,0.561802583560373,0.99988016650531
"ENSG00000196550",-0.146983475378035,4.40439111828266,0.358556197647051,0.561838847028625,0.99988016650531
"ENSG00000214517",0.0915317249323629,5.40897538846354,0.358274786375986,0.56198970514972,0.99988016650531
"ENSG00000237943",-0.207786062762137,2.5412658427074,0.358256706419257,0.562001340520323,0.99988016650531
"ENSG00000174945",0.276067591944307,1.7806128645177,0.358191495715689,0.562037758657771,0.99988016650531
"ENSG00000277978",0.470834496325299,-0.0273018321931484,0.358439305251194,0.562044471418851,0.99988016650531
"ENSG00000114859",-0.419743490786882,0.464844062644202,0.358211252652053,0.562093048626532,0.99988016650531
"ENSG00000296868",0.737611152810179,-0.145168011365477,0.358255373732672,0.562107927088232,0.99988016650531
"ENSG00000003756",0.10859875954101,6.24694933781318,0.357985190726127,0.562145227087715,0.99988016650531
"ENSG00000175931",0.0910988355276973,5.44163821048275,0.357955181112499,0.562161358829876,0.99988016650531
"ENSG00000206417",0.463687668833561,1.14729648460304,0.35774058959791,0.562294446848151,0.99988016650531
"ENSG00000166333",-0.112305121477974,6.15029737495552,0.357580424115064,0.562362759570512,0.99988016650531
"ENSG00000285939",-0.297094081794818,0.942727864982449,0.357581078854522,0.562376391674414,0.99988016650531
"ENSG00000260288",0.44635696819009,1.64528344624885,0.35744325348643,0.562444264197028,0.99988016650531
"ENSG00000101126",0.0960745543874849,6.52751277317692,0.357143528653574,0.562597746509199,0.99988016650531
"ENSG00000173846",0.128624958451445,3.94876528026179,0.357083086122191,0.562630547341053,0.99988016650531
"ENSG00000152763",-0.200918385914552,2.96067879001408,0.357014528198706,0.562668035435025,0.99988016650531
"ENSG00000135185",0.16421688921253,3.49362171048141,0.356772871692809,0.562797691941509,0.99988016650531
"ENSG00000279800",-0.152799938140055,4.4983707181883,0.356611614795309,0.562884300153768,0.99988016650531
"ENSG00000172819",0.434354533653507,0.87126332764352,0.356553935577495,0.562949411023472,0.99988016650531
"ENSG00000260616",0.288692364731292,0.938875640789788,0.356509733573814,0.562952890162216,0.99988016650531
"ENSG00000293195",-0.281473041533941,2.03650145467756,0.356178736235902,0.56312114651289,0.99988016650531
"ENSG00000104331",0.0921125009943769,6.24340781025844,0.355867881925693,0.563285003919163,0.99988016650531
"ENSG00000141458",0.118974322915216,4.22855982794952,0.355809509878031,0.563316707166305,0.99988016650531
"ENSG00000133112",-0.141735882153228,11.6127339813938,0.355788267695089,0.563327947528337,0.99988016650531
"ENSG00000136940",-0.113993807616533,4.5239366673701,0.355625560848511,0.563415933785468,0.99988016650531
"ENSG00000086504",0.0984010465066081,5.76573128409806,0.355585340885533,0.563437457975765,0.99988016650531
"ENSG00000307989",-0.365943465799928,0.326455688590338,0.355671496714849,0.563448860774867,0.99988016650531
"ENSG00000182484",-0.164553538930817,2.57679893939124,0.355290617369187,0.563597901384689,0.99988016650531
"ENSG00000292372",-0.164553538930817,2.57679893939124,0.355290617369187,0.563597901384689,0.99988016650531
"ENSG00000259345",0.381302070541227,1.92840229786294,0.355269269783977,0.563610627562692,0.99988016650531
"ENSG00000250195",-0.245670077413534,0.983430177149684,0.355203126516422,0.563653486504918,0.99988016650531
"ENSG00000196338",0.275487023578197,1.47012813551509,0.355191096246794,0.563655119477017,0.99988016650531
"ENSG00000162300",-0.130664672081336,4.17374718391293,0.355099630438914,0.563699945358388,0.99988016650531
"ENSG00000136158",0.1516840030897,4.00990082155754,0.354970614965448,0.563769663967639,0.99988016650531
"ENSG00000309745",0.277897586138686,0.87684639760503,0.354767852042766,0.563891688921608,0.99988016650531
"ENSG00000293499",-0.397105793416984,0.547554043198952,0.354643381791923,0.563992843056361,0.99988016650531
"ENSG00000237413",-0.224576661745381,1.67820173735726,0.354423247699191,0.564069994960155,0.99988016650531
"ENSG00000188917",-0.152443675645224,3.04060110678343,0.354205255478172,0.564184020139396,0.99988016650531
"ENSG00000127329",0.182442981944897,2.90141251763884,0.354115379902309,0.564232796661959,0.99988016650531
"ENSG00000272335",-0.290848429867729,1.8445308882608,0.353944197069574,0.564328302990866,0.99988016650531
"ENSG00000196517",0.604945418228995,0.0683385381504781,0.354062154986531,0.564355429934612,0.99988016650531
"ENSG00000103723",0.24704953457946,1.61393058811497,0.353893766949099,0.564355698995462,0.99988016650531
"ENSG00000126457",-0.111945490236871,7.68275658295607,0.353755909737571,0.564426563604221,0.99988016650531
"ENSG00000140092",-0.300724238454909,1.01118888083214,0.353580679138056,0.564533129205188,0.99988016650531
"ENSG00000171703",0.267452561235687,3.22145549164582,0.353422247138413,0.564608003237964,0.99988016650531
"ENSG00000285728",0.185638560202575,3.75443756809532,0.353363888261521,0.564639324468496,0.99988016650531
"ENSG00000143786",0.196976350287228,3.65265689769608,0.353327773271604,0.564658930572559,0.99988016650531
"ENSG00000140848",0.140377054009965,5.65896172637232,0.353214909678728,0.564719749314895,0.99988016650531
"ENSG00000106603",-0.10283944171297,6.78111423967718,0.35269186492604,0.565003478638876,0.99988016650531
"ENSG00000103174",-0.206052094427012,3.35175602941292,0.352595422155066,0.565056400231504,0.99988016650531
"ENSG00000131591",0.133175348189858,4.65825461788754,0.352575994316407,0.565066550512661,0.99988016650531
"ENSG00000204220",-0.136249675681906,3.83594202687955,0.352565527881925,0.565072417480175,0.99988016650531
"ENSG00000255114",-0.206100434048637,2.83401170220984,0.352517691583813,0.565099060862655,0.99988016650531
"ENSG00000206075",0.53737528184182,0.104676382176886,0.35250090429424,0.565166468350659,0.99988016650531
"ENSG00000198909",0.134632921020053,4.11014310929363,0.352259167237749,0.56523865538834,0.99988016650531
"ENSG00000289690",0.472338924483548,-0.0731416753506863,0.352408608330074,0.565268431137573,0.99988016650531
"ENSG00000075461",-0.380434267690225,0.380516751148204,0.352193171705115,0.56531073739141,0.99988016650531
"ENSG00000129353",0.479101176696283,2.01917815799984,0.352064863001,0.565346689254764,0.99988016650531
"ENSG00000184863",0.0944456982021803,5.69573470171574,0.351930439532601,0.56541705723528,0.99988016650531
"ENSG00000149823",0.103140102227351,5.03618456261883,0.351900299452308,0.565433518124028,0.99988016650531
"ENSG00000083896",-0.12122873733577,5.91323754408684,0.351880185162184,0.565444372133378,0.99988016650531
"ENSG00000232112",-0.108559861714073,8.47190598455246,0.351765009597319,0.565506982157788,0.99988016650531
"ENSG00000120149",0.218974063447054,1.96376779337142,0.351569017550207,0.565616717016001,0.99988016650531
"ENSG00000213757",0.131295345365712,4.46030303386964,0.351495758016329,0.56565362697441,0.99988016650531
"ENSG00000154845",-0.0938499556225069,4.81386571721976,0.35147712138645,0.56566372044722,0.99988016650531
"ENSG00000134590",0.109467638086393,5.17115205201756,0.351400400294649,0.565705324007383,0.99988016650531
"ENSG00000125246",0.116162548874112,4.38481541144821,0.3513451379037,0.565735579290641,0.99988016650531
"ENSG00000064102",0.116356701694718,5.11835094497843,0.351254201724654,0.565784911733008,0.99988016650531
"ENSG00000170315",-0.109040413582965,8.9802162621145,0.351246339884961,0.56578914200326,0.99988016650531
"ENSG00000117280",-0.120967912128237,5.20315916292807,0.351035990951966,0.565903674093338,0.99988016650531
"ENSG00000142945",0.106531595493481,4.62121672677986,0.351005991700103,0.565920171197586,0.99988016650531
"ENSG00000169047",-0.248035564038297,2.43814947329454,0.350900699669932,0.565978863390639,0.99988016650531
"ENSG00000165995",0.212635624726986,2.62846411373406,0.350883940069041,0.565987866808289,0.99988016650531
"ENSG00000048052",0.120517256926725,8.54230848748018,0.350877794175741,0.565989807312927,0.99988016650531
"ENSG00000106069",0.133566530140125,4.32253129005298,0.350752919425219,0.566058034663995,0.99988016650531
"ENSG00000053371",0.103195396052138,4.94237008388154,0.350246654456402,0.566333970294685,0.99988016650531
"ENSG00000286480",-0.108824949681345,4.67281254049975,0.349892905181351,0.566526935311884,0.99988016650531
"ENSG00000100335",-0.0831537558953074,5.93202674084113,0.34980063492741,0.566577134644387,0.99988016650531
"ENSG00000137221",-0.0950429126665827,5.25480035151291,0.349565783623032,0.566705362985398,0.99988016650531
"ENSG00000115109",0.208184482176763,2.10519397374465,0.349518569388368,0.566733396975823,0.99988016650531
"ENSG00000127527",0.0990180195330825,5.11679595528201,0.349477984797917,0.56675335893578,0.99988016650531
"ENSG00000286429",-0.353547570709059,0.393782271308881,0.349481537936765,0.566804092318241,0.99988016650531
"ENSG00000125843",-0.163805906056572,2.63016817617488,0.349242515049398,0.56688310280116,0.99988016650531
"ENSG00000151176",-0.109689729167166,4.34729691549078,0.348770640271108,0.56714009289425,0.99988016650531
"ENSG00000081791",-0.092799828520582,4.73354049437586,0.348729296223088,0.567162682958311,0.99988016650531
"ENSG00000296525",-0.302844445915645,0.744608277945384,0.348631364018886,0.567240950455638,0.99988016650531
"ENSG00000100814",0.108225527771193,4.59517178492397,0.348574480875412,0.567247390983605,0.99988016650531
"ENSG00000308327",0.304262710613959,1.68663859274233,0.348555775629479,0.567262038421921,0.99988016650531
"ENSG00000129493",-0.119283642545833,3.83087291713139,0.348532069883532,0.567270721506233,0.99988016650531
"ENSG00000127774",0.109398010355719,5.01810959462108,0.348512277038486,0.567281318259876,0.99988016650531
"ENSG00000241458",0.314330605950992,1.18912793830117,0.348318871432881,0.567399033662868,0.99988016650531
"ENSG00000135365",0.09493415984476,6.72771088812829,0.34826232565761,0.567418042611428,0.99988016650531
"ENSG00000261341",0.394365225694769,0.366529343465459,0.348385892936961,0.567421295155967,0.99988016650531
"ENSG00000187535",0.16686721831453,3.16627044907636,0.348089340708902,0.56751340324446,0.99988016650531
"ENSG00000174231",0.0952737801477667,6.11465082480699,0.348029731941886,0.56754541449799,0.99988016650531
"ENSG00000286808",0.367591359493943,1.58677690064013,0.348036503107963,0.567546761115681,0.99988016650531
"ENSG00000096717",-0.142785919568138,4.4171875392884,0.347905978392783,0.567613396893737,0.99988016650531
"ENSG00000153140",0.126545579557209,4.65305920711589,0.347903570478813,0.567614702163399,0.99988016650531
"ENSG00000154358",0.24554048289967,2.96902315278576,0.347833297275084,0.567653823277417,0.99988016650531
"ENSG00000272711",0.181874087919764,2.52782573466462,0.347793145432095,0.567676479278888,0.99988016650531
"ENSG00000169071",0.229891968639954,2.05784288198238,0.347564457616039,0.56780256118367,0.99988016650531
"ENSG00000057252",-0.0865740134581976,5.22141450665166,0.347396941937871,0.567892238339069,0.99988016650531
"ENSG00000105372",-0.126363556359651,11.0724583530417,0.347357457035894,0.567913873334053,0.99988016650531
"ENSG00000121316",-0.218562577917296,1.51033987751314,0.347307323855945,0.56794670689123,0.99988016650531
"ENSG00000287687",-0.34712999772208,0.56762370302871,0.347344172502726,0.567963977240874,0.99988016650531
"ENSG00000151150",0.286980405026129,3.36363192993474,0.347241747168601,0.567977910725289,0.99988016650531
"ENSG00000178980",0.127381610988489,7.09267935746483,0.347135744943027,0.56803549915819,0.99988016650531
"ENSG00000299781",0.430691890655786,1.53447740380882,0.34710030442376,0.568062157957125,0.99988016650531
"ENSG00000198604",-0.0956904600297817,8.61512887884519,0.34700352398494,0.568108055493834,0.99988016650531
"ENSG00000259803",0.217153932966737,3.9015310760173,0.346941590711701,0.568142320229978,0.99988016650531
"ENSG00000099904",-0.101835201895954,4.54596205968031,0.346753031548432,0.568245757647291,0.99988016650531
"ENSG00000101605",-0.226811293815813,2.69417445558773,0.346696705829946,0.568277559499006,0.99988016650531
"ENSG00000152672",0.394316778451522,0.86072678555781,0.346711236516023,0.568286362409055,0.99988016650531
"ENSG00000117632",0.0911794324368854,6.77303684203816,0.346582750121608,0.568339088467345,0.99988016650531
"ENSG00000184677",0.0998170610212811,4.96698903680107,0.346345395089775,0.568469607292582,0.99988016650531
"ENSG00000184292",0.317059564286052,1.47440357206347,0.34634392881052,0.568477976295432,0.99988016650531
"ENSG00000247315",-0.0932724270395675,5.3688123750017,0.346259022083287,0.568516979779242,0.99988016650531
"ENSG00000065060",-0.117122092902432,5.57171317520672,0.34615469869123,0.568574319895764,0.99988016650531
"ENSG00000297478",0.787743964790153,0.534972549393222,0.346208378702939,0.568584839837085,0.99988016650531
"ENSG00000309029",0.477184217892397,1.77339281657815,0.346047668411755,0.568636616794152,0.99988016650531
"ENSG00000172943",-0.132956055197313,4.57295513218145,0.345959706251285,0.568681712029882,0.99988016650531
"ENSG00000049656",-0.0874633060675457,6.50850785627116,0.345711327350528,0.568818162214739,0.99988016650531
"ENSG00000105963",0.157203347652653,5.15874559907766,0.345492197633165,0.568938797574047,0.99988016650531
"ENSG00000287934",0.455048409327746,0.640497919340787,0.345409790927045,0.569019772037632,0.99988016650531
"ENSG00000289143",0.245389199950209,1.39209883106906,0.3452629063679,0.569070587440077,0.99988016650531
"ENSG00000167930",0.104608598680544,4.59069765484149,0.345154376617559,0.569124965028558,0.99988016650531
"ENSG00000275066",-0.112634535559702,5.53848680130338,0.345091925374674,0.569159194943715,0.99988016650531
"ENSG00000196743",-0.0882309925244543,5.64978538121596,0.34504685483011,0.569184024625203,0.99988016650531
"ENSG00000127980",-0.181327635437789,2.39684620279706,0.344794161251241,0.569324919147068,0.99988016650531
"ENSG00000206344",0.317018615931116,0.581111499936241,0.34476103409277,0.569376948919303,0.99988016650531
"ENSG00000087152",-0.100593331338561,4.46287440580013,0.344677131172853,0.569387982757884,0.99988016650531
"ENSG00000255725",-0.152090511253044,3.08007099962205,0.344348587314094,0.569569676561615,0.99988016650531
"ENSG00000254101",0.391391138289188,0.642472814458034,0.344352332683849,0.56959516456829,0.99988016650531
"ENSG00000173457",0.122012190155597,8.11512282393779,0.344168319268561,0.569668469877245,0.99988016650531
"ENSG00000174871",0.403546359297448,0.40428642482752,0.344136439881077,0.569742849239262,0.99988016650531
"ENSG00000305207",-0.350062865576582,0.517727329786965,0.344101040648995,0.569747706968209,0.99988016650531
"ENSG00000142546",-0.124869576874036,5.42044176559487,0.343976765971755,0.569774227447691,0.99988016650531
"ENSG00000232788",-0.22385119970338,3.43558573512226,0.343895804073314,0.569819321340902,0.99988016650531
"ENSG00000115363",-0.221429554987088,1.98891294165009,0.343866731307649,0.569837418767192,0.99988016650531
"ENSG00000293508",0.264672027505814,3.32723786877616,0.34366804788847,0.569945235462717,0.99988016650531
"ENSG00000297420",0.747236798935108,1.13050857520506,0.343657930953205,0.569977478705827,0.99988016650531
"ENSG00000198901",0.167899233248803,3.21209286059573,0.343409848061391,0.570088077529832,0.99988016650531
"ENSG00000083937",-0.088543101041198,4.95587242428973,0.343363327231368,0.570113206448926,0.99988016650531
"ENSG00000178412",-0.339699509942196,1.46095218068055,0.343302095351062,0.57015263486731,0.99988016650531
"ENSG00000100823",0.106845400862874,8.53013458432893,0.343237076046043,0.570182912889841,0.99988016650531
"ENSG00000262147",0.373266307368601,0.468265032047744,0.343329322672864,0.570191423962123,0.99988016650531
"ENSG00000148356",0.1184617677479,4.24207081837924,0.342796319345554,0.570426937921596,0.99988016650531
"ENSG00000229267",-0.118792722102402,4.12753258739932,0.342790830767844,0.570430043275671,0.99988016650531
"ENSG00000290723",-0.218479062086715,1.92837748968759,0.342438232389075,0.570628260930797,0.99988016650531
"ENSG00000082146",-0.188525355854722,3.27333510624573,0.342344563559828,0.570677430106859,0.99988016650531
"ENSG00000029725",0.0914004766080606,5.48543748873032,0.342291526935549,0.570706246775134,0.99988016650531
"ENSG00000261824",-0.106373724203401,5.52393510856684,0.342262652901538,0.570722241991838,0.99988016650531
"ENSG00000210195",-0.132948227256149,5.71193155521036,0.34221626960955,0.570747940640389,0.99988016650531
"ENSG00000168936",-0.120676223510821,3.75445805900919,0.342104402351953,0.570810286072427,0.99988016650531
"ENSG00000110514",-0.111446859010718,4.40683354832429,0.342020834628315,0.570856429672943,0.99988016650531
"ENSG00000272112",0.273446571122593,0.871926382168676,0.341940356338356,0.570919238513984,0.99988016650531
"ENSG00000099942",0.094440636154665,5.71770555954929,0.341739593977107,0.571012170301039,0.99988016650531
"ENSG00000235989",0.249017803095705,2.31175259167188,0.341160824580991,0.571335239302219,0.99988016650531
"ENSG00000225542",0.160990309412735,4.0002739565171,0.341094235065382,0.571370585238637,0.99988016650531
"ENSG00000174456",-0.154677208762332,2.99552298985249,0.341049210096037,0.57139610032985,0.99988016650531
"ENSG00000161835",0.349870745624772,1.16151477011851,0.34096291992783,0.571450720202475,0.99988016650531
"ENSG00000302489",0.284410920215578,1.92415322445864,0.340872546051844,0.57149651656701,0.99988016650531
"ENSG00000131236",-0.120718818555278,12.9336034362833,0.340754832546697,0.571558832840682,0.99988016650531
"ENSG00000226478",-0.181639847138024,2.39668489868873,0.340634242538185,0.571627554284986,0.99988016650531
"ENSG00000133424",-0.125760790679642,3.85842527542322,0.34045465024149,0.571725952303441,0.99988016650531
"ENSG00000289930",-0.200946425017129,2.0826633854245,0.340345041141674,0.571788841906949,0.99988016650531
"ENSG00000115677",-0.0879542763249841,7.3760378025313,0.340251057726506,0.571838911287166,0.99988016650531
"ENSG00000197085",-0.423426763790311,0.427695630308802,0.340334876596058,0.571841161092696,0.99988016650531
"ENSG00000090238",-0.322838399493224,1.69353787697562,0.340171316712366,0.57188751957748,0.99988016650531
"ENSG00000255031",0.18041379933126,2.82714478317534,0.340110095041154,0.571918184808904,0.99988016650531
"ENSG00000176593",0.274564315831679,1.44653145142651,0.340037489435286,0.571962960797439,0.99988016650531
"ENSG00000165916",0.0845257392425248,6.19504137777119,0.34002092702959,0.571966952461973,0.99988016650531
"ENSG00000119397",-0.13804731857522,6.56467051381281,0.339950941879475,0.572005899503921,0.99988016650531
"ENSG00000178605",0.129446179164914,4.15348456370085,0.339904811921872,0.572031800740325,0.99988016650531
"ENSG00000292358",0.129446179164914,4.15348456370085,0.339904811921872,0.572031800740325,0.99988016650531
"ENSG00000175779",-0.405377398480228,1.91745365496113,0.339779140691016,0.572105494019906,0.99988016650531
"ENSG00000187713",0.145424697374828,4.12639024130086,0.339736571314581,0.572125466237576,0.99988016650531
"ENSG00000259802",-0.339560942394221,0.836661052446356,0.339775510011962,0.572127042848247,0.99988016650531
"ENSG00000166902",-0.0943870496738013,5.90336721313202,0.339729067968442,0.572129420978617,0.99988016650531
"ENSG00000158669",-0.0910321139394794,5.79576337786442,0.339693402214285,0.57214928092256,0.99988016650531
"ENSG00000273010",-0.327348352541695,0.244224210399933,0.339785878120985,0.572167157716851,0.99988016650531
"ENSG00000198774",0.353213695848318,0.342499689342572,0.33966195803128,0.572202034511243,0.99988016650531
"ENSG00000117016",0.233353166076005,4.89472914936808,0.339555201317848,0.572226386414777,0.99988016650531
"ENSG00000141933",-0.134140650543108,3.7924320671153,0.339493374828756,0.572261032011826,0.99988016650531
"ENSG00000214900",-0.138991989267619,4.64471795947934,0.339382580086677,0.572322574864218,0.99988016650531
"ENSG00000290399",0.2443511472723,1.52461510474765,0.339291021821928,0.572380473694993,0.99988016650531
"ENSG00000168818",0.135537819087808,4.58072038247953,0.339198949246775,0.572424932432188,0.99988016650531
"ENSG00000137941",-0.335292694644216,1.6548641880528,0.33916772043073,0.572446838921365,0.99988016650531
"ENSG00000244036",0.496675242960878,0.357052861731967,0.33919995922998,0.572475439878266,0.99988016650531
"ENSG00000196323",0.0965574531828672,5.73785276991009,0.33909834434084,0.572480844044103,0.99988016650531
"ENSG00000250600",0.222973678941884,4.31680411619641,0.339093825926033,0.572483581956071,0.99988016650531
"ENSG00000072832",0.665988791231636,0.0593211059866265,0.339033684037597,0.572625262128157,0.99988016650531
"ENSG00000204104",0.132656063228616,3.61813898008084,0.338828537184498,0.57263168218796,0.99988016650531
"ENSG00000227077",-0.0977978667912587,5.88721242988759,0.338768125634373,0.572665007422474,0.99988016650531
"ENSG00000243926",0.152509123432781,4.07222610896501,0.338766470672738,0.57266615450942,0.99988016650531
"ENSG00000205045",0.290672792116737,1.59385378313426,0.338658082626134,0.572731331390847,0.99988016650531
"ENSG00000304458",0.312276586590061,1.2417068328098,0.338606923548125,0.572762877038727,0.99988016650531
"ENSG00000298000",0.263575816076965,1.84791715503328,0.338577722521059,0.572774790748506,0.99988016650531
"ENSG00000259250",0.578541294674986,-0.00703672044394037,0.338736613896467,0.57278149119196,0.99988016650531
"ENSG00000196943",0.2848883386235,1.65537118625722,0.338558933556514,0.572786302541109,0.99988016650531
"ENSG00000075303",0.0851751523017958,6.13733082177176,0.338534664988544,0.572795279505365,0.99988016650531
"ENSG00000172037",-0.442429427301829,0.689456189668414,0.33828482380145,0.572978726711622,0.99988016650531
"ENSG00000286608",0.226954965676479,1.95267048058124,0.338190390999278,0.572989944356499,0.99988016650531
"ENSG00000310181",-0.241211072973749,1.2370731029597,0.33818498589962,0.572999451659398,0.99988016650531
"ENSG00000105223",-0.124463467435113,6.36617200624457,0.338112638625259,0.57303093442803,0.99988016650531
"ENSG00000163026",-0.225827852240493,1.72342515319125,0.338085033502503,0.573050580076854,0.99988016650531
"ENSG00000166166",0.151777249212923,3.0258575685413,0.337760313884873,0.573228571402117,0.99988016650531
"ENSG00000259471",-0.0898602363288478,7.9549032214995,0.337692278880568,0.573265853658221,0.99988016650531
"ENSG00000188542",-0.210149086172885,2.29572470233838,0.337592974628434,0.573323438539916,0.99988016650531
"ENSG00000071889",-0.144035762636612,3.28345319396691,0.337536356702966,0.573353658641723,0.99988016650531
"ENSG00000284823",0.3301957752924,0.64658786103567,0.337504363711609,0.573393054500942,0.99988016650531
"ENSG00000236972",0.211799491658765,1.98862626799149,0.337320363063269,0.573476528677335,0.99988016650531
"ENSG00000115446",-0.0836893835348491,5.36897498932924,0.337236242730293,0.573520955252865,0.99988016650531
"ENSG00000135045",0.138796615455418,4.21696968815537,0.337206649054117,0.573537761449706,0.99988016650531
"ENSG00000107554",0.171365217665357,2.6781222651861,0.337201722449968,0.573541286194931,0.99988016650531
"ENSG00000226721",0.372239573782492,0.450734775324486,0.337192487721357,0.5735740454295,0.99988016650531
"ENSG00000078018",-0.486462064554003,0.10100366920286,0.337299544151106,0.573574458613147,0.99988016650531
"ENSG00000180098",-0.0951357426126576,5.24303560135697,0.337118254598057,0.573586994813575,0.99988016650531
"ENSG00000283696",-0.182963538750098,2.99787630288482,0.337096980485228,0.5735996183664,0.99988016650531
"ENSG00000167264",0.169335576224372,2.65585688544217,0.337027855578521,0.573638692839965,0.99988016650531
"ENSG00000299754",-0.196155643141363,1.69275249397032,0.337015751859059,0.573648365016826,0.99988016650531
"ENSG00000148908",-0.100979328735284,7.1327652118791,0.336815536198302,0.573756473176798,0.99988016650531
"ENSG00000151233",-0.11217132403914,4.40858708244124,0.336813386074965,0.573757873008225,0.99988016650531
"ENSG00000006016",0.172909747335375,4.82696007675385,0.336721728465726,0.573809150773751,0.99988016650531
"ENSG00000258757",0.286204994450158,3.00134008945367,0.336709915828803,0.573816415301754,0.99988016650531
"ENSG00000289469",-0.224559463627437,1.97791438029098,0.336622073630174,0.573867581867777,0.99988016650531
"ENSG00000152192",-0.332436019133116,0.802792214429831,0.336565166559414,0.573918376326902,0.99988016650531
"ENSG00000197622",-0.088406106846655,7.90591390051642,0.336471696124081,0.573949118978167,0.99988016650531
"ENSG00000177453",0.246547313188377,1.95282610435276,0.336128775956672,0.574143617244658,0.99988016650531
"ENSG00000166888",-0.0884009692218995,6.26990005613134,0.336023602672778,0.57420038136516,0.99988016650531
"ENSG00000184347",0.442895638055788,0.58100579960134,0.335871678203532,0.574310805038788,0.99988016650531
"ENSG00000198246",0.180538887802154,2.67813226124512,0.335744602922953,0.574358089812838,0.99988016650531
"ENSG00000156261",-0.089455506925698,7.98502380703423,0.335661922776613,0.574403347241177,0.99988016650531
"ENSG00000260289",0.477699438433092,-0.049713456969737,0.33573375132006,0.574472718105465,0.99988016650531
"ENSG00000130396",0.190823745132568,2.96853929293427,0.335480233160527,0.574506087660149,0.99988016650531
"ENSG00000185187",0.169896017922209,3.9794443873238,0.335469746138702,0.57451155321148,0.99988016650531
"ENSG00000169908",-0.321018136646173,1.27709575428572,0.335075116772494,0.57474553254391,0.99988016650531
"ENSG00000119711",0.153082757933365,2.99864441140427,0.33493745992601,0.574811169165293,0.99988016650531
"ENSG00000120333",-0.124180075486664,5.63622753454883,0.334794683814176,0.574890646107098,0.99988016650531
"ENSG00000162591",-0.537595077916428,1.06806612288498,0.334840401252058,0.574898649166614,0.99988016650531
"ENSG00000166171",0.174797595238177,2.60376149838317,0.334743763153043,0.574920483810531,0.99988016650531
"ENSG00000103888",0.478035139244748,0.220523723332977,0.33484540759694,0.574924438356033,0.99988016650531
"ENSG00000227337",0.235233276183146,2.03879861906834,0.334684797070012,0.574955575807875,0.99988016650531
"ENSG00000233966",0.13832406472339,4.36141002079498,0.334676584402546,0.574957259373134,0.99988016650531
"ENSG00000173482",0.358170919533324,1.49400994701011,0.334514817157347,0.575055306310689,0.99988016650531
"ENSG00000260260",0.154261504052262,3.66507633936128,0.33442099499544,0.575101262528542,0.99988016650531
"ENSG00000163939",-0.112915750215189,6.88847086295737,0.334327825189143,0.575153310330963,0.99988016650531
"ENSG00000160679",-0.0891029774705334,6.33470841004937,0.334242707325688,0.575201230536877,0.99988016650531
"ENSG00000253853",0.110602618323344,5.66314522028686,0.333911681654368,0.575387669861656,0.99988016650531
"ENSG00000260392",0.272948529637124,1.72762597892497,0.3339161966211,0.575388826158851,0.99988016650531
"ENSG00000140307",0.131314759336948,5.53050410628012,0.333822990746219,0.575437642905776,0.99988016650531
"ENSG00000272758",0.146721324124887,3.56473576628853,0.333751259147599,0.575478444367134,0.99988016650531
"ENSG00000307815",0.346547438515073,0.352355889118444,0.333821984121609,0.575497484448383,0.99988016650531
"ENSG00000293311",0.1524802245396,3.52559691921299,0.333678882191022,0.575519297968211,0.99988016650531
"ENSG00000123700",-0.138534790065345,4.41152269820708,0.333641263604776,0.575540235126987,0.99988016650531
"ENSG00000130733",-0.117126554290004,4.52966400074096,0.33360434462848,0.575561053196211,0.99988016650531
"ENSG00000117399",0.102722949609232,8.47644651913502,0.333561101844008,0.575585239197314,0.99988016650531
"ENSG00000135540",0.0961264244979495,5.76754336570821,0.333534352197863,0.575600328506638,0.99988016650531
"ENSG00000152944",-0.10659047104273,4.66945758668965,0.333498843755808,0.575620518794557,0.99988016650531
"ENSG00000307228",0.373448063112664,0.785857457495824,0.333504888564387,0.575631807419182,0.99988016650531
"ENSG00000170899",0.374894112806144,1.03721975695017,0.333396773518426,0.575688877744842,0.99988016650531
"ENSG00000144468",-0.106966811807662,5.63042948643276,0.333181497727865,0.57579934725579,0.99988016650531
"ENSG00000167797",-0.173415397669039,5.60787366493294,0.333066991876783,0.575863963070802,0.99988016650531
"ENSG00000131507",-0.0946695121419225,5.67065615567305,0.333038247325297,0.575880183521213,0.99988016650531
"ENSG00000253194",-0.219094886805372,1.59734463953891,0.333025442734226,0.575892720051917,0.99988016650531
"ENSG00000287975",-0.299219800299553,1.07655196500453,0.33293930482954,0.575945560783182,0.99988016650531
"ENSG00000126821",-0.13556882258573,3.39068670930318,0.332899158426945,0.57595911173455,0.99988016650531
"ENSG00000013503",0.144651551614732,3.35903300554598,0.332386849324897,0.576248565040579,0.99988016650531
"ENSG00000182372",0.284886947261112,0.652235676423591,0.332410462237594,0.576256737906352,0.99988016650531
"ENSG00000110693",0.334825375912054,1.59625384891568,0.331870524031847,0.576544658275058,0.99988016650531
"ENSG00000298678",0.194029155871877,3.46354455014126,0.331722513870504,0.576624420921283,0.99988016650531
"ENSG00000140497",-0.0972594937810042,7.25283428261136,0.331653080098315,0.576663040628122,0.99988016650531
"ENSG00000105419",-0.75766661438451,1.1112802877813,0.331671404813414,0.576669915100689,0.99988016650531
"ENSG00000164362",0.36435794678898,1.0821505751519,0.331701135671914,0.576710522711594,0.99988016650531
"ENSG00000087087",0.0854198884393484,5.83988757351313,0.331403829530504,0.576804153336791,0.99988016650531
"ENSG00000305816",0.104480604597385,4.9024019641918,0.331388371629448,0.576813036565176,0.99988016650531
"ENSG00000287042",0.317106308481729,1.71093269031541,0.331379360111165,0.576821905279755,0.99988016650531
"ENSG00000171115",-0.131819917100352,4.72941827231578,0.331284893408422,0.576871657933365,0.99988016650531
"ENSG00000064393",-0.112618693504673,6.96893497670524,0.33105460663818,0.577001969301907,0.99988016650531
"ENSG00000238122",-0.163685229126639,3.36641314216854,0.330872012119208,0.57710594909642,0.99988016650531
"ENSG00000293246",-0.256558426113695,1.13359544945559,0.33076812136848,0.577180139704789,0.99988016650531
"ENSG00000212829",-0.113639091525738,3.91892194310888,0.330707859433454,0.577198835887275,0.99988016650531
"ENSG00000152127",-0.0932081548852911,5.9613363216446,0.330533936730297,0.577297177958249,0.99988016650531
"ENSG00000275443",0.669741282683319,0.065464396902077,0.330460298603716,0.577418516668201,0.99988016650531
"ENSG00000079308",-0.327758914532247,1.98898049210057,0.330311299037183,0.577427618041494,0.99988016650531
"ENSG00000179299",-0.278398321686508,0.393549834831485,0.330278027786487,0.577486409784218,0.99988016650531
"ENSG00000198816",0.215872041160199,3.16373542223255,0.329982882071714,0.577610560587767,0.99988016650531
"ENSG00000143067",0.137249214974409,3.9198101420436,0.329916440971136,0.577647945870047,0.99988016650531
"ENSG00000232712",0.164035116976696,4.78357626478426,0.329724180025447,0.57775708621721,0.99988016650531
"ENSG00000135476",0.192354565175848,2.41251809328991,0.329634031272448,0.577810009973758,0.99988016650531
"ENSG00000175221",-0.106640918714448,4.4135587117325,0.329609000906312,0.57782254942085,0.99988016650531
"ENSG00000007944",-0.177487628502992,3.87984958891243,0.329499196983776,0.577885096795959,0.99988016650531
"ENSG00000125449",-0.159401116421501,3.24769475981593,0.329390787209678,0.577947007051322,0.99988016650531
"ENSG00000164329",-0.111364772696,7.42583894549981,0.329351522942931,0.577968731615358,0.99988016650531
"ENSG00000116678",-0.143827935136142,3.73099572618047,0.329286601187198,0.578005991996555,0.99988016650531
"ENSG00000129657",-0.0962688611883049,4.8811142012386,0.329259296129413,0.57802131427106,0.99988016650531
"ENSG00000122335",0.286066649434746,1.70518609618148,0.329190113693031,0.578064637691981,0.99988016650531
"ENSG00000166145",0.313245118506737,2.91273330902777,0.328992598383029,0.578173751700745,0.99988016650531
"ENSG00000178950",-0.0970230174252624,5.64220520583013,0.328454117031063,0.578479515377697,0.99988016650531
"ENSG00000196436",0.354963188272565,0.992977126735427,0.328412026012079,0.578514343909848,0.99988016650531
"ENSG00000110075",0.0828062306342815,7.08939711028604,0.328253552185584,0.578593789949096,0.99988016650531
"ENSG00000103313",0.135101963816227,3.54213429921397,0.328221903249254,0.578612208330479,0.99988016650531
"ENSG00000310278",-0.191207288219754,2.73789488374902,0.328148076651476,0.578655339064588,0.99988016650531
"ENSG00000309418",0.385345483828559,0.425412455918327,0.328146636346954,0.578690635546151,0.99988016650531
"ENSG00000302080",0.31060983312173,1.0573080305875,0.328034629738742,0.578727904693334,0.99988016650531
"ENSG00000196154",-0.135891890199951,11.0588946400267,0.327937963124443,0.578773709300329,0.99988016650531
"ENSG00000186017",0.129324869747333,3.75567933096403,0.327858920861143,0.578819123662227,0.99988016650531
"ENSG00000258658",-0.198527014576914,2.9472691004359,0.327794168347125,0.578856498471957,0.99988016650531
"ENSG00000104979",0.130210625168152,6.36546488729693,0.327751377684604,0.578880142856652,0.99988016650531
"ENSG00000141696",0.332908761000255,2.52872991401059,0.327747842938196,0.578883685369409,0.99988016650531
"ENSG00000123933",-0.0989086075533142,4.85917164360116,0.3276226474448,0.578953752042292,0.99988016650531
"ENSG00000150556",0.357372218046417,0.795726647739521,0.327641799809932,0.578961102918601,0.99988016650531
"ENSG00000089327",0.132701679081804,4.94672329676577,0.327505895560089,0.579020344785256,0.99988016650531
"ENSG00000279865",0.322959756630233,0.486490740407307,0.327514420766915,0.579054256017299,0.99988016650531
"ENSG00000173599",0.253630775730299,1.573038090462,0.327367224387948,0.579104537377913,0.99988016650531
"ENSG00000148343",0.14643887996798,3.55018563835605,0.326896212731205,0.579368838144936,0.99988016650531
"ENSG00000285404",0.211783795858327,1.92966881419983,0.326816048111889,0.579417220891154,0.99988016650531
"ENSG00000309294",-0.225261870562004,1.55746759140108,0.326730705138478,0.579467831203405,0.99988016650531
"ENSG00000140326",0.171990860829594,3.19357642279872,0.326580783671763,0.579549462847794,0.99988016650531
"ENSG00000204713",0.119098809434248,5.00230274165929,0.326561872795254,0.579559682449166,0.99988016650531
"ENSG00000087266",-0.0848184291324588,5.68230935401351,0.326528714796594,0.579578573738816,0.99988016650531
"ENSG00000169045",0.0912881332661082,8.3662452844319,0.326491531126666,0.579599832362851,0.99988016650531
"ENSG00000116731",0.12577810514399,5.43387877290705,0.326445145677193,0.579626379365652,0.99988016650531
"ENSG00000293080",-0.297482558576023,0.603399475947376,0.32636404132329,0.579694676550989,0.99988016650531
"ENSG00000289089",-0.192379176154377,2.16871603545504,0.326301518872645,0.579710610876629,0.99988016650531
"ENSG00000302714",-0.286616280584334,0.955974833115636,0.326330249763073,0.579711405054418,0.99988016650531
"ENSG00000296101",-0.258211610647397,2.21709393491899,0.326244995017725,0.579742966866977,0.99988016650531
"ENSG00000175155",-0.194908895852132,2.73404864333444,0.326220532172597,0.579755872286698,0.99988016650531
"ENSG00000171791",-0.114045053134267,7.55892908903411,0.326147051419321,0.579796944550758,0.99988016650531
"ENSG00000265393",-0.398855713327467,0.487900290440552,0.326224812495877,0.579849158236226,0.99988016650531
"ENSG00000162433",0.14260519018515,4.32699097439951,0.325673137864707,0.580068550360671,0.99988016650531
"ENSG00000124613",0.347454362865627,0.192307841565028,0.325666209480916,0.580167597280394,0.99988016650531
"ENSG00000183604",-0.169302901522054,2.71026093871207,0.32545998118559,0.580191648167475,0.99988016650531
"ENSG00000230207",0.168357753069463,3.5962362267326,0.325387914111183,0.580232267056736,0.99988016650531
"ENSG00000162601",0.0914784220565189,5.7286991864241,0.325346370190991,0.580255643819713,0.99988016650531
"ENSG00000228716",0.084584164928481,7.13764758456069,0.325298630261388,0.580283009408384,0.99988016650531
"ENSG00000163964",0.0889269132750457,6.33578179649357,0.325283526484811,0.580291672390136,0.99988016650531
"ENSG00000121864",-0.117319280819268,4.48638670682912,0.325248444510221,0.580311976262595,0.99988016650531
"ENSG00000114021",0.0893953019691013,5.40032415973374,0.325185281800254,0.580348026689989,0.99988016650531
"ENSG00000124172",-0.114640077205133,9.26908106744009,0.324967132480598,0.580473156499842,0.99988016650531
"ENSG00000105750",0.139751058172518,3.34366182041705,0.324967391170426,0.580473552126363,0.99988016650531
"ENSG00000169258",0.347432573839808,1.33119577535375,0.324953344291006,0.58048823191637,0.99988016650531
"ENSG00000166619",-0.0846019953732301,5.34701884035559,0.324934336388184,0.580491992584525,0.99988016650531
"ENSG00000111832",0.0938854549512705,6.57868195644676,0.324838873273967,0.580546764438547,0.99988016650531
"ENSG00000237481",0.504529183049066,0.0707968992455357,0.324883949071752,0.580589380050505,0.99988016650531
"ENSG00000160058",-0.100673072255496,4.88273739529618,0.324705437606244,0.580623507237612,0.99988016650531
"ENSG00000163788",-0.0948730703075053,4.55528542221331,0.324487013040164,0.580748968786292,0.99988016650531
"ENSG00000145244",-0.321338948665841,0.348759268462873,0.324556997001879,0.580758447057755,0.99988016650531
"ENSG00000167100",0.519916815501581,1.68524676565079,0.324469615690826,0.580762351158176,0.99988016650531
"ENSG00000173141",-0.0974552998062814,6.3413330320891,0.324433552425241,0.580779498781886,0.99988016650531
"ENSG00000081148",-0.340891280223762,0.773359669965084,0.324449146197949,0.58078952312436,0.99988016650531
"ENSG00000251349",0.288030360019175,0.831053755406214,0.324433326775105,0.580796555922177,0.99988016650531
"ENSG00000148300",0.0965959376853027,4.94213979509424,0.324200587662778,0.580913461629721,0.99988016650531
"ENSG00000183914",0.346172599516835,0.45081691341604,0.324174977773079,0.580958117155719,0.99988016650531
"ENSG00000255347",-0.387034900646525,0.822343611030933,0.324083595191309,0.581004242362009,0.99988016650531
"ENSG00000174243",-0.115106204323625,4.63133123715758,0.323944223164335,0.581060902888424,0.99988016650531
"ENSG00000288894",0.343844008296929,0.384130582756942,0.323973810754606,0.581085892908499,0.99988016650531
"ENSG00000306261",0.335387693813049,0.743495944005868,0.323903237734831,0.581101292521185,0.99988016650531
"ENSG00000017260",-0.0900651187351564,6.84685268047397,0.3236860559234,0.5812092171124,0.99988016650531
"ENSG00000110107",0.101639160105075,6.42716965276849,0.323658265355466,0.581225208160709,0.99988016650531
"ENSG00000123329",0.12294854496878,4.88495754425086,0.323422847888067,0.581360789381779,0.99988016650531
"ENSG00000150782",-0.110787136268411,4.7437391175366,0.323367092612751,0.581392953653209,0.99988016650531
"ENSG00000304417",-0.160054702960175,2.85218810770398,0.32334480409455,0.581406582008495,0.99988016650531
"ENSG00000247934",-0.349522942744657,0.200550257001317,0.323405789754292,0.58144801834559,0.99988016650531
"ENSG00000232832",0.308649416935708,2.23615554917749,0.323070896517648,0.581565062954055,0.99988016650531
"ENSG00000115414",0.313717764584585,4.4996879866817,0.323016472245865,0.581594913503035,0.99988016650531
"ENSG00000138162",0.247645107131136,2.44386121258056,0.323009883307999,0.581599946191212,0.99988016650531
"ENSG00000156508",-0.10992983888442,12.0340804181072,0.32299096220853,0.581609409482784,0.99988016650531
"ENSG00000273507",0.418347831737324,0.592504057433402,0.32302635157054,0.581612836444017,0.99988016650531
"ENSG00000237441",0.155318116510544,3.74976088853837,0.322900596647396,0.581661847216241,0.99988016650531
"ENSG00000167645",0.144549808752222,4.12538906943787,0.322893397018526,0.581665856544435,0.99988016650531
"ENSG00000143748",0.0903851084485992,5.88416772064265,0.322854074554842,0.581688297158644,0.99988016650531
"ENSG00000030110",-0.111192715228367,4.7846818762776,0.322790432959787,0.581725126509243,0.99988016650531
"ENSG00000111880",0.0858825344671675,6.09212606259296,0.322764260880217,0.581740061641601,0.99988016650531
"ENSG00000130717",-0.128422728064731,3.95450606752796,0.322749827325401,0.581748657997919,0.99988016650531
"ENSG00000106028",0.0944351433845182,6.76082342255983,0.322656028181054,0.581802453938025,0.99988016650531
"ENSG00000130748",-0.0865418361832742,5.38601434519354,0.322286674202581,0.582015506611176,0.99988016650531
"ENSG00000237484",-0.0963426710826679,5.5950002855625,0.322019866913479,0.582169489667596,0.99988016650531
"ENSG00000137656",0.101344138093167,4.60731050509634,0.322013704836516,0.58217321891909,0.99988016650531
"ENSG00000307199",0.269759363746806,1.33287117448246,0.322011646292761,0.582184426219811,0.99988016650531
"ENSG00000111361",-0.102247606625327,5.16397857223851,0.321960261269618,0.582203914974005,0.99988016650531
"ENSG00000249547",-0.506908150938232,0.503016993198483,0.321853562325349,0.582312949167842,0.99988016650531
"ENSG00000198721",0.226448216281461,3.00157695415202,0.321727789884403,0.582338901909137,0.99988016650531
"ENSG00000134453",-0.0903916835840143,7.13429203351077,0.321722867032524,0.58234099804427,0.99988016650531
"ENSG00000213742",0.116933624913078,4.45891295102903,0.321456867632563,0.582494888769029,0.99988016650531
"ENSG00000162227",-0.168420920303727,2.79676549086324,0.321457343599063,0.582495383158385,0.99988016650531
"ENSG00000079785",-0.0952585014602603,6.19353038302842,0.321424492725277,0.582513420684188,0.99988016650531
"ENSG00000188375",0.23942671256523,1.71557632936117,0.321329547864743,0.582571954106049,0.99988016650531
"ENSG00000306901",0.281235221090341,1.48452904259258,0.321298353576305,0.582591597504833,0.99988016650531
"ENSG00000182117",-0.106242392316875,8.73304855819952,0.32112033955404,0.582689284111172,0.99988016650531
"ENSG00000105355",-0.106013643825392,6.22892568842662,0.320978736278088,0.582771205597526,0.99988016650531
"ENSG00000233967",-0.354401435743125,1.07306044623352,0.320844197721915,0.582861968022662,0.99988016650531
"ENSG00000126814",0.129705397897714,4.26782569488925,0.320743854467202,0.582907344034421,0.99988016650531
"ENSG00000261172",0.445790242176537,0.0604075709234353,0.320903207733769,0.582915500620261,0.99988016650531
"ENSG00000204386",-0.104165275675683,6.26745532334681,0.32030436168738,0.583161658453774,0.99988016650531
"ENSG00000100387",-0.117827096203047,7.79519181709942,0.320216054944059,0.583212823772112,0.99988016650531
"ENSG00000242242",0.38473175991643,0.936841538257919,0.320250349911191,0.583214435939327,0.99988016650531
"ENSG00000168556",0.134672014406534,3.69088709237073,0.320199443036857,0.583222825532087,0.99988016650531
"ENSG00000167286",-0.279665808737784,2.02887984781291,0.320179990295381,0.583236282072395,0.99988016650531
"ENSG00000125648",0.201503088421287,4.730938678185,0.320071588858253,0.583296711032277,0.99988016650531
"ENSG00000106638",0.124095884633557,4.14881130522905,0.319982149914904,0.583348624348912,0.99988016650531
"ENSG00000251629",0.189220126841413,2.64729311001565,0.319917500951502,0.583387141325257,0.99988016650531
"ENSG00000295266",-0.299398789401187,0.342008799912085,0.319765436661381,0.58352889345578,0.99988016650531
"ENSG00000291100",0.200773589333334,2.64075977225999,0.319660438072407,0.58353605555225,0.99988016650531
"ENSG00000129197",0.114788937478221,4.24324445994081,0.319566808499428,0.583589529240961,0.99988016650531
"ENSG00000090006",-0.132626212741428,4.37328129191052,0.319156384565841,0.583827782390774,0.99988016650531
"ENSG00000152700",-0.105988469825291,4.81524640774958,0.319090444601768,0.583866038236101,0.99988016650531
"ENSG00000188816",-0.435837288655161,0.598261919566022,0.319006837819605,0.58396031499013,0.99988016650531
"ENSG00000150961",-0.0869185968373068,5.78732282292576,0.318605179261717,0.584147913678129,0.99988016650531
"ENSG00000101384",0.219855244788247,2.23974460297574,0.318503323354212,0.584208892283723,0.99988016650531
"ENSG00000169692",0.106448434191593,6.52468178526917,0.318494699686327,0.584212156030571,0.99988016650531
"ENSG00000105323",-0.0842836967966866,7.73327083758142,0.318482900009328,0.58421901572554,0.99988016650531
"ENSG00000245812",-0.34801900642873,1.0621407562819,0.318378136077914,0.584289366008631,0.99988016650531
"ENSG00000155393",-0.106386061831738,4.96760749747095,0.31834232662803,0.584300880664002,0.99988016650531
"ENSG00000140450",0.140119490357874,3.0691724651848,0.318318541695472,0.584315269664473,0.99988016650531
"ENSG00000161298",0.297531467125655,1.26965118584846,0.318207069874692,0.584385672073172,0.99988016650531
"ENSG00000131791",0.111385002981926,3.82456574475736,0.31810322660326,0.584440241164288,0.99988016650531
"ENSG00000180592",-0.19536023578486,2.68941408073842,0.318088056973935,0.584450412504996,0.99988016650531
"ENSG00000105556",0.137240980724969,3.72214623988078,0.318060762197978,0.584464993944834,0.99988016650531
"ENSG00000293025",-0.10861404807373,4.8816468238608,0.31793360877449,0.584538815084514,0.99988016650531
"ENSG00000229083",-0.205665578342518,1.88250121133661,0.317911697447628,0.584554575288597,0.99988016650531
"ENSG00000243181",-0.115940356716626,4.61188991917341,0.31778630079657,0.584624645486457,0.99988016650531
"ENSG00000310473",0.553883885223555,2.63426035865377,0.317619728519933,0.584725494316338,0.99988016650531
"ENSG00000173890",0.0891742954225326,6.32441109651857,0.317566455805334,0.58475254977757,0.99988016650531
"ENSG00000298641",0.286308263887076,1.62106769896293,0.317360884485346,0.584876711412742,0.99988016650531
"ENSG00000196696",0.215493909993126,2.13177922511005,0.317294899329141,0.584912927600552,0.99988016650531
"ENSG00000103152",-0.121641939287818,6.31069724263182,0.317266087180021,0.584927638849907,0.99988016650531
"ENSG00000170085",0.112695012648871,5.66741398002779,0.317214714299922,0.584957603399979,0.99988016650531
"ENSG00000232648",0.184234433547841,3.22905838263757,0.317103141113734,0.585023223572486,0.99988016650531
"ENSG00000275835",0.161902649471216,3.51483923127159,0.317074384208058,0.585039883442764,0.99988016650531
"ENSG00000235478",0.278868116959917,1.3097805875724,0.316951635787357,0.585117052383153,0.99988016650531
"ENSG00000108773",0.120306860265461,3.99586968025528,0.316897149280763,0.585143128993983,0.99988016650531
"ENSG00000187325",-0.194308634026275,2.27881561837228,0.316892041507767,0.585148107779016,0.99988016650531
"ENSG00000303579",0.269632697529618,1.43698535072252,0.316842348787233,0.58518019846574,0.99988016650531
"ENSG00000186583",-0.111809164359723,5.16847800140939,0.316760400618804,0.585222674102334,0.99988016650531
"ENSG00000298485",0.397569240456894,2.27127382386151,0.316582664645343,0.585330484256672,0.99988016650531
"ENSG00000290048",0.37659782300083,0.097670256484282,0.31669885570214,0.585350393839315,0.99988016650531
"ENSG00000038002",-0.110274276659673,3.81047209852816,0.316250965831542,0.585520527752264,0.99988016650531
"ENSG00000146067",-0.133806275662145,4.75681210220768,0.316242871154044,0.585525072781852,0.99988016650531
"ENSG00000142173",0.148816432308886,4.0438531427927,0.31623396945961,0.585530340106739,0.99988016650531
"ENSG00000309702",0.430025381385347,0.341686184708536,0.316144229365334,0.585663699144892,0.99988016650531
"ENSG00000255299",-0.161459026918485,4.41108401333541,0.315899966507992,0.585725549663198,0.99988016650531
"ENSG00000173848",0.106322289712275,4.74449889170345,0.315873171667681,0.585741194179268,0.99988016650531
"ENSG00000008838",-0.11969426224451,4.88154135538704,0.315819320797253,0.585772671903512,0.99988016650531
"ENSG00000066422",0.101115239960729,4.97136660283139,0.315800342253636,0.585783713005018,0.99988016650531
"ENSG00000178904",0.107021962477529,4.18523075066859,0.31579037654441,0.585789677228225,0.99988016650531
"ENSG00000254634",0.153221676032158,3.00073284066956,0.315593113975964,0.585905571602602,0.99988016650531
"ENSG00000137877",-0.322310655427794,2.35289141430595,0.315568275683398,0.58592084061395,0.99988016650531
"ENSG00000143842",0.305296742811987,1.40826917367424,0.315482760305455,0.585975927022234,0.99988016650531
"ENSG00000253773",0.228638305622023,2.4314630402184,0.315472142683658,0.585977234294195,0.99988016650531
"ENSG00000102780",0.124300648172635,6.86166273110859,0.315407577609788,0.586013464349136,0.99988016650531
"ENSG00000183298",-0.092764918626195,6.67941122714382,0.315309234147505,0.586071041367904,0.99988016650531
"ENSG00000232653",0.119849070988442,4.24152288689937,0.315298177260294,0.586077741865779,0.99988016650531
"ENSG00000306316",0.102808449236783,4.17742243272968,0.315209720859634,0.586129521536946,0.99988016650531
"ENSG00000158186",-0.0988810333337097,5.04038359027352,0.315121301652025,0.586181135303825,0.99988016650531
"ENSG00000102699",-0.102724159720321,6.0817876050492,0.315083405923177,0.586203302013112,0.99988016650531
"ENSG00000228192",0.148454051067386,2.93440793153454,0.314867007699555,0.586330827796856,0.99988016650531
"ENSG00000284512",-0.284933293283262,0.537271475801241,0.31483915537706,0.586380740979747,0.99988016650531
"ENSG00000143751",-0.115390417226602,3.9862378302478,0.314656468539298,0.586453760778723,0.99988016650531
"ENSG00000256073",-0.292642418159958,2.04719296825771,0.31460851600364,0.586484258014325,0.99988016650531
"ENSG00000142552",0.336346019455573,1.52200031294988,0.314366615410415,0.5866289420191,0.99988016650531
"ENSG00000104964",0.110187051015573,6.42374194782072,0.314336062111571,0.586641438714051,0.99988016650531
"ENSG00000141985",0.0827456258307239,5.54208734974543,0.31422407808801,0.586707158865533,0.99988016650531
"ENSG00000172380",-0.228691466996372,2.14431077376884,0.314089051894564,0.586788749342492,0.99988016650531
"ENSG00000177182",0.0853018738358676,6.79347950916603,0.314053330928642,0.586807372892165,0.99988016650531
"ENSG00000262560",-0.159595629691054,3.60337155032697,0.313925230474677,0.586882974343797,0.99988016650531
"ENSG00000049130",-0.183953812130215,2.90186323648312,0.31376566801049,0.5869771626992,0.99988016650531
"ENSG00000128340",0.149762753564511,8.24775634957327,0.313577055331235,0.587087123476166,0.99988016650531
"ENSG00000245888",-0.27911704232754,1.00478785642174,0.313389038645711,0.587211046783386,0.99988016650531
"ENSG00000151575",0.294467325908104,1.38418458926163,0.313223476519,0.587300799685298,0.99988016650531
"ENSG00000111271",0.123834630443582,4.13169767277944,0.312963560922679,0.587448105935327,0.99988016650531
"ENSG00000292986",0.105617735485205,4.7156195660546,0.312962587834925,0.587448620714826,0.99988016650531
"ENSG00000243150",-0.105192323011673,4.92288922432349,0.312886747151698,0.587493219110345,0.99988016650531
"ENSG00000103226",0.084612535960225,5.37482414299168,0.312783650405153,0.587553794876234,0.99988016650531
"ENSG00000265458",-0.243819595528579,1.10389598048064,0.312755279003568,0.587579375843241,0.99988016650531
"ENSG00000117569",0.0932232077606704,7.1394793638557,0.312729359744221,0.587585741490446,0.99988016650531
"ENSG00000123685",0.218967581946463,2.29441251872373,0.312535809206757,0.587701478597046,0.99988016650531
"ENSG00000164506",-0.108187579244414,6.77795532080734,0.312501105737043,0.587720155643318,0.99988016650531
"ENSG00000290912",0.489908527959831,0.0675910747501442,0.312458954209358,0.587835547559916,0.99988016650531
"ENSG00000184481",-0.300981116117723,0.712865397916495,0.312142362355427,0.587955153703438,0.99988016650531
"ENSG00000089902",-0.0934351929012954,7.18513095195191,0.312085298356259,0.587965182462761,0.99988016650531
"ENSG00000120915",0.306693415705905,1.95965872220508,0.311691925805945,0.58820069762382,0.99988016650531
"ENSG00000165879",0.193781755290734,2.27518783035803,0.31163022669975,0.588236129923974,0.99988016650531
"ENSG00000290556",0.135197703527682,4.15670166136046,0.311584790812782,0.588260620746527,0.99988016650531
"ENSG00000061656",-0.409223824846532,0.405785045660599,0.311620838666357,0.588288663367989,0.99988016650531
"ENSG00000251221",0.220457598809389,1.57722025394545,0.311525357818224,0.588299571632958,0.99988016650531
"ENSG00000122882",-0.0920318917311667,5.12298569895034,0.311243310923355,0.588462060792531,0.99988016650531
"ENSG00000298379",0.447113809448958,0.01419704462682,0.311334147655829,0.588482439820724,0.99988016650531
"ENSG00000238221",0.276344088770479,2.36504758041217,0.311206304361517,0.588485469858663,0.99988016650531
"ENSG00000231969",0.152774992653539,2.90318797322584,0.311073985906066,0.588562751129295,0.99988016650531
"ENSG00000005075",-0.100232966972605,6.04895498140308,0.311058601796032,0.588571133265025,0.99988016650531
"ENSG00000258643",0.197007599766418,2.53496403536794,0.311011966591358,0.588599889837877,0.99988016650531
"ENSG00000133393",-0.118180699002952,5.22935260008588,0.310826347763544,0.588708405931561,0.99988016650531
"ENSG00000236869",0.211088838067428,3.13208870430009,0.310799048085112,0.588725149930873,0.99988016650531
"ENSG00000103423",0.115331803891943,5.27925062010696,0.310748446232335,0.588754457406136,0.99988016650531
"ENSG00000126653",-0.094038184405593,6.40939142647694,0.310666955963746,0.588802626183395,0.99988016650531
"ENSG00000163539",-0.0852716170889044,6.67005928855623,0.310628300377154,0.588825484396852,0.99988016650531
"ENSG00000288107",-0.136326783232629,2.92595228695603,0.310429893006539,0.58894357362203,0.99988016650531
"ENSG00000101464",0.0896631038003528,5.23321398731641,0.309952013172592,0.589225792949669,0.99988016650531
"ENSG00000100429",0.167393210285655,3.16940579455797,0.309807703339559,0.589311884109488,0.99988016650531
"ENSG00000159403",0.455500413690983,0.417077621158521,0.309725864345784,0.58940425828956,0.99988016650531
"ENSG00000291064",0.261508310169102,1.28280247347108,0.309604260944243,0.589439127966979,0.99988016650531
"ENSG00000033800",-0.105236525368474,7.77298696102234,0.309558781675817,0.589458701258403,0.99988016650531
"ENSG00000092439",0.0928232945347422,6.12376772207245,0.309501944390954,0.589492397744362,0.99988016650531
"ENSG00000189403",0.0836303769934297,8.68715957177912,0.309398593855607,0.589553666773283,0.99988016650531
"ENSG00000254089",-0.278690914249769,0.824840201543554,0.309332642386953,0.589608321266048,0.99988016650531
"ENSG00000198938",0.155260213352442,13.2967152493515,0.309306284295517,0.589608406329681,0.99988016650531
"ENSG00000116489",-0.0870392604649267,8.76096073928218,0.309231316984527,0.589652870197345,0.99988016650531
"ENSG00000251574",0.329429928472632,0.993250449167629,0.308965599044436,0.58982395398766,0.99988016650531
"ENSG00000023191",-0.084966884283429,6.80057724746529,0.308714917951241,0.589959348009991,0.99988016650531
"ENSG00000134250",0.0845875760008755,6.35687725898062,0.308640383985893,0.590003612042395,0.99988016650531
"ENSG00000286883",0.359260261148611,0.760962240596301,0.308683351296942,0.590003805966689,0.99988016650531
"ENSG00000309767",0.30106200308982,0.971664601330222,0.308514597616334,0.590091788022153,0.99988016650531
"ENSG00000198590",0.205671340410785,1.70603850214085,0.308473557497422,0.590106857797994,0.99988016650531
"ENSG00000100994",-0.116019341943997,4.45958703735524,0.30830732400258,0.590201670588298,0.99988016650531
"ENSG00000119138",-0.11871623501868,4.03975414042614,0.30818735901687,0.590273049568371,0.99988016650531
"ENSG00000065970",-0.166354389463725,3.00959550472452,0.308084019923796,0.590334935479337,0.99988016650531
"ENSG00000237772",0.174165574599564,2.41238833009753,0.308009195842688,0.590380191772178,0.99988016650531
"ENSG00000128656",-0.27191496632042,1.42989215882845,0.307996682108087,0.590391809799489,0.99988016650531
"ENSG00000124535",-0.115404021171637,4.18009249208321,0.30797343292032,0.590400211894694,0.99988016650531
"ENSG00000084463",-0.107004421110413,5.06037767296233,0.307763135506786,0.590525199761849,0.99988016650531
"ENSG00000217455",-0.322948731561914,0.419125417343126,0.307830034785895,0.590539804431707,0.99988016650531
"ENSG00000247373",0.153431127476093,5.21925045881454,0.307694162077275,0.590566170685355,0.99988016650531
"ENSG00000260898",0.239863231570541,1.90216040274758,0.307686157168965,0.590573898353507,0.99988016650531
"ENSG00000100632",-0.121603461004794,7.63792924020385,0.307666511677864,0.590582608428331,0.99988016650531
"ENSG00000184887",0.138546726517758,4.15103331159467,0.307499030997323,0.590682549657019,0.99988016650531
"ENSG00000113851",-0.12000459405941,3.87116777054656,0.307380734166116,0.590753029932799,0.99988016650531
"ENSG00000115053",0.105346936358058,9.58786150987848,0.30730576263922,0.590797393750123,0.99988016650531
"ENSG00000253106",0.334262948951367,0.259088628182115,0.307289888468041,0.59087681982512,0.99988016650531
"ENSG00000290425",0.11761036174376,3.92106195177669,0.307098832018462,0.590920957834263,0.99988016650531
"ENSG00000275297",0.187495052116318,3.24105896436098,0.307047450938329,0.590951884095336,0.99988016650531
"ENSG00000104886",-0.117480351382935,4.87650207934384,0.306844322096067,0.591072517066268,0.99988016650531
"ENSG00000306458",0.405328844661881,0.222174662724685,0.306911128902077,0.59110419460267,0.99988016650531
"ENSG00000298041",-0.28768932672018,0.938076725697177,0.306672737244635,0.591190848706346,0.99988016650531
"ENSG00000121775",0.10263218911224,4.93071132565625,0.306624179799265,0.591203780039139,0.99988016650531
"ENSG00000254852",0.172741905736626,2.23211048278777,0.306519115793597,0.591268285434569,0.99988016650531
"ENSG00000146063",0.115558252612451,4.23932211970625,0.306367207975047,0.591357183260036,0.99988016650531
"ENSG00000132275",0.120085881699642,3.76014735878693,0.306261100670496,0.591420646173735,0.99988016650531
"ENSG00000185963",-0.106758497858272,4.70133898053124,0.306250353891062,0.591426888694255,0.99988016650531
"ENSG00000182149",-0.0799848894603628,6.41416177648218,0.306239074545545,0.591433471687114,0.99988016650531
"ENSG00000124171",0.268234739626404,1.8094714096107,0.306160252508359,0.591483525452664,0.99988016650531
"ENSG00000197136",-0.101356470434494,5.78189946603886,0.306122822945847,0.591502887636457,0.99988016650531
"ENSG00000165119",-0.0821137366511835,8.76038902421618,0.306053877987138,0.591544051863227,0.99988016650531
"ENSG00000125676",-0.0861154052241549,7.43354218207069,0.305972439732583,0.591592694659164,0.99988016650531
"ENSG00000177614",0.376304914759317,1.19811760689526,0.305976300696062,0.591604510671662,0.99988016650531
"ENSG00000174744",-0.134521423186237,4.58279457191079,0.305915382575536,0.591626955164802,0.99988016650531
"ENSG00000048140",0.126501514185825,3.63314776134767,0.305896625726565,0.591638350090782,0.99988016650531
"ENSG00000294171",-0.40594451101704,0.87910004273744,0.305832523440832,0.591693999251747,0.99988016650531
"ENSG00000217130",-0.353694376930954,0.684017015468282,0.30587130243377,0.591694238032393,0.99988016650531
"ENSG00000171206",-0.0844716291210987,5.71299204739904,0.305721583932664,0.591742589712353,0.99988016650531
"ENSG00000272273",0.405324409233567,0.346218026835967,0.305793896903777,0.591757996925055,0.99988016650531
"ENSG00000244165",0.147331818538496,3.14088159612571,0.305661540561123,0.591779046548226,0.99988016650531
"ENSG00000104133",-0.0899017834439708,6.25168419360863,0.305538153598627,0.591852236858267,0.99988016650531
"ENSG00000055163",0.370647369365811,1.59605703527714,0.30552585786397,0.591864680615823,0.99988016650531
"ENSG00000143363",-0.122547551051882,4.15143152972698,0.305066251446989,0.592134759101832,0.99988016650531
"ENSG00000166272",-0.0810402124413032,5.19458752770844,0.305000373168693,0.592173978930383,0.99988016650531
"ENSG00000301061",0.214494429895898,1.76036077390018,0.304974508167026,0.592192201338628,0.99988016650531
"ENSG00000299666",-0.331098242613075,0.411449499983279,0.304880946816304,0.592312759503857,0.99988016650531
"ENSG00000007202",-0.0943282337262489,5.8445073782824,0.304749387401411,0.592324250184818,0.99988016650531
"ENSG00000136319",0.120246199199522,4.26806514075993,0.304572125102066,0.592430637523007,0.99988016650531
"ENSG00000278311",-0.07686927929924,6.31702092953092,0.304429306262636,0.592516018077068,0.99988016650531
"ENSG00000138190",0.0903221726617967,5.7759234783424,0.304403258903405,0.592531634738919,0.99988016650531
"ENSG00000214654",-0.267928118176336,0.627755807180503,0.304373770709968,0.592573880134416,0.99988016650531
"ENSG00000229642",0.399155543600954,0.0310648683649005,0.304186128490717,0.592736649467194,0.99988016650531
"ENSG00000126070",0.0980971147161065,5.99047389300836,0.303999596811078,0.592773684161124,0.99988016650531
"ENSG00000296964",0.199595807365928,1.8615490446562,0.303892400966131,0.592841065873073,0.99988016650531
"ENSG00000284526",0.257848757861858,3.65927442806622,0.30381238223198,0.592886420596958,0.99988016650531
"ENSG00000142408",0.336705025456643,0.417834642901676,0.303844500916847,0.592905255530021,0.99988016650531
"ENSG00000187079",0.0946320178581314,5.96043231805169,0.303771394581238,0.592910617784427,0.99988016650531
"ENSG00000213918",-0.118235236781169,4.37582288864838,0.303724535865516,0.592938928264883,0.99988016650531
"ENSG00000144134",0.124988431711979,3.51252394261718,0.303552441315657,0.593042475636206,0.99988016650531
"ENSG00000247595",0.193539260064238,2.63499232630202,0.303544700227554,0.593047738692114,0.99988016650531
"ENSG00000281344",0.150631391989729,3.00894558741298,0.303405948235696,0.593130938764958,0.99988016650531
"ENSG00000214063",0.246152846456418,2.66083054524325,0.303401939635857,0.593133481928872,0.99988016650531
"ENSG00000169683",0.220276194256656,3.2288789401892,0.30306344605103,0.593336662169367,0.99988016650531
"ENSG00000089723",0.380616621532001,1.04988263444681,0.303019690809319,0.593373351754864,0.99988016650531
"ENSG00000115239",0.0926983578734113,5.78016704840752,0.302885637500776,0.593442766907387,0.99988016650531
"ENSG00000284606",0.227440311574355,1.91434524634711,0.302844206396195,0.593471418220477,0.99988016650531
"ENSG00000133872",-0.122175467237475,6.66898720525354,0.302783511399785,0.593504183258235,0.99988016650531
"ENSG00000235453",-0.164905532723184,3.20408492769705,0.302594419235329,0.593618557532526,0.99988016650531
"ENSG00000250349",-0.177133985201876,3.37836848926182,0.302564396730027,0.593636404504943,0.99988016650531
"ENSG00000130811",0.0992103003890146,6.81472299762401,0.30222218418323,0.593842026427648,0.99988016650531
"ENSG00000144591",-0.188569013745327,3.16668646688876,0.302071532309338,0.593933377915511,0.99988016650531
"ENSG00000232063",-0.170957389121701,2.449193775734,0.30206563365324,0.593937656856146,0.99988016650531
"ENSG00000249771",-0.192882540519493,2.21268116322588,0.301886888214069,0.594045800763891,0.99988016650531
"ENSG00000088356",0.127374981992718,3.60178687902566,0.301654841249512,0.594184277517191,0.99988016650531
"ENSG00000120280",-0.104206602313193,5.25037304555359,0.301499837471949,0.59427746676005,0.99988016650531
"ENSG00000238142",0.211989451228279,2.44230355158814,0.301418032201444,0.594328173497938,0.99988016650531
"ENSG00000106991",0.0789739195296903,6.14073647621456,0.301405447496876,0.594334336361589,0.99988016650531
"ENSG00000227525",-0.281489988915454,0.76659705859888,0.301236572183697,0.594458278934352,0.99988016650531
"ENSG00000170631",0.130539717659058,3.65363237793036,0.301122278844964,0.594505578498613,0.99988016650531
"ENSG00000196636",0.19595829910023,3.05524850497538,0.300921565921839,0.594627099488469,0.99988016650531
"ENSG00000083168",0.0980091198141194,6.83339718815479,0.30086604926892,0.594659951485447,0.99988016650531
"ENSG00000270441",0.187101364217701,2.31850655571433,0.30086631154189,0.594661297016987,0.99988016650531
"ENSG00000213923",0.118751314704076,5.16468384328539,0.30077989427603,0.594712014457938,0.99988016650531
"ENSG00000288939",0.272965625085883,0.467236536867135,0.300789023455727,0.594733901090772,0.99988016650531
"ENSG00000145632",-0.218133373363192,2.42923445036957,0.3007287470963,0.594744496351072,0.99988016650531
"ENSG00000114648",-0.0886658552329473,4.68981775501554,0.300718127255781,0.594749464598938,0.99988016650531
"ENSG00000293192",-0.165633110353536,3.69911138793041,0.300554016177428,0.594848823588242,0.99988016650531
"ENSG00000100395",0.0981307002134223,4.45867937117533,0.300410460652658,0.594935459401936,0.99988016650531
"ENSG00000070214",-0.108188102379251,6.41637169630675,0.300251913727837,0.59503115807098,0.99988016650531
"ENSG00000110429",-0.0941803192118318,4.26223995300515,0.300225785954939,0.595047159887053,0.99988016650531
"ENSG00000171790",0.29323909505989,2.59163099401711,0.299975522552052,0.595199566060043,0.99988016650531
"ENSG00000068137",0.156274696604137,4.11426778751672,0.299678555274294,0.595378368085255,0.99988016650531
"ENSG00000270228",0.327392456867673,0.856733013096091,0.299629029083803,0.595423408347771,0.99988016650531
"ENSG00000290418",-0.209879094154906,1.74809490863149,0.299502855718629,0.595488059809575,0.99988016650531
"ENSG00000188585",0.223478563722269,1.50715270053052,0.299501679579065,0.595491973952759,0.99988016650531
"ENSG00000116752",-0.092321222017026,5.04507650882268,0.299414485328223,0.595538208787412,0.99988016650531
"ENSG00000126249",0.135611448487765,3.38919007641732,0.299375919574906,0.595561974150488,0.99988016650531
"ENSG00000172264",-0.145688062016393,3.81335004545563,0.299374554908881,0.595562664401228,0.99988016650531
"ENSG00000227495",0.297990785438036,1.47037055949241,0.299193590441503,0.595680157491835,0.99988016650531
"ENSG00000101557",0.0866102065087196,6.09223601782385,0.299063384151204,0.595750971524053,0.99988016650531
"ENSG00000163170",0.0873711513061498,6.43552933176652,0.298940671879475,0.595825395701914,0.99988016650531
"ENSG00000163485",0.20930830679848,2.79175191256873,0.298926507491849,0.595834840809546,0.99988016650531
"ENSG00000170476",-0.396617946968905,0.0721847591302992,0.298998302316749,0.595898607633511,0.99988016650531
"ENSG00000111907",0.427944351844852,0.538240334814146,0.298705652698038,0.596018296031416,0.99988016650531
"ENSG00000168918",0.0996607399135052,7.44748085324927,0.298561739184149,0.596055345298023,0.99988016650531
"ENSG00000294587",-0.344813212671764,0.213333518123262,0.298663831169895,0.596057435703516,0.99988016650531
"ENSG00000261360",-0.0974162359622146,10.3564503539164,0.298473455843814,0.596108946271614,0.99988016650531
"ENSG00000167524",0.314950900775972,0.386594872007498,0.298233017224901,0.596306728586109,0.99988016650531
"ENSG00000147121",-0.144853489441263,3.24787349738334,0.298143430481562,0.596309954225833,0.99988016650531
"ENSG00000204839",0.207761076467096,2.40074115887288,0.298029784043783,0.596380466106757,0.99988016650531
"ENSG00000145041",-0.0924564372477467,5.12606185753266,0.297984450654406,0.596406059096987,0.99988016650531
"ENSG00000168672",-0.21886203603735,1.87050321645323,0.297807041953072,0.596516976566218,0.99988016650531
"ENSG00000272381",0.494422919559459,1.57594396969978,0.297755755950258,0.596553290288143,0.99988016650531
"ENSG00000187231",0.106519292437628,4.76714249201096,0.297740802698377,0.596554332791926,0.99988016650531
"ENSG00000256591",0.103936385919668,4.20484340563322,0.297721956273982,0.59656584507254,0.99988016650531
"ENSG00000179134",-0.0889168072720612,6.54068858483816,0.297683341047897,0.596589137601033,0.99988016650531
"ENSG00000251072",-0.264211862432698,1.66277782870445,0.297638121507229,0.596620924615627,0.99988016650531
"ENSG00000169826",0.0954612400631729,4.23013709717502,0.297485150840329,0.596709909922761,0.99988016650531
"ENSG00000170638",0.0966224634401769,6.40403906821059,0.297471298916052,0.59671814892609,0.99988016650531
"ENSG00000220793",-0.0935424552655337,5.96837266325788,0.297338691826553,0.596798864162106,0.99988016650531
"ENSG00000258782",0.323716829352555,0.352394723798801,0.297435565288538,0.596800594691023,0.99988016650531
"ENSG00000138286",0.124895483298503,3.67588024340808,0.297304852766,0.596819793943292,0.99988016650531
"ENSG00000284677",0.28312085251907,2.49415999945645,0.297278754535283,0.596836591594948,0.99988016650531
"ENSG00000147082",-0.352808424961622,0.528490076929401,0.29734839640195,0.59684251155951,0.99988016650531
"ENSG00000291056",0.318209194007514,0.409846480235437,0.297084480670932,0.596987123963318,0.99988016650531
"ENSG00000126803",0.29264795006223,0.958228413421738,0.29704512947554,0.596989057861882,0.99988016650531
"ENSG00000198673",0.155792761196783,3.65213009635797,0.297008275842988,0.597000415962814,0.99988016650531
"ENSG00000104142",-0.109519383294687,4.10438421384694,0.296871139838901,0.597083836505689,0.99988016650531
"ENSG00000170412",-0.35351577757394,1.35685546741349,0.296871465358316,0.5970900754916,0.99988016650531
"ENSG00000115738",-0.0868085944567546,7.69825512252723,0.296751013122022,0.597156833415637,0.99988016650531
"ENSG00000037637",-0.0879592914812231,6.08794613326028,0.296708332054444,0.597182854801272,0.99988016650531
"ENSG00000167525",0.146768445798976,2.86616186982074,0.296679918015122,0.597201050313225,0.99988016650531
"ENSG00000240567",0.278067003822355,1.68808299409534,0.296683988277737,0.597203335357829,0.99988016650531
"ENSG00000170088",0.0996275478508028,5.63965216260806,0.296655043153229,0.59721534618211,0.99988016650531
"ENSG00000013375",0.137157389805458,3.35801515909622,0.296635553037648,0.597227676325756,0.99988016650531
"ENSG00000120708",0.117937942971901,7.79387799713331,0.296586711935354,0.597256998503108,0.99988016650531
"ENSG00000091138",-0.135341370836618,10.1251138448489,0.296480074493116,0.597322028457024,0.99988016650531
"ENSG00000166595",-0.0949378087761658,7.31113224203843,0.296458053597603,0.597335460313158,0.99988016650531
"ENSG00000260537",0.28851354203739,1.09742854709687,0.296313343444214,0.597433380103863,0.99988016650531
"ENSG00000163162",-0.0945623063314176,6.53699316405409,0.29620968165069,0.597486993165901,0.99988016650531
"ENSG00000246145",-0.114341706499359,3.60558773477757,0.296167435973387,0.597513156462613,0.99988016650531
"ENSG00000197283",0.236273252024273,2.14757141452995,0.296154406527195,0.597522827642307,0.99988016650531
"ENSG00000130935",0.0967400542348303,5.90153431759855,0.296131450843269,0.597534743735282,0.99988016650531
"ENSG00000261098",-0.221405075062117,1.31105180452212,0.29605728411216,0.597586554864624,0.99988016650531
"ENSG00000299715",0.378807331515392,0.935040669936404,0.296014277851474,0.597615085014319,0.99988016650531
"ENSG00000289039",-0.24084998892372,1.42591996831332,0.295945642292768,0.597669400058366,0.99988016650531
"ENSG00000100263",-0.0993714488261076,5.21434233211493,0.295691790227931,0.597803241472231,0.99988016650531
"ENSG00000116212",0.128167588949784,4.60671754832011,0.295667342420524,0.597818330774725,0.99988016650531
"ENSG00000172139",0.167368672491677,3.09773196741166,0.295666652067165,0.597819222456578,0.99988016650531
"ENSG00000274925",0.209201638362111,2.40569634141509,0.2956075456036,0.597856041179841,0.99988016650531
"ENSG00000253982",0.145780067518461,4.66285054789173,0.295587854224765,0.5978669025311,0.99988016650531
"ENSG00000171806",-0.21898221168903,2.60354221612492,0.29556663048821,0.597880873599095,0.99988016650531
"ENSG00000115350",-0.105623025281365,5.86710459473063,0.295536247716485,0.597898279935364,0.99988016650531
"ENSG00000139684",-0.0793377793906406,6.17442016493201,0.295458793764743,0.597945619002191,0.99988016650531
"ENSG00000179300",0.27032559710552,1.24880129342789,0.295182054292897,0.598120368211524,0.99988016650531
"ENSG00000115380",-0.312156213116108,0.370425922432394,0.29526674275921,0.598125215489754,0.99988016650531
"ENSG00000174738",0.10936211858093,3.70857482499679,0.295060618904947,0.598189436217408,0.99988016650531
"ENSG00000137203",-0.109133690255177,5.11380152122199,0.295029873113281,0.598207950760099,0.99988016650531
"ENSG00000063854",-0.0912758076483193,4.70711118238021,0.294939460804789,0.598263424158046,0.99988016650531
"ENSG00000070404",0.190454978273468,1.74879318239941,0.294928389096042,0.598273574636723,0.99988016650531
"ENSG00000228541",-0.190227389824722,2.30429528153259,0.294878809780256,0.598302209356686,0.99988016650531
"ENSG00000169230",-0.112506981478704,8.21893583059705,0.294712972369737,0.598401901841499,0.99988016650531
"ENSG00000076826",-0.349421700156642,0.947811388336906,0.294590092580787,0.598495170779247,0.99988016650531
"ENSG00000176024",-0.215406343453195,1.4721157803878,0.294563509886709,0.598498820609212,0.99988016650531
"ENSG00000293232",0.252395453765895,1.66216132775363,0.294394308637636,0.598600652796356,0.99988016650531
"ENSG00000266957",0.228484807911164,1.53075742753982,0.294376426452324,0.598612568981368,0.99988016650531
"ENSG00000105875",0.132881543175269,3.8288459532331,0.294212573934246,0.598708802772751,0.99988016650531
"ENSG00000197503",0.145308432107556,3.44014445901427,0.29420557362438,0.598713146303502,0.99988016650531
"ENSG00000310338",0.4003615694706,0.258395236688141,0.294103653123892,0.598855711795911,0.99988016650531
"ENSG00000246740",-0.501584235432769,0.147716241540781,0.293947379043946,0.598946830689933,0.99988016650531
"ENSG00000067182",-0.0957163798376664,5.75051975636885,0.293772887980498,0.598978128524594,0.99988016650531
"ENSG00000169851",0.319808703517509,1.9678052912539,0.293585546596067,0.599095999289762,0.99988016650531
"ENSG00000228274",0.314884995879547,0.317086854994828,0.293662367569492,0.59910671513711,0.99988016650531
"ENSG00000287407",0.134875593903928,5.76419984129556,0.293437171793603,0.599184197672292,0.99988016650531
"ENSG00000106591",-0.0967936169567422,5.02320759442098,0.292743371041826,0.599610619290267,0.99988016650531
"ENSG00000273437",0.307887069982564,0.372753730538505,0.292716095917949,0.599671732959782,0.99988016650531
"ENSG00000164967",-0.0858104876122453,4.73973923965137,0.292082157720998,0.600017663151422,0.99988016650531
"ENSG00000228126",0.237996424016381,1.31456587903213,0.292021186096247,0.600061249063802,0.99988016650531
"ENSG00000169118",-0.118279722395912,4.45953446591772,0.292010829400205,0.600061604951202,0.99988016650531
"ENSG00000148396",0.0933946555609885,6.22593660154594,0.291934258407917,0.600108606977918,0.99988016650531
"ENSG00000066379",0.124331598815393,4.42016424090311,0.291890555256052,0.600135711526331,0.99988016650531
"ENSG00000162999",0.243739493929112,1.56707478307927,0.291841835742376,0.600169782398514,0.99988016650531
"ENSG00000198732",0.480986303233144,0.118868008157745,0.291966617542627,0.600178890296527,0.99988016650531
"ENSG00000225684",0.2692723243516,0.899255194231315,0.291729788181007,0.60024531563424,0.99988016650531
"ENSG00000169410",-0.101539255348701,5.11574931763517,0.291686921802228,0.600261054243309,0.99988016650531
"ENSG00000143816",0.325442146555756,0.766416656824143,0.291568089892816,0.600357764353271,0.99988016650531
"ENSG00000253607",0.283249138760392,1.44474679471379,0.291470334245018,0.600401096943822,0.99988016650531
"ENSG00000102760",0.225838665825728,2.04009450579061,0.291393349422392,0.600444643421132,0.99988016650531
"ENSG00000117523",-0.116476533415115,9.11687686606104,0.291382984350316,0.600448462914429,0.99988016650531
"ENSG00000123575",-0.115517529127659,4.09579628808322,0.291325155192716,0.600484349855643,0.99988016650531
"ENSG00000310022",0.403907727242471,1.5702899820323,0.291249693189668,0.600540341582513,0.99988016650531
"ENSG00000257379",0.240701998191084,1.01646284510399,0.291170516051361,0.600589653095077,0.99988016650531
"ENSG00000266338",0.104951905357636,4.57544961130453,0.291116440156262,0.600613104744167,0.99988016650531
"ENSG00000151239",-0.116194082779826,3.96784064733869,0.291109124671912,0.600617713921266,0.99988016650531
"ENSG00000163638",0.190726140705122,2.8458496304097,0.29097867101592,0.600699110617896,0.99988016650531
"ENSG00000070010",0.0930460851619739,5.73663057550225,0.290789705754806,0.60081469928302,0.99988016650531
"ENSG00000108179",-0.0905663172648381,9.08478266249514,0.290283280547064,0.601127690610388,0.99988016650531
"ENSG00000260840",-0.247885001934368,2.70279096178556,0.290108869989788,0.601236567498488,0.99988016650531
"ENSG00000135046",-0.0972694097285341,6.75977859743424,0.290095894120793,0.601243599020266,0.99988016650531
"ENSG00000152102",0.0927720090745802,5.63045871419781,0.28993084357067,0.601345738981135,0.99988016650531
"ENSG00000135083",0.337897235898163,1.26994931919844,0.28972674818185,0.601478256024392,0.99988016650531
"ENSG00000176623",-0.0816618104403262,5.66988118650576,0.289592270750385,0.601555361726714,0.99988016650531
"ENSG00000198899",0.125344793181871,10.9715773391515,0.289590469213732,0.601556468009318,0.99988016650531
"ENSG00000297787",-0.307472279258068,1.06525636812766,0.289515807895523,0.601612592423393,0.99988016650531
"ENSG00000188211",0.174375498064361,2.89382288850541,0.289439151974646,0.601651059984694,0.99988016650531
"ENSG00000197147",0.088879752649748,4.66049560744093,0.289190701532496,0.601804337215942,0.99988016650531
"ENSG00000119812",0.118347006706269,4.4759087897176,0.289034886568292,0.60190097578834,0.99988016650531
"ENSG00000268833",0.417336392055791,0.0694574965934113,0.28897129565802,0.602032487972314,0.99988016650531
"ENSG00000105669",-0.130171405868864,6.92965319473785,0.288669584932377,0.602127440614572,0.99988016650531
"ENSG00000167799",0.276386766540249,1.04286847679288,0.288654345388794,0.602158469373871,0.99988016650531
"ENSG00000185728",-0.0810976484920294,6.21317475290431,0.288532174546505,0.602212743055516,0.99988016650531
"ENSG00000143436",-0.0935802213543137,6.11260609137573,0.2885257860763,0.602216710691645,0.99988016650531
"ENSG00000091527",-0.0813817772534048,6.98042006375743,0.288467781681412,0.602252722231081,0.99988016650531
"ENSG00000168374",-0.0814550701363318,7.46232347964846,0.28843077474915,0.602275702072997,0.99988016650531
"ENSG00000293057",-0.087650888921094,6.58278301444201,0.288402238771726,0.602293426008885,0.99988016650531
"ENSG00000290997",-0.211142247217694,1.98360931560992,0.288264274971514,0.602381975997639,0.99988016650531
"ENSG00000261373",0.273522717872495,1.06306170489635,0.288267036009615,0.602386115667066,0.99988016650531
"ENSG00000300743",-0.393334013000381,0.752157197474982,0.288264880698446,0.602403880648058,0.99988016650531
"ENSG00000161021",-0.099918886707453,4.9358825420372,0.288103332042442,0.602479211799623,0.99988016650531
"ENSG00000139546",-0.130382578959449,4.10659712359557,0.288072866308473,0.602498297656966,0.99988016650531
"ENSG00000257285",0.260669876654112,1.38523777388235,0.288025111479085,0.602533045362705,0.99988016650531
"ENSG00000198315",0.245766311280485,1.70465826533071,0.287825563758426,0.602655988234629,0.99988016650531
"ENSG00000286646",-0.152118868897461,2.91468567958074,0.287778900665357,0.602681730871383,0.99988016650531
"ENSG00000293339",0.0837316265301588,5.88087095666452,0.287767100326232,0.602688165653903,0.99988016650531
"ENSG00000250273",0.248316452138024,0.777277927898158,0.287683242786372,0.602758836664576,0.99988016650531
"ENSG00000301467",-0.220918113633391,1.58425697198113,0.287611996371739,0.602789687932282,0.99988016650531
"ENSG00000102606",0.0955802144327627,5.09496319908895,0.287587088740363,0.602800157979469,0.99988016650531
"ENSG00000291175",0.11220745434818,3.93676798352933,0.28742601300721,0.602900681189929,0.99988016650531
"ENSG00000108219",0.0969843391454856,6.75142864751903,0.287323141107998,0.60296441568254,0.99988016650531
"ENSG00000170161",0.2894096554394,0.958077228146186,0.287315876965567,0.602980911426275,0.99988016650531
"ENSG00000122223",0.108576280676371,4.26040492949628,0.287034718907535,0.603144226595923,0.99988016650531
"ENSG00000171992",-0.39764595548237,1.58480319615715,0.28686387245861,0.603257402231922,0.99988016650531
"ENSG00000113966",0.202538568455236,1.94477872807537,0.286772682206813,0.603309694620468,0.99988016650531
"ENSG00000131969",-0.712597150534599,-0.238008295822871,0.286845622316669,0.60337603364125,0.99988016650531
"ENSG00000189298",-0.273160263685319,0.689219064113629,0.286576169651439,0.603458668434266,0.99988016650531
"ENSG00000169714",-0.0930467298551919,7.50289569748252,0.286467335940208,0.603497731617257,0.99988016650531
"ENSG00000167874",-0.361364018178942,0.314569962379848,0.286488243400847,0.60355923075705,0.99988016650531
"ENSG00000130429",-0.0957313177400906,6.65715733927899,0.286088024585069,0.603734443562001,0.99988016650531
"ENSG00000138621",0.175338973157043,4.57615961047346,0.286084769485537,0.603736637352486,0.99988016650531
"ENSG00000183850",0.191299864872175,3.14059204407954,0.286028031132985,0.603772659438917,0.99988016650531
"ENSG00000136010",0.131826495423594,3.3522986901349,0.285961559956063,0.603813913001961,0.99988016650531
"ENSG00000119650",-0.146884033778721,3.57503947762084,0.285911901767262,0.603844776232263,0.99988016650531
"ENSG00000112232",0.139197562481336,4.58360915543146,0.285851271509769,0.603882455448326,0.99988016650531
"ENSG00000257496",0.250932587254855,2.83545896186427,0.285818032192719,0.603904044627371,0.99988016650531
"ENSG00000129244",0.445128944014002,0.207799023775758,0.285540564581518,0.604159704019502,0.99988016650531
"ENSG00000141295",-0.185277569707439,2.87883298510467,0.28536747905557,0.604185556183965,0.99988016650531
"ENSG00000095564",0.0908750070783668,6.25612653334034,0.285252575649992,0.604256532496091,0.99988016650531
"ENSG00000058729",-0.0883943788861783,4.54962404396236,0.285137335898508,0.604328793994228,0.99988016650531
"ENSG00000085231",0.10985043656352,5.25208038993471,0.285091490978601,0.604357326089707,0.99988016650531
"ENSG00000138411",-0.208113968742288,2.30364060095008,0.285088496133719,0.604360671220417,0.99988016650531
"ENSG00000095787",-0.0818588150835188,7.77705489202924,0.28495144613826,0.604444954356359,0.99988016650531
"ENSG00000078699",0.0909386542504894,5.62005240239966,0.284910294404122,0.604470723834627,0.99988016650531
"ENSG00000170776",-0.091113795834378,6.32485732327783,0.284744812905921,0.604574329206496,0.99988016650531
"ENSG00000187950",0.254600859320666,1.22388328133949,0.28474635923984,0.604579567208347,0.99988016650531
"ENSG00000068650",0.0970016040434437,6.27957248938631,0.284665884323455,0.604623762270718,0.99988016650531
"ENSG00000101901",-0.0940735426307646,5.93595048672028,0.284600317943756,0.604664835631102,0.99988016650531
"ENSG00000142892",0.115674318954244,4.66470646671998,0.284415432958066,0.604780843503658,0.99988016650531
"ENSG00000099814",0.148574624751531,3.48808288577309,0.284384248574484,0.604800624999658,0.99988016650531
"ENSG00000181481",-0.0879925848609426,4.60920761381807,0.284319365917476,0.604841050205146,0.99988016650531
"ENSG00000146090",0.471095365108663,0.236250198302112,0.284390330369544,0.604861759406675,0.99988016650531
"ENSG00000072201",0.141676021505671,3.06654480366205,0.28415815333809,0.604942532846726,0.99988016650531
"ENSG00000198952",-0.0887409983059421,6.01603652008876,0.28415286556997,0.604945284586901,0.99988016650531
"ENSG00000298391",-0.0950932077179728,5.84055443014388,0.284099746183669,0.604978599255743,0.99988016650531
"ENSG00000185864",0.0895044582908366,5.96086318694766,0.283997990285927,0.605042422985395,0.99988016650531
"ENSG00000138686",-0.142969611925306,3.5211470744344,0.283675849287794,0.605244944210621,0.99988016650531
"ENSG00000307734",-0.302269935817316,0.458446393535344,0.283682725334785,0.605281289741362,0.99988016650531
"ENSG00000183020",0.0835306335999054,5.59749745320764,0.283470438125827,0.60537356783877,0.99988016650531
"ENSG00000293959",0.235476327247685,2.03977998227612,0.283463707055633,0.60537991654148,0.99988016650531
"ENSG00000181038",-0.25995893086716,1.02380747969531,0.283468828738173,0.605383098392983,0.99988016650531
"ENSG00000136160",-0.300353856920519,0.695567520269207,0.283464339774995,0.605394283134537,0.99988016650531
"ENSG00000253438",0.139794111698665,3.18487583919456,0.283410821267253,0.605411596808997,0.99988016650531
"ENSG00000029364",-0.0746960135621775,6.21614816341766,0.283386895030296,0.605426038711394,0.99988016650531
"ENSG00000148634",-0.0817108862627105,6.5510643196837,0.283131680514664,0.605586408122707,0.99988016650531
"ENSG00000302079",-0.305027952267938,0.929638589999045,0.283137287560813,0.605598028713098,0.99988016650531
"ENSG00000108854",-0.119362893592211,7.84343442571759,0.283048216654062,0.60563887312858,0.99988016650531
"ENSG00000178585",0.113636305701683,4.4904628219707,0.283018377619895,0.605657814303262,0.99988016650531
"ENSG00000147123",-0.102311301994519,6.92672943007261,0.282980897805268,0.605681200115926,0.99988016650531
"ENSG00000123159",0.153978318071265,5.49741108820248,0.282923252619264,0.605717458665701,0.99988016650531
"ENSG00000203801",0.353699864638105,0.315156925965346,0.282992081289361,0.605735929068505,0.99988016650531
"ENSG00000143379",-0.0797279965569824,6.21453924788511,0.282870715638284,0.605750492082766,0.99988016650531
"ENSG00000204272",0.0732876303868974,6.49743794305273,0.282764840226839,0.60581708766105,0.99988016650531
"ENSG00000126226",-0.09041815978471,5.09111853821335,0.282763450262885,0.605818047739752,0.99988016650531
"ENSG00000139610",-0.223032744442903,2.02606027524811,0.282746816254276,0.605830473965251,0.99988016650531
"ENSG00000204356",0.0959216762149132,5.37425234230003,0.28273157675758,0.605838027744664,0.99988016650531
"ENSG00000107021",0.0897301271560236,4.68725390164556,0.282709913998961,0.605851806062762,0.99988016650531
"ENSG00000179943",-0.202626895175664,2.46444632316197,0.282522593065768,0.605970817670656,0.99988016650531
"ENSG00000179981",0.179275522944799,3.46183694024645,0.282407364895638,0.606042477312448,0.99988016650531
"ENSG00000134697",-0.0911824381166805,6.43013968330427,0.282358245417681,0.606072993990326,0.99988016650531
"ENSG00000140563",0.216560494927842,1.90848795665977,0.282266319150485,0.606133612043902,0.99988016650531
"ENSG00000129521",-0.269579191054058,0.996744742714403,0.282260799932701,0.606146578576038,0.99988016650531
"ENSG00000109452",-0.0915365631371202,7.01254384428174,0.282037975019554,0.606274735126394,0.99988016650531
"ENSG00000175387",0.0779242795593785,6.30591080020835,0.282004714349802,0.606295697604293,0.99988016650531
"ENSG00000112394",0.206257466609702,2.46760772708883,0.281950432552043,0.60633106527407,0.99988016650531
"ENSG00000087470",0.0815052177316045,6.96761494721265,0.281753163200508,0.60645426752219,0.99988016650531
"ENSG00000160613",0.0926042287480489,5.92939807689086,0.281689715336356,0.606494283270673,0.99988016650531
"ENSG00000142655",0.0777311874855685,5.5694150617036,0.281682810539401,0.606498642267696,0.99988016650531
"ENSG00000196083",0.101834488680006,5.78743807072144,0.2816533800997,0.606517200170128,0.99988016650531
"ENSG00000136631",0.0862833052311007,6.04053324760242,0.281646285154204,0.606521672806005,0.99988016650531
"ENSG00000146574",-0.0806531760344176,5.74426592875379,0.281444377682001,0.606649052535022,0.99988016650531
"ENSG00000250471",0.158129812878852,3.13267503333799,0.281338029730072,0.606716800993215,0.99988016650531
"ENSG00000009780",-0.135877707876631,3.26417151396496,0.281220236299667,0.606791020150008,0.99988016650531
"ENSG00000117408",0.159430585339927,3.11074332572693,0.281164811766845,0.606826156252209,0.99988016650531
"ENSG00000169032",-0.0885398193687673,6.37387910858893,0.281012037832307,0.606921994465151,0.99988016650531
"ENSG00000243550",-0.210410992023292,2.41449497041012,0.280978583651595,0.606944407316484,0.99988016650531
"ENSG00000110321",-0.102350582703226,8.29213833236197,0.280890306841654,0.60699889263732,0.99988016650531
"ENSG00000172270",-0.103403076876202,6.86880502653302,0.280836304819932,0.607033016166678,0.99988016650531
"ENSG00000120742",-0.0927556309268319,7.59552196901004,0.280758998182908,0.607081869063161,0.99988016650531
"ENSG00000008441",0.157503420893406,3.09655509126582,0.280533633771352,0.607225089101766,0.99988016650531
"ENSG00000124126",0.0964034867908475,6.93049058426718,0.280360511068421,0.607333834694869,0.99988016650531
"ENSG00000090382",-0.102211140931836,5.66235077916335,0.28026354479929,0.607395235738399,0.99988016650531
"ENSG00000104805",-0.10689943342698,5.99799354365028,0.280246639940055,0.607405882768505,0.99988016650531
"ENSG00000128245",0.0890343365545878,6.68098713239928,0.280240012892706,0.607410072916145,0.99988016650531
"ENSG00000155760",-0.205282981605893,2.27076061609665,0.280134011186915,0.607478641278967,0.99988016650531
"ENSG00000305337",-0.168887934886508,2.72169574003403,0.280098797394927,0.607500396258279,0.99988016650531
"ENSG00000306150",-0.18076652306644,3.14764499235087,0.280010346690134,0.607556114273612,0.99988016650531
"ENSG00000304550",0.268522061980292,0.717971116157141,0.279826553106306,0.607688574172188,0.99988016650531
"ENSG00000204852",0.176729542170579,2.99291809180197,0.279698166261314,0.607753911979364,0.99988016650531
"ENSG00000266944",-0.242461658199418,2.34565271704571,0.279695626227925,0.607756777481283,0.99988016650531
"ENSG00000172671",0.208761571014166,2.58038736394276,0.27964000414841,0.607791042206027,0.99988016650531
"ENSG00000124098",0.165313826509392,3.43189533219853,0.279501117176635,0.60787845787995,0.99988016650531
"ENSG00000123268",0.119425337880965,3.65697887849337,0.279464737162647,0.607901415541768,0.99988016650531
"ENSG00000267439",-0.351162507872475,0.255674321602047,0.279426511719749,0.60800431417087,0.99988016650531
"ENSG00000172269",0.142091981001287,4.85381885508308,0.279254149627917,0.608034742660798,0.99988016650531
"ENSG00000185800",-0.292034774589488,0.460024885768532,0.279278666546792,0.608058634442695,0.99988016650531
"ENSG00000189143",0.240828055692691,1.76122310654584,0.279185859578575,0.608081243182564,0.99988016650531
"ENSG00000111321",-0.107411923760944,5.21342782787753,0.279129235135591,0.608113862656438,0.99988016650531
"ENSG00000224914",-0.138928486530425,2.9646792254485,0.278886384882007,0.608268696531036,0.99988016650531
"ENSG00000261419",0.25688416161035,1.94518935138556,0.2787679940792,0.60834582649062,0.99988016650531
"ENSG00000307083",-0.278380364048633,0.766867450840734,0.27849370681397,0.608538660792396,0.99988016650531
"ENSG00000174151",-0.163163075001882,2.36363018876032,0.278334198966111,0.608620141158938,0.99988016650531
"ENSG00000260000",-0.255341073879805,0.915805003297177,0.278265908153876,0.608684138957401,0.99988016650531
"ENSG00000050165",0.212208175104598,1.64288175814648,0.278163346930116,0.608731167309452,0.99988016650531
"ENSG00000296968",-0.209155643283595,1.72297326720169,0.278121873295927,0.608757623694059,0.99988016650531
"ENSG00000147679",-0.0962893663509342,5.99120087257132,0.278095127068069,0.608770684537598,0.99988016650531
"ENSG00000278727",0.29716637330897,0.572711202446722,0.278041573486019,0.608828744374004,0.99988016650531
"ENSG00000143889",0.0805283054170379,5.07286364995457,0.277959896915826,0.608856709922205,0.99988016650531
"ENSG00000249348",0.23853221541434,2.90484765393849,0.277944054096116,0.608867473672908,0.99988016650531
"ENSG00000090861",0.0828955950489341,5.61042598419346,0.27794267370973,0.6088676556835,0.99988016650531
"ENSG00000293228",-0.346029020722711,0.343110419543554,0.278026202485012,0.608869861238436,0.99988016650531
"ENSG00000074696",0.0985886338857825,5.7520037168703,0.277752436127622,0.608988702191211,0.99988016650531
"ENSG00000295844",0.339851441788284,0.191526110895564,0.277654688591709,0.609112171417379,0.99988016650531
"ENSG00000163349",0.0869927896760358,5.80999649767576,0.277510683636433,0.609142606757404,0.99988016650531
"ENSG00000048828",-0.0796888494532269,7.54981784773799,0.277298172372244,0.609277960413544,0.99988016650531
"ENSG00000082641",-0.09603965047418,5.72231171082029,0.277236073562946,0.609317535472108,0.99988016650531
"ENSG00000133104",-0.0800210249384538,5.55791400371107,0.277212250323166,0.609332719966641,0.99988016650531
"ENSG00000143633",-0.0798878033272301,5.52120688094001,0.277101834335567,0.609403091115825,0.99988016650531
"ENSG00000114770",0.210432422748534,2.98244708623618,0.27710276749412,0.60940311755933,0.99988016650531
"ENSG00000304068",-0.269896455564382,1.12948484691542,0.27707556501481,0.609427793595158,0.99988016650531
"ENSG00000227945",0.42269940873472,0.287462821271633,0.277116069293662,0.609465248640397,0.99988016650531
"ENSG00000131196",-0.0943678139434671,4.41254015230418,0.276999086627868,0.609468752560458,0.99988016650531
"ENSG00000237522",0.398747360487204,0.182945772590465,0.277035702286164,0.60952317608233,0.99988016650531
"ENSG00000219410",-0.245483010130675,1.17119022714039,0.276857661052905,0.609567273956557,0.99988016650531
"ENSG00000173898",0.288381289137887,0.608578149907976,0.276817136296646,0.609615308753669,0.99988016650531
"ENSG00000169744",0.263330373885356,1.92155062541379,0.276742807135008,0.609634679665666,0.99988016650531
"ENSG00000103227",-0.108302479961428,3.93778520509703,0.276667155897103,0.609680529693712,0.99988016650531
"ENSG00000264668",-0.211224878853813,1.74074684825945,0.276471730013301,0.609808443492019,0.99988016650531
"ENSG00000116754",-0.083430188401366,7.82916581665337,0.276310056842293,0.609908233730103,0.99988016650531
"ENSG00000146072",0.141742533666001,4.04672555568796,0.276255019666924,0.609943622572948,0.99988016650531
"ENSG00000186523",0.286952552344621,0.321077064440442,0.27630872937678,0.609964063858675,0.99988016650531
"ENSG00000100813",-0.0890908263563116,7.39835402198283,0.276177046752761,0.609993186519806,0.99988016650531
"ENSG00000150401",-0.13255302961074,3.70462932906631,0.276087119057719,0.610050954812397,0.99988016650531
"ENSG00000090686",0.077656183616077,6.00628031372464,0.276020087880894,0.61009347399843,0.99988016650531
"ENSG00000197580",-0.324271494643954,0.617653853675321,0.275987226774342,0.610150485088031,0.99988016650531
"ENSG00000122406",0.0988858221704186,10.6842153558359,0.275757619747283,0.610261243658938,0.99988016650531
"ENSG00000099260",0.378351102211429,0.394727728255899,0.275749625511568,0.610316122275573,0.99988016650531
"ENSG00000120675",-0.0846060241744757,6.15672893496826,0.275580770518513,0.610374352894299,0.99988016650531
"ENSG00000296922",0.308248776087658,0.686928146516045,0.275468117802393,0.610467338302759,0.99988016650531
"ENSG00000216588",-0.319799792229434,0.337250557240365,0.275511087462297,0.610470260416305,0.99988016650531
"ENSG00000023839",0.33681702218192,0.648355331309087,0.275409621597612,0.610504430495565,0.99988016650531
"ENSG00000310526",-0.121972899478814,3.59299340696275,0.275335637701219,0.610531551324856,0.99988016650531
"ENSG00000175634",-0.0989977747788192,4.92768650184231,0.275049104619703,0.610714796641545,0.99988016650531
"ENSG00000163328",0.166794104630154,2.25474280654595,0.275049392925866,0.610715964244849,0.99988016650531
"ENSG00000177981",-0.105437045118269,3.96219129900294,0.275003651070907,0.610744042091815,0.99988016650531
"ENSG00000267270",-0.18691590500528,2.0682611700571,0.275003442135341,0.610746169624991,0.99988016650531
"ENSG00000115484",0.0786226288894764,8.26889045201094,0.274981314820967,0.610758081195874,0.99988016650531
"ENSG00000259719",0.498462112965632,0.421796562932006,0.275065359128567,0.610767277530703,0.99988016650531
"ENSG00000058063",-0.0831336130641547,5.91462625577405,0.274895920484856,0.610812795480401,0.99988016650531
"ENSG00000175166",-0.0749845379659252,6.24041733991646,0.274859290620127,0.610836263629453,0.99988016650531
"ENSG00000243964",0.190260906514413,1.93024368337655,0.274824738068672,0.610861311064067,0.99988016650531
"ENSG00000154864",0.165060822969044,3.84249486315428,0.274754513657861,0.610903670351612,0.99988016650531
"ENSG00000103056",0.485210280997701,0.145450612948465,0.274783083611135,0.610953219668126,0.99988016650531
"ENSG00000258101",0.329530942454982,0.452717933329863,0.274718757654143,0.610964710763136,0.99988016650531
"ENSG00000159082",-0.114870949442239,3.63136822386827,0.274620456106558,0.610989663190807,0.99988016650531
"ENSG00000110700",0.105153952999093,10.3015859719982,0.274593218980288,0.611006803485377,0.99988016650531
"ENSG00000300477",0.351960881215129,0.39073807093727,0.274663788829291,0.611037892813597,0.99988016650531
"ENSG00000125834",0.125009864948444,3.36637201658307,0.274492266978149,0.611071952657378,0.99988016650531
"ENSG00000228606",0.367274484992972,0.672816781359766,0.274361879193789,0.611177767018186,0.99988016650531
"ENSG00000133392",-0.166805778020495,2.36761831616042,0.27404955206181,0.61135695130658,0.99988016650531
"ENSG00000136153",-0.142620841745262,2.93790604342839,0.273970719480535,0.611407007757603,0.99988016650531
"ENSG00000120498",0.372188828994917,0.170767865392152,0.273899156110644,0.611542104170202,0.99988016650531
"ENSG00000108984",0.251104476049367,2.1275834188938,0.273706524414545,0.611579219191261,0.99988016650531
"ENSG00000224855",0.314369827113331,0.198157068594006,0.273431533737706,0.61162807206758,0.99988016650531
"ENSG00000290948",0.341322528054047,0.106979315493007,0.273714892501113,0.611642243255888,0.99988016650531
"ENSG00000168778",-0.194436732437192,1.62308556851518,0.273558535569837,0.611676319193083,0.99988016650531
"ENSG00000214087",0.117418374252528,3.9927855489015,0.273502179986958,0.61170751327732,0.99988016650531
"ENSG00000143393",-0.0884249677572638,6.54236928187844,0.273373845514168,0.611789758676379,0.99988016650531
"ENSG00000178951",-0.07505579225186,7.5418834697623,0.273345860075351,0.611807752355443,0.99988016650531
"ENSG00000164484",0.206127802773464,1.56333981029337,0.273341530666534,0.611814026677767,0.99988016650531
"ENSG00000180096",0.210457573793217,1.7090547394516,0.273178767425525,0.61191878168058,0.99988016650531
"ENSG00000110104",0.133376995645049,4.51499988972694,0.273081894409159,0.611977718297778,0.99988016650531
"ENSG00000089916",0.0879226489114794,6.50869433352696,0.272962145961433,0.612054617893886,0.99988016650531
"ENSG00000257524",0.391070500659304,0.038874928911843,0.273096920873049,0.612058027478908,0.99988016650531
"ENSG00000136856",0.147405788591856,2.89743074425027,0.272612707594306,0.612280460185517,0.99988016650531
"ENSG00000105202",0.0803430331110782,7.06711138289395,0.272504458744585,0.612349363897237,0.99988016650531
"ENSG00000104147",0.162588601047054,3.01697015118025,0.272428303942222,0.612399172710651,0.99988016650531
"ENSG00000136159",-0.108126742850448,4.46356807778974,0.272384097336235,0.612427101400607,0.99988016650531
"ENSG00000205482",0.350510670493722,1.32691532169825,0.272355112486348,0.612452948109667,0.99988016650531
"ENSG00000104976",0.13482067206789,3.87347433930574,0.272296221478399,0.612483850838304,0.99988016650531
"ENSG00000185024",0.100619758184282,4.39997481748267,0.272255145917674,0.612510233152528,0.99988016650531
"ENSG00000182473",-0.0812904020833621,5.28885492528391,0.272200482437265,0.612545313481369,0.99988016650531
"ENSG00000241973",0.091303494772408,5.6689247904749,0.272175556399413,0.612561379670583,0.99988016650531
"ENSG00000103021",0.301575467735646,0.930753833614737,0.272180963054938,0.612569025505264,0.99988016650531
"ENSG00000100219",-0.11595761235567,6.77123143922616,0.272080032755703,0.612622977441213,0.99988016650531
"ENSG00000134775",0.291504081135988,0.525531539482993,0.272124725272643,0.612638365128042,0.99988016650531
"ENSG00000164674",0.122724618640777,3.38497718669919,0.272056507059379,0.612638539619668,0.99988016650531
"ENSG00000125459",-0.088430196900421,4.80437418278844,0.271835198598928,0.612781076041959,0.99988016650531
"ENSG00000136271",-0.102568472468722,5.32144500078066,0.271623571803194,0.612917564773312,0.99988016650531
"ENSG00000142303",0.364090179255305,0.925397604563148,0.271627180718903,0.612924410058592,0.99988016650531
"ENSG00000113269",-0.0743698392016384,7.74451755869203,0.271527925571784,0.612979312786432,0.99988016650531
"ENSG00000072571",-0.0932944622008051,4.50958482074141,0.271511307477208,0.612990217092611,0.99988016650531
"ENSG00000291137",-0.107209784014516,3.91794149382515,0.271467763817213,0.613018440917976,0.99988016650531
"ENSG00000160752",0.0809460087549102,7.44999473751966,0.271342158541514,0.613099314543082,0.99988016650531
"ENSG00000067048",-0.108847033646233,5.9783623500554,0.271325646609217,0.613109988767704,0.99988016650531
"ENSG00000132300",-0.0909391846523848,5.73260486466102,0.27125765856654,0.613153925426699,0.99988016650531
"ENSG00000175906",0.200966790107482,2.84934572863965,0.271110349340066,0.613249872646698,0.99988016650531
"ENSG00000105447",-0.12057922885437,4.47785426622156,0.271101878265632,0.613254781829342,0.99988016650531
"ENSG00000093000",0.0818860212956053,6.07550745691447,0.270978007438032,0.613334706677982,0.99988016650531
"ENSG00000172318",0.457261715648749,0.0912225024420431,0.270995971958428,0.613392743629408,0.99988016650531
"ENSG00000109705",-0.21310606182214,2.05622411350107,0.27079892346621,0.613453290753004,0.99988016650531
"ENSG00000299346",0.323794888510811,0.281579539730931,0.270901903660359,0.613469016831229,0.99988016650531
"ENSG00000174238",-0.084387939639096,5.57119919337667,0.270740286216727,0.613488484388314,0.99988016650531
"ENSG00000186594",-0.162687520292306,2.69268873317391,0.2707095948175,0.613509157838936,0.99988016650531
"ENSG00000171314",-0.0786908040343358,6.59762156022076,0.270669556632008,0.613534246228601,0.99988016650531
"ENSG00000170632",-0.0863685743079663,5.17210951540888,0.270571654447612,0.613597629457018,0.99988016650531
"ENSG00000122786",0.313178748640708,2.837977685043,0.270509403622899,0.613638704518287,0.99988016650531
"ENSG00000290089",0.141088111376921,3.06057822976902,0.270467584104404,0.613665571434775,0.99988016650531
"ENSG00000102038",-0.261418363577113,1.45913831102546,0.270221959200554,0.613829605266257,0.99988016650531
"ENSG00000236871",-0.11881738107089,4.12938443487047,0.270125349107939,0.613886876985305,0.99988016650531
"ENSG00000292341",-0.11881738107089,4.12938443487047,0.270125349107939,0.613886876985305,0.99988016650531
"ENSG00000309916",-0.241777217684604,1.17575543540881,0.270089035774475,0.613919507080193,0.99988016650531
"ENSG00000296618",-0.197686396832335,2.12402860120191,0.269990581805506,0.613976511022697,0.99988016650531
"ENSG00000101181",-0.0845296475706387,4.95067542067616,0.269976246523573,0.613983380394407,0.99988016650531
"ENSG00000226465",-0.217310360935919,1.61947371987117,0.269776034193784,0.61411725777234,0.99988016650531
"ENSG00000310110",0.227924778450323,1.02276849286777,0.26976952112536,0.614130985958813,0.99988016650531
"ENSG00000065809",0.0828099213654799,6.64507222815584,0.269693895346657,0.614166384851517,0.99988016650531
"ENSG00000293109",-0.263686610310013,2.26621438279361,0.269648805406973,0.614197962561107,0.99988016650531
"ENSG00000145491",-0.339085322566066,0.142542293894881,0.269700872085387,0.614251506783788,0.99988016650531
"ENSG00000289223",-0.362565234263924,0.328887987225186,0.269507320901751,0.614350834795161,0.99988016650531
"ENSG00000303264",0.281325577869491,1.41122305265451,0.269401506037446,0.614360443729418,0.99988016650531
"ENSG00000270170",-0.117043535489453,4.61214256238007,0.269391031139253,0.614363075042828,0.99988016650531
"ENSG00000166823",0.326244776580393,0.96183263466775,0.269381492164107,0.6143859169195,0.99988016650531
"ENSG00000127804",0.0985419513777421,5.00984765635638,0.26935550560628,0.614386057422125,0.99988016650531
"ENSG00000306812",0.399161390436092,2.83547195996914,0.269323775782326,0.614407928090165,0.99988016650531
"ENSG00000114744",-0.0919701054245495,4.74893181450528,0.269269125405484,0.614442206169922,0.99988016650531
"ENSG00000197771",0.0887086571490888,6.51294731736529,0.269231743731021,0.614466330956288,0.99988016650531
"ENSG00000269439",0.170735077398922,3.37179742154248,0.269194746727187,0.614490816450586,0.99988016650531
"ENSG00000240038",-0.213587720902003,1.67136887996137,0.269113937860484,0.614546768213962,0.99988016650531
"ENSG00000273143",-0.254713842720712,0.938795007196392,0.269100740608202,0.61456226863226,0.99988016650531
"ENSG00000164938",0.182780456131377,1.7118250429497,0.269077246196271,0.614570023899489,0.99988016650531
"ENSG00000261211",-0.404683404028527,0.0849484939139139,0.269007389837546,0.614678916057589,0.99988016650531
"ENSG00000015568",0.121492192813154,3.2787008865158,0.26882721591375,0.614729603516482,0.99988016650531
"ENSG00000083635",0.0996093462204128,4.14485159749837,0.268698567044917,0.614812992839832,0.99988016650531
"ENSG00000153162",-0.201621156825955,2.03148910609277,0.268684779040696,0.614824063670704,0.99988016650531
"ENSG00000164828",-0.144453727357906,3.08141942552058,0.268666240466778,0.614834390304581,0.99988016650531
"ENSG00000287925",-0.176252528564798,2.13376091804292,0.26866435222556,0.61483688821345,0.99988016650531
"ENSG00000258725",-0.237957833365634,1.40493326720512,0.268611593102124,0.614875110780082,0.99988016650531
"ENSG00000101193",-0.0868788628405542,5.64623867291109,0.268502575380447,0.614940257971355,0.99988016650531
"ENSG00000143420",-0.0868932613342371,7.51326263768468,0.268490559995941,0.614948064865971,0.99988016650531
"ENSG00000257883",-0.0854821570858505,6.85294842687527,0.268406158476213,0.615002977304187,0.99988016650531
"ENSG00000168256",-0.07870930858707,5.77445538517409,0.268139189734875,0.61517674627147,0.99988016650531
"ENSG00000055732",0.126720955309649,3.35237209834906,0.268129960061753,0.61518319010803,0.99988016650531
"ENSG00000121289",0.116997062323824,3.44497769431296,0.268073119981757,0.615220180810604,0.99988016650531
"ENSG00000167468",-0.108782236650431,8.28621610395917,0.267960019301514,0.615293417470128,0.99988016650531
"ENSG00000294248",0.361261721548975,0.680855035629907,0.267926871983023,0.615339041088926,0.99988016650531
"ENSG00000196187",0.0900924830997112,4.67465280198451,0.267824875466916,0.615381613059099,0.99988016650531
"ENSG00000248710",0.170793875141298,2.68738796692061,0.267793250803106,0.615403036922477,0.99988016650531
"ENSG00000297781",-0.230772693888973,1.86076443301882,0.267731823420456,0.615444700212979,0.99988016650531
"ENSG00000237638",0.209526656253782,2.72839759071684,0.267596827667642,0.61553101002796,0.99988016650531
"ENSG00000204172",-0.170610391164876,2.52001192515626,0.267539426299429,0.615568628721051,0.99988016650531
"ENSG00000184900",-0.0872033340646904,7.52811038352294,0.267523557821548,0.61557786039702,0.99988016650531
"ENSG00000167130",-0.123012125023668,3.46463735852203,0.267415490357906,0.615648740852879,0.99988016650531
"ENSG00000204767",0.296823600365859,2.20616292415133,0.267398384124341,0.615661656962262,0.99988016650531
"ENSG00000290858",-0.101794682822733,9.27917968031993,0.267302716931075,0.615721895607842,0.99988016650531
"ENSG00000136875",0.0764455467038146,5.6115633729885,0.267277058039352,0.615738645303965,0.99988016650531
"ENSG00000235961",0.584033991018115,0.476428811016583,0.267341740238958,0.615763501470899,0.99988016650531
"ENSG00000227963",0.190137665978775,1.8767417401707,0.267220376511668,0.615778416318925,0.99988016650531
"ENSG00000236383",0.0821394000414338,6.50263353904756,0.267210961514252,0.615781764929229,0.99988016650531
"ENSG00000119421",-0.094886937697798,6.1798403727658,0.267189204379908,0.615795965152964,0.99988016650531
"ENSG00000198682",-0.110080732013461,4.98292421095056,0.267141223200636,0.615827307021741,0.99988016650531
"ENSG00000277199",-0.125277649755052,3.50812266585642,0.267120310312676,0.615841285127663,0.99988016650531
"ENSG00000007923",0.0892435668458404,5.72933660230879,0.266706821633463,0.616110938051795,0.99988016650531
"ENSG00000290073",0.141751049043621,2.77347364169383,0.266679004028179,0.616129985000027,0.99988016650531
"ENSG00000206190",0.109818515523406,6.22101818755117,0.266657282955484,0.616143300642912,0.99988016650531
"ENSG00000011465",-0.196284718633437,3.84707873102987,0.266590235498345,0.616187356247574,0.99988016650531
"ENSG00000115423",-0.212769653561037,1.55785952643051,0.266550991025456,0.616217916344124,0.99988016650531
"ENSG00000162086",-0.0788159704836737,5.08499371248149,0.266523011730275,0.616231064736734,0.99988016650531
"ENSG00000182359",0.199207315129261,2.07520499622068,0.26651453605653,0.61623861629183,0.99988016650531
"ENSG00000125652",0.0768504052228916,5.27503015024988,0.266390425672477,0.616317736231918,0.99988016650531
"ENSG00000082212",0.0754075170475853,5.84524030411816,0.266388141478658,0.61631921884143,0.99988016650531
"ENSG00000120370",-0.120244958698323,4.02471077688573,0.266214170771949,0.616433195619015,0.99988016650531
"ENSG00000148337",0.0842271098523513,5.32821488270609,0.266176492528701,0.616457644719714,0.99988016650531
"ENSG00000253833",-0.272057356683298,0.830306623707355,0.266095617787808,0.616530138984565,0.99988016650531
"ENSG00000149657",0.12841902856069,4.11879691185619,0.266033115826514,0.616551669032659,0.99988016650531
"ENSG00000134186",0.0768982561956131,7.43176537449152,0.2659343363033,0.616616084582759,0.99988016650531
"ENSG00000204444",-0.30194369002013,1.0025892702114,0.265877792469289,0.616671040490755,0.99988016650531
"ENSG00000164176",0.243997729704832,1.30274139001794,0.265754752628783,0.616739999278354,0.99988016650531
"ENSG00000105643",-0.0950173027605498,4.3043463808315,0.265542241174479,0.616873026893552,0.99988016650531
"ENSG00000188649",-0.242723338283115,1.02408052574326,0.265540015964601,0.61688629883591,0.99988016650531
"ENSG00000223522",0.294011928160306,0.602471335008712,0.265503081902972,0.616946607532067,0.99988016650531
"ENSG00000139835",0.502972540661023,0.25059343145373,0.265440311981167,0.617000619399174,0.99988016650531
"ENSG00000253926",0.560183403244341,0.355385175522617,0.265374692626777,0.617039589697367,0.99988016650531
"ENSG00000260778",-0.320443189372308,0.352803471648838,0.26537877320943,0.61707008582622,0.99988016650531
"ENSG00000110274",0.0799421346434247,5.31928141334702,0.265195934092072,0.617099846845418,0.99988016650531
"ENSG00000295968",1.09803418445544,-0.548860437373881,0.263155160430484,0.61712073088929,0.99988016650531
"ENSG00000065320",0.205825287801753,3.35927817860039,0.265100079522956,0.617163069974757,0.99988016650531
"ENSG00000286121",0.256919775496135,1.40821096171584,0.264564935863758,0.617518680026474,0.99988016650531
"ENSG00000261600",0.289458968814595,0.34716539283017,0.264600162662633,0.617527683389573,0.99988016650531
"ENSG00000084234",0.0724211979494689,7.53205543976193,0.26441874120172,0.617609926112136,0.99988016650531
"ENSG00000181610",0.0849741590205606,5.53225482854805,0.264225043077378,0.617737217212316,0.99988016650531
"ENSG00000071909",0.135179019533346,2.96001233008156,0.264139002885156,0.617794366495961,0.99988016650531
"ENSG00000292360",-0.149560253181044,2.93499673083733,0.263987063910287,0.617894358282561,0.99988016650531
"ENSG00000158161",-0.107441155020889,7.59781929919181,0.263880200167875,0.617963950248763,0.99988016650531
"ENSG00000125534",0.114614363366961,7.1816677972333,0.263859661430169,0.617977461884809,0.99988016650531
"ENSG00000198492",-0.0744846280159695,7.40545604317701,0.263822847342057,0.61800168022423,0.99988016650531
"ENSG00000155307",-0.0781333661647076,7.64033769085813,0.263754914759487,0.618046376280959,0.99988016650531
"ENSG00000115694",-0.0825805382504173,6.0040941923318,0.263589978986151,0.618154932443357,0.99988016650531
"ENSG00000291181",-0.222090643394491,1.5128477165241,0.263547469089296,0.618187412963122,0.99988016650531
"ENSG00000164161",-0.251597027675953,0.594490225992629,0.263424004554317,0.618294479169237,0.99988016650531
"ENSG00000294152",0.382372832003952,0.186277549833746,0.263462495413414,0.618298796672278,0.99988016650531
"ENSG00000166529",-0.185326583451723,2.44872602018976,0.263353493398762,0.618311893324659,0.99988016650531
"ENSG00000009724",0.220278472798686,1.6200423100823,0.263335589186768,0.61832728711623,0.99988016650531
"ENSG00000169397",-0.406163933783281,0.750189497421755,0.263404880115108,0.618358349820111,0.99988016650531
"ENSG00000143157",-0.0926142240396579,5.39668564224067,0.263238521592167,0.618386393038593,0.99988016650531
"ENSG00000077463",0.096145439616833,4.99912727777432,0.263190273041569,0.618418240696954,0.99988016650531
"ENSG00000089053",0.0848517661573059,6.2747107819286,0.263189665676121,0.61841857339513,0.99988016650531
"ENSG00000164300",-0.13651150450855,5.98571681128182,0.263185703373265,0.618421185304947,0.99988016650531
"ENSG00000081154",-0.0745573368553599,6.6622349169845,0.262990975616542,0.618549522196394,0.99988016650531
"ENSG00000128000",0.0947643791755954,4.59947420572344,0.262928654605399,0.618590760607875,0.99988016650531
"ENSG00000124275",0.0850772792413656,4.78875867218115,0.26289056874013,0.618615855413846,0.99988016650531
"ENSG00000288714",0.286113141438954,0.785212174048074,0.262879261254308,0.618637222774729,0.99988016650531
"ENSG00000137962",0.337099266742219,1.61421055522883,0.262763318727395,0.618705907854016,0.99988016650531
"ENSG00000147044",-0.134762445991693,3.65274740317374,0.26274383297829,0.618712823783309,0.99988016650531
"ENSG00000150337",-0.134102859410144,5.6997333073484,0.26274252576184,0.61871336407145,0.99988016650531
"ENSG00000279047",0.33866240833146,0.164875739009406,0.262681742043409,0.618834999062277,0.99988016650531
"ENSG00000071655",-0.091400141875357,5.30570108075548,0.2625417982318,0.618845810549097,0.99988016650531
"ENSG00000129968",0.121885257672737,5.50986880274895,0.262421987575949,0.618924886695452,0.99988016650531
"ENSG00000155729",0.112394049362905,3.60335760050629,0.262309376135893,0.618999560776554,0.99988016650531
"ENSG00000110218",-0.125286896613783,3.88870159032674,0.262225584679346,0.619054788948201,0.99988016650531
"ENSG00000166228",-0.101893288287006,5.37200765545443,0.262187531005833,0.619079709763655,0.99988016650531
"ENSG00000150540",-0.0814106947982296,6.56116550147365,0.262172753368801,0.619089457360674,0.99988016650531
"ENSG00000271913",-0.139681425015935,3.0457680995215,0.262173109869284,0.619089836894273,0.99988016650531
"ENSG00000288886",-0.238082532202323,1.41523364393375,0.262165500391358,0.61909936606837,0.99988016650531
"ENSG00000251192",-0.231070357125698,1.23729708337053,0.262058046212312,0.619172924051074,0.99988016650531
"ENSG00000103047",0.0826345953971271,5.68133661356409,0.261971324604919,0.619222549722237,0.99988016650531
"ENSG00000067225",-0.0957254032234378,9.37980498340316,0.261943616224476,0.619240853052529,0.99988016650531
"ENSG00000196199",-0.0753711615715905,6.2771549558492,0.261486513787881,0.619543132339061,0.99988016650531
"ENSG00000139372",-0.101007915134844,5.65716585948888,0.261421481426936,0.619586170070938,0.99988016650531
"ENSG00000168685",-0.185815134440728,6.2257353661151,0.261344467879724,0.619637133728931,0.99988016650531
"ENSG00000068120",0.0845304213693623,4.64627858033235,0.261337146600153,0.619642135183668,0.99988016650531
"ENSG00000112599",0.274073315174852,0.93814593813541,0.261341603273968,0.619652732181618,0.99988016650531
"ENSG00000006125",0.0776558709012242,5.72890046523071,0.261314710303402,0.619656835070892,0.99988016650531
"ENSG00000304841",-0.274581822504701,1.02611558937064,0.261155718628443,0.619773488866769,0.99988016650531
"ENSG00000065154",-0.0823092741581455,6.26804084988977,0.261119379482674,0.619786157537704,0.99988016650531
"ENSG00000164815",0.096811080796227,5.09649495262136,0.261006942846426,0.619860696101157,0.99988016650531
"ENSG00000291140",0.278054296948778,0.766835801400716,0.260874289191506,0.619964107384113,0.99988016650531
"ENSG00000259088",0.229260227041321,2.19567450712898,0.260844070769091,0.619970585444623,0.99988016650531
"ENSG00000167548",-0.11398291402475,3.33850861053886,0.260789039627416,0.620005449083998,0.99988016650531
"ENSG00000293855",-0.265414187688746,0.859014198641016,0.260767868232307,0.620046896670844,0.99988016650531
"ENSG00000121900",0.26140144412203,3.85424059767337,0.260621621521468,0.620116249841516,0.99988016650531
"ENSG00000111711",-0.0927055586169254,5.1686606043612,0.26055570148974,0.620159725623588,0.99988016650531
"ENSG00000152683",0.0970479690603755,4.54198088123059,0.260549755281394,0.620163811377486,0.99988016650531
"ENSG00000185651",-0.0791754894491345,7.35628346120468,0.26044014875864,0.620236349734095,0.99988016650531
"ENSG00000304360",-0.226623543539801,2.27500536339129,0.260363664512729,0.620288627051095,0.99988016650531
"ENSG00000062725",-0.0965274745142671,5.53844881168895,0.260330808231274,0.62030890085138,0.99988016650531
"ENSG00000250571",0.161124542357967,3.33641082940752,0.260234742825751,0.620373145083493,0.99988016650531
"ENSG00000240898",0.330224244034081,0.0986250931369161,0.260278385498706,0.620419442119413,0.99988016650531
"ENSG00000225689",-0.209593572314807,2.23768382031288,0.260143500876294,0.620434732365144,0.99988016650531
"ENSG00000107643",-0.0937491846480297,5.70784769011659,0.260141194237057,0.620434742610036,0.99988016650531
"ENSG00000054267",-0.0852625707615654,7.86507802859081,0.26012907738124,0.620442778319432,0.99988016650531
"ENSG00000172007",-0.18281414087546,1.57500080461405,0.259970052994115,0.62055277102438,0.99988016650531
"ENSG00000173153",-0.0798868228621885,5.77450150485974,0.259631681364922,0.620773189357562,0.99988016650531
"ENSG00000134308",0.0746467844617662,6.4916602186513,0.259546930932936,0.620829521552398,0.99988016650531
"ENSG00000169727",0.0992435032564767,5.08698486968106,0.259437023949535,0.620902666208393,0.99988016650531
"ENSG00000185946",-0.117519673967605,5.14938773370242,0.259431806630417,0.62090608458906,0.99988016650531
"ENSG00000163286",-0.237889731244672,6.60273426832391,0.259415783131221,0.620916723444338,0.99988016650531
"ENSG00000002834",0.106620401268214,6.89843714764133,0.259274481462864,0.621010708072976,0.99988016650531
"ENSG00000129562",-0.124189243144277,7.16829288149457,0.25923015980206,0.621040194628618,0.99988016650531
"ENSG00000160213",-0.104464338085427,9.70624027429837,0.259158337156102,0.621087983429571,0.99988016650531
"ENSG00000249839",0.351538251552841,0.193285675613934,0.259177052103888,0.621135765707204,0.99988016650531
"ENSG00000229117",-0.104084504612721,9.7274599046935,0.259066158667704,0.621149330322125,0.99988016650531
"ENSG00000146833",-0.0893066564869484,5.07727698016224,0.258992611831312,0.621198308139434,0.99988016650531
"ENSG00000220842",-0.0957230082432589,7.72198944019593,0.258936972649184,0.621235330614753,0.99988016650531
"ENSG00000091656",-0.415474970822587,0.0467318770139524,0.259002729328387,0.621277976347451,0.99988016650531
"ENSG00000301334",-0.192662167494554,1.68654082033551,0.258863682870053,0.621287902600546,0.99988016650531
"ENSG00000087338",-0.0788677743507121,5.18015216127766,0.258657188299541,0.621421718238271,0.99988016650531
"ENSG00000108523",0.149908310093851,4.96230015576574,0.258644125480872,0.621430506243242,0.99988016650531
"ENSG00000206527",-0.141764899530581,5.01809358907426,0.258641061088913,0.621432443306321,0.99988016650531
"ENSG00000185591",-0.0808163842681204,5.73101446534614,0.258573152701122,0.621477682511032,0.99988016650531
"ENSG00000294866",-0.184222534572973,4.32491064160357,0.258435025503944,0.621569907369942,0.99988016650531
"ENSG00000011638",-0.173411294308507,3.7201003321254,0.258396054353066,0.621596041583784,0.99988016650531
"ENSG00000141698",0.152550134376856,4.2101894412928,0.258384931073245,0.621603349442174,0.99988016650531
"ENSG00000275532",0.253218070542342,1.30213598475646,0.258374441060899,0.621616004868981,0.99988016650531
"ENSG00000298748",0.205926041819393,2.7896081783285,0.25823597479931,0.621703651742046,0.99988016650531
"ENSG00000287016",0.400040710863751,0.276477713897398,0.258307733161027,0.621724045950741,0.99988016650531
"ENSG00000240476",0.341469640553214,0.923116771220976,0.258190001407025,0.621749548413732,0.99988016650531
"ENSG00000123360",-0.131160704309301,3.53022573611714,0.257955788825057,0.621889747733299,0.99988016650531
"ENSG00000177731",-0.0862444469068847,5.0993229760404,0.25786905541184,0.621947340349043,0.99988016650531
"ENSG00000130725",0.0894606289804822,6.7241984384822,0.257841541388638,0.621965668352019,0.99988016650531
"ENSG00000100104",-0.11260071255268,3.67158968028515,0.257835175362951,0.62197026386597,0.99988016650531
"ENSG00000299654",0.127095258152009,3.07277057984737,0.257762412772235,0.622019112806015,0.99988016650531
"ENSG00000161036",0.196683385654644,2.86900314999957,0.257752571719643,0.622025854680365,0.99988016650531
"ENSG00000158201",0.0875548746979138,6.17685563383816,0.257722219199511,0.622045343250524,0.99988016650531
"ENSG00000065000",-0.0884937935648773,7.31684668206197,0.257662979436652,0.622084903771942,0.99988016650531
"ENSG00000111678",0.176997812768568,5.23836181002,0.257660119451596,0.622086858633815,0.99988016650531
"ENSG00000288983",0.324993183616918,0.697768506109463,0.257603141903558,0.622145526653365,0.99988016650531
"ENSG00000283580",0.134056019598365,3.03813585176999,0.2575658721658,0.622150336359841,0.99988016650531
"ENSG00000196878",0.189090556605679,2.67214081673385,0.257542389295224,0.622166331696507,0.99988016650531
"ENSG00000105438",-0.0941060132090993,7.31700461435756,0.257527256374902,0.622175569649167,0.99988016650531
"ENSG00000107882",-0.0875121043469672,5.32398720524592,0.257360556572685,0.622286982800726,0.99988016650531
"ENSG00000100852",0.435954794970912,0.97444814452934,0.257369532165316,0.622302832486932,0.99988016650531
"ENSG00000163632",0.351968599286981,0.293904953995094,0.257366152615161,0.622332328440538,0.99988016650531
"ENSG00000112695",-0.104622723231118,8.9089640272889,0.257072728337749,0.622479424993171,0.99988016650531
"ENSG00000286782",0.187195487280653,2.36109560375329,0.256925612897765,0.622579080970048,0.99988016650531
"ENSG00000151690",-0.148386567045169,2.79845078005438,0.256904852340422,0.622592542297601,0.99988016650531
"ENSG00000070614",0.196764928892496,2.69021703011158,0.256898287408006,0.622597024587986,0.99988016650531
"ENSG00000198176",0.0780948815288686,6.70552682556893,0.256685832640235,0.622738340486447,0.99988016650531
"ENSG00000268756",-0.0834675100509887,7.57134132158198,0.25664804674615,0.622763638701029,0.99988016650531
"ENSG00000160633",0.0780408456694238,6.86168207695745,0.256637351261533,0.622770801395342,0.99988016650531
"ENSG00000119638",-0.0843371867601694,6.01760473208583,0.256571242760262,0.622815075733376,0.99988016650531
"ENSG00000108819",-0.0847178603317272,4.9629124252168,0.256540962926971,0.622835410298095,0.99988016650531
"ENSG00000126970",0.197144921108893,2.76140768856556,0.256512849878948,0.622855066207598,0.99988016650531
"ENSG00000285708",-0.284750939186726,1.21726963332502,0.256514685560718,0.622860566510432,0.99988016650531
"ENSG00000245832",0.225129653872433,2.04157684300575,0.256456352931739,0.622894498800205,0.99988016650531
"ENSG00000042753",0.107494696053294,7.05895598504082,0.256414820300605,0.622919851009088,0.99988016650531
"ENSG00000198856",-0.124408373541838,6.41461874690945,0.2563230751249,0.622981327326998,0.99988016650531
"ENSG00000125651",-0.0938637937301655,5.78660800756143,0.256319725897541,0.622983575779774,0.99988016650531
"ENSG00000087842",-0.0840035292311797,6.28917356841554,0.256276056046811,0.623012837957081,0.99988016650531
"ENSG00000272142",-0.298841888324176,0.563024343223668,0.256319142829863,0.623017257880662,0.99988016650531
"ENSG00000287621",0.164007487233009,2.26066290936047,0.256114218166019,0.623123043405464,0.99988016650531
"ENSG00000115884",-0.275760988176897,1.18085881365785,0.256027777301722,0.623187933360467,0.99988016650531
"ENSG00000057935",0.170664710808591,4.8783631830769,0.255822192303653,0.623317288728464,0.99988016650531
"ENSG00000171295",0.115292717307277,3.42117390256626,0.255691905953726,0.623405039654747,0.99988016650531
"ENSG00000310194",0.289109876089847,1.70755476298974,0.255686796384843,0.623411628223836,0.99988016650531
"ENSG00000267686",0.239589004227755,1.81692112105516,0.255645563505969,0.623439756837263,0.99988016650531
"ENSG00000122566",0.0826008808442991,9.48115096573852,0.255615603547349,0.623455840078855,0.99988016650531
"ENSG00000063601",0.134442837397624,3.83128374892144,0.25557480178988,0.623483500551938,0.99988016650531
"ENSG00000106333",0.370113975726727,0.917025076136788,0.255552000017652,0.623513616598469,0.99988016650531
"ENSG00000254027",-0.366238773420194,0.393406233446796,0.255527888571865,0.623570439068057,0.99988016650531
"ENSG00000118246",-0.0976386337291752,4.74834824429773,0.255362429997492,0.623626001651446,0.99988016650531
"ENSG00000172239",-0.0880771407237007,4.83752036277819,0.255197748952364,0.623736631397262,0.99988016650531
"ENSG00000280670",-0.347441253034193,0.578244936118429,0.255145403310355,0.623804118269032,0.99988016650531
"ENSG00000101138",-0.093996030107285,4.44837162194807,0.255025714908322,0.623852298459697,0.99988016650531
"ENSG00000294598",-0.0841191792589106,5.86762841033,0.255003824274524,0.623866856668997,0.99988016650531
"ENSG00000188725",-0.0761921786031071,5.89425374681381,0.2549369572537,0.623911816212321,0.99988016650531
"ENSG00000163754",-0.0825166721951928,4.99306960364934,0.254809231809535,0.623997808669074,0.99988016650531
"ENSG00000137834",-0.0880229510056577,4.49106967695286,0.254797533295732,0.624005742739738,0.99988016650531
"ENSG00000100348",-0.0741467036270463,6.4412178474339,0.254649427421327,0.624105230515799,0.99988016650531
"ENSG00000120306",-0.152098032537789,4.46298770946961,0.254356843145741,0.624302350721755,0.99988016650531
"ENSG00000110497",0.0870368737561427,5.85991504344787,0.254206111064333,0.624403720460813,0.99988016650531
"ENSG00000080822",-0.084954826896413,4.95275840848952,0.2540451787857,0.624512235230727,0.99988016650531
"ENSG00000290897",0.27246684470534,1.54913771209578,0.253952154129012,0.624579298807214,0.99988016650531
"ENSG00000163527",0.07488876793559,6.60445875778611,0.25394146181234,0.624582063731089,0.99988016650531
"ENSG00000200488",-0.249772287671187,1.94211134371408,0.253942859844165,0.62458334161302,0.99988016650531
"ENSG00000204120",0.0972341867969583,6.42127481373267,0.253810737072068,0.624670203230798,0.99988016650531
"ENSG00000198435",0.172526756786903,3.3257076695342,0.253772942927606,0.624696203235632,0.99988016650531
"ENSG00000185163",0.106284448423537,4.27268393174105,0.253690620551516,0.624751389917102,0.99988016650531
"ENSG00000307427",-0.304374939985631,0.145794702812555,0.253802494613565,0.624754422601058,0.99988016650531
"ENSG00000172336",0.0840882872546005,4.51196871793349,0.253476711245847,0.624895711889596,0.99988016650531
"ENSG00000307101",-0.218018710708591,1.25433655737563,0.253448471313944,0.62492183248941,0.99988016650531
"ENSG00000137473",0.214923138285921,1.69957486118417,0.253351741502453,0.624982686849769,0.99988016650531
"ENSG00000304890",0.293152385487789,0.38254961518973,0.253350171471098,0.625015880993971,0.99988016650531
"ENSG00000179344",-0.173918968790318,3.91818697926803,0.253194113653211,0.625086608930995,0.99988016650531
"ENSG00000176681",0.0975468814929101,3.89690675022306,0.253191847642779,0.62508810540617,0.99988016650531
"ENSG00000189042",-0.141436584954959,3.21870902210165,0.253127304524473,0.625131968729375,0.99988016650531
"ENSG00000136840",0.156388127071002,4.33607717388806,0.253036293114754,0.625193132251826,0.99988016650531
"ENSG00000301798",0.289706718165913,0.504038373844534,0.252708896514335,0.625452126787166,0.99988016650531
"ENSG00000076770",0.0870770090868623,4.70400660663487,0.252648924348523,0.625454939003611,0.99988016650531
"ENSG00000108349",-0.0817956402345069,5.53857695802811,0.252495930721228,0.625558306607286,0.99988016650531
"ENSG00000165732",-0.0892237600538736,7.81873474897943,0.25248336118942,0.625566800399512,0.99988016650531
"ENSG00000125510",-0.26473525413251,1.18062336395767,0.252483448322878,0.62557947221654,0.99988016650531
"ENSG00000197971",0.0896167331162865,8.08833743798873,0.252379697990643,0.625636947309747,0.99988016650531
"ENSG00000255968",0.33088250891249,1.31716526177721,0.252384786538883,0.625638436991084,0.99988016650531
"ENSG00000106628",0.0924574193955108,5.85223669290316,0.252344107770806,0.625661043391277,0.99988016650531
"ENSG00000119950",0.124336956545344,4.46724830407751,0.252254077872553,0.625722147811618,0.99988016650531
"ENSG00000266028",-0.0993432061977852,8.05225380816406,0.252157442008649,0.62578740572587,0.99988016650531
"ENSG00000267283",-0.251959845302371,0.563139740525449,0.252094471411526,0.62585995168481,0.99988016650531
"ENSG00000184661",0.124031543685977,4.41114944856308,0.25191690364567,0.62595051049625,0.99988016650531
"ENSG00000267317",0.186019708890764,2.25293931342614,0.251763990411382,0.62605566748487,0.99988016650531
"ENSG00000230186",-0.224011105976002,1.62662069754836,0.251613917821969,0.626159768560475,0.99988016650531
"ENSG00000124571",0.0766805664304312,5.66881329788399,0.251544410513341,0.626202848979978,0.99988016650531
"ENSG00000142512",0.295123201065038,2.23720373657846,0.251406046127346,0.626298146751684,0.99988016650531
"ENSG00000134463",-0.157578775003599,2.51887947461641,0.251328027378357,0.626350688960566,0.99988016650531
"ENSG00000131269",-0.0826290628447882,5.56211649066953,0.251262329089107,0.626394225261225,0.99988016650531
"ENSG00000288658",-0.181369819757698,3.53655262336097,0.251003227006588,0.626570433583956,0.99988016650531
"ENSG00000164169",-0.125263138445603,3.7749049211504,0.25098275303623,0.626584309086953,0.99988016650531
"ENSG00000113742",-0.130731457980502,5.1770879807696,0.250948241115869,0.626607480612832,0.99988016650531
"ENSG00000224101",-0.27864732779899,1.47723528964032,0.250919699968833,0.626637667538101,0.99988016650531
"ENSG00000135945",0.0910324416152506,5.38741861064728,0.250887873252528,0.626648483788751,0.99988016650531
"ENSG00000108861",-0.0790042143044644,6.83262952202669,0.250864811832862,0.626664138229601,0.99988016650531
"ENSG00000261504",-0.472718344136801,0.293456191615468,0.250926958476251,0.626674135912755,0.99988016650531
"ENSG00000189058",-0.474149593098812,-0.0480821550426985,0.250879111602463,0.626743772898426,0.99988016650531
"ENSG00000306083",-0.343341164513704,0.450982177783734,0.250693366359974,0.626810981079193,0.99988016650531
"ENSG00000145191",-0.0891519051483593,4.83164991524592,0.250645409400451,0.626813363810078,0.99988016650531
"ENSG00000225032",0.420045020663741,0.393067238816152,0.250701467500876,0.626823167675449,0.99988016650531
"ENSG00000239791",0.338636501320171,0.743978005948814,0.250528698333297,0.626914278018985,0.99988016650531
"ENSG00000261359",0.312281362807214,1.66382695709349,0.250489818986795,0.626923107270147,0.99988016650531
"ENSG00000225733",-0.0816082849016505,5.3084579151138,0.250483067852578,0.626923619043662,0.99988016650531
"ENSG00000134248",-0.101327476622671,7.13887363414478,0.250167205553721,0.627138482397742,0.99988016650531
"ENSG00000149972",-0.223428816005726,1.34755302209926,0.250118523875733,0.627177343666147,0.99988016650531
"ENSG00000169385",-0.138362633915636,6.68634778928109,0.250101904088326,0.62718293174175,0.99988016650531
"ENSG00000166169",0.144631629013704,3.35789098205374,0.2500883703248,0.627192540181548,0.99988016650531
"ENSG00000197712",-0.107708526065041,4.11360641470206,0.250043621206916,0.627222784751297,0.99988016650531
"ENSG00000275832",-0.228249405648476,1.63916698662708,0.250036074637326,0.627231851567419,0.99988016650531
"ENSG00000130779",0.0886280496232266,6.21962118044278,0.249935473907167,0.627296238693475,0.99988016650531
"ENSG00000176058",-0.138855375642766,3.62341491412441,0.249805914443845,0.627384854916605,0.99988016650531
"ENSG00000116288",0.0781885570893659,7.65744038615682,0.249802238526532,0.627386978938153,0.99988016650531
"ENSG00000105131",-0.304691797768635,0.0647387590090071,0.249919522655417,0.627397491376498,0.99988016650531
"ENSG00000247228",0.354975648797585,0.549336043211768,0.249807324908749,0.62741258276013,0.99988016650531
"ENSG00000300997",-0.323627441253782,0.196616079905732,0.249631015929094,0.62753837968554,0.99988016650531
"ENSG00000290555",0.132807249596871,3.98950067615473,0.249302534826157,0.627727814450988,0.99988016650531
"ENSG00000005810",-0.0994260612714542,7.76156167800543,0.249150424747268,0.627831355771506,0.99988016650531
"ENSG00000184584",0.153244322908177,5.85070718738416,0.249102836322726,0.627863837726183,0.99988016650531
"ENSG00000135272",-0.100729806794461,5.31689088799097,0.248855251484049,0.628032847591784,0.99988016650531
"ENSG00000082701",-0.0801261736093677,6.2136421784717,0.248748967148634,0.628105421341363,0.99988016650531
"ENSG00000150667",0.138989605757867,4.41644165588881,0.248693927277654,0.628143172289275,0.99988016650531
"ENSG00000243797",-0.242252399852218,0.5794537648979,0.248708147901977,0.628156595179519,0.99988016650531
"ENSG00000235880",0.244549400574167,1.82326922078175,0.248606901628159,0.628206678639629,0.99988016650531
"ENSG00000137185",0.178129821969848,2.26835637563812,0.248505825675359,0.628273087127639,0.99988016650531
"ENSG00000124160",-0.0772351702143181,5.72154883845068,0.248445037242705,0.628313094734555,0.99988016650531
"ENSG00000130227",0.0852128024522147,5.67428201768917,0.248321089240415,0.628397832621979,0.99988016650531
"ENSG00000110713",-0.0764269036749121,6.86427467621,0.248156526075023,0.628510370868,0.99988016650531
"ENSG00000164440",0.195654760338351,2.64891122909191,0.248152477130095,0.628513877448773,0.99988016650531
"ENSG00000105649",-0.276994873854607,0.992051058063626,0.247820632366096,0.628754529642322,0.99988016650531
"ENSG00000261542",-0.225656350353286,0.874974398991882,0.247778043649598,0.628781180606454,0.99988016650531
"ENSG00000022267",0.2533708174092,2.35744187970682,0.247738241104734,0.628797928032589,0.99988016650531
"ENSG00000188157",-0.126771594796287,2.97786129368454,0.247648282578439,0.628858914357507,0.99988016650531
"ENSG00000287780",-0.25525020518832,0.370516774762641,0.247608240338701,0.628930754373217,0.99988016650531
"ENSG00000125944",-0.070818486894636,7.83560591630132,0.247406113115924,0.629024179202087,0.99988016650531
"ENSG00000178226",0.199923372622185,2.00259941763502,0.247284925837346,0.62911025031295,0.99988016650531
"ENSG00000100065",0.386253079540967,0.305902515568625,0.247377711320636,0.629110500045685,0.99988016650531
"ENSG00000177181",0.198327363185465,1.75716161697259,0.247259281116397,0.629128263014552,0.99988016650531
"ENSG00000184164",-0.18190738185544,5.68303045747523,0.247229729697306,0.629145101179195,0.99988016650531
"ENSG00000251537",-0.388323561573022,0.159998408442485,0.247309260219795,0.629166129974464,0.99988016650531
"ENSG00000140416",-0.153303836748743,4.64926442439419,0.247066790371315,0.629256992023892,0.99988016650531
"ENSG00000197635",0.237079487185341,1.10335918069792,0.247058781005083,0.629272794596483,0.99988016650531
"ENSG00000157992",-0.352784271846467,0.49942492969286,0.247095666196342,0.629275016272707,0.99988016650531
"ENSG00000150938",-0.14370528131205,6.29014966587643,0.246985944911751,0.629312302580328,0.99988016650531
"ENSG00000176946",0.110068852310801,4.6571601796879,0.246983245913041,0.629314306277743,0.99988016650531
"ENSG00000100345",-0.0793179169035588,8.66887008061688,0.246762908912463,0.629465367227869,0.99988016650531
"ENSG00000197601",0.0708995869916107,7.05247583246538,0.246672529742515,0.629527419787555,0.99988016650531
"ENSG00000047849",-0.0760518540760097,7.21137093486436,0.246643742387705,0.629547186843543,0.99988016650531
"ENSG00000262728",-0.0958552502511848,5.19515506537507,0.246576815001794,0.629593257317964,0.99988016650531
"ENSG00000154222",-0.0848488418209546,5.67773954005739,0.24654767220921,0.629613173649352,0.99988016650531
"ENSG00000135378",-0.0941093434408981,4.43307159343275,0.246484042586093,0.629657057903559,0.99988016650531
"ENSG00000182612",-0.180829241567398,1.5979566589057,0.246462103151853,0.629676450928229,0.99988016650531
"ENSG00000164879",0.44564509116055,0.53043352416641,0.246512921730168,0.629679530799435,0.99988016650531
"ENSG00000172175",-0.118812034895401,5.29496616788161,0.246300392664903,0.629783080478977,0.99988016650531
"ENSG00000223685",-0.215815029529367,2.33526634186743,0.246047810923472,0.629958088852783,0.99988016650531
"ENSG00000040633",0.0979738905318448,4.01539567310947,0.246024661087961,0.629972862425628,0.99988016650531
"ENSG00000105926",0.126831578652667,4.04323521746502,0.245781657194927,0.630140043020443,0.99988016650531
"ENSG00000004660",0.241155591264418,1.1817117698001,0.245726594782808,0.630185459095576,0.99988016650531
"ENSG00000131374",0.0987136177612438,8.05041650470944,0.245639364219953,0.630237778571543,0.99988016650531
"ENSG00000229605",-0.0959154288211894,5.09529060482102,0.245485321430854,0.630343935959867,0.99988016650531
"ENSG00000250479",0.0888898357391653,7.7956354494463,0.245362310681796,0.630428589449134,0.99988016650531
"ENSG00000285756",0.106620358799621,4.18287539820148,0.24530076900833,0.63047117809297,0.99988016650531
"ENSG00000183971",0.180320738074986,2.25179681616292,0.245279274742629,0.630487423176988,0.99988016650531
"ENSG00000075399",-0.110874463896275,3.78295420654445,0.245132731903421,0.630587081451185,0.99988016650531
"ENSG00000055211",0.0785916957490839,4.75800000805681,0.244989280677038,0.630685859640849,0.99988016650531
"ENSG00000115325",0.0871518014174552,5.01357079265717,0.244966363505289,0.630701590944795,0.99988016650531
"ENSG00000254689",-0.286139982807911,0.473512372737916,0.244973521525,0.6307289640567,0.99988016650531
"ENSG00000253738",-0.0854659392837397,5.18321071208712,0.24491384653805,0.630737759568672,0.99988016650531
"ENSG00000198130",0.0909416500173821,4.9711187947139,0.244850884215622,0.63078125700846,0.99988016650531
"ENSG00000254186",0.159298465783356,2.89206025348424,0.244706579952931,0.630881369898511,0.99988016650531
"ENSG00000255980",0.229117701661371,1.76227323577155,0.244694500730259,0.63089246565813,0.99988016650531
"ENSG00000224114",-0.184105552807418,1.99650015430443,0.24461935237693,0.630943835056096,0.99988016650531
"ENSG00000137693",0.275514299134064,2.17041015838407,0.24459078427997,0.630962340655276,0.99988016650531
"ENSG00000256742",-0.127660529052808,4.08619808710685,0.244428287551342,0.631073048670738,0.99988016650531
"ENSG00000106367",0.145506755248192,2.64665106164936,0.244415220987326,0.63108291415785,0.99988016650531
"ENSG00000100918",0.134929120525792,4.21656940284637,0.244403228890473,0.631090344630232,0.99988016650531
"ENSG00000105058",-0.0751632602451179,5.88183473126807,0.244363072222318,0.631117917528601,0.99988016650531
"ENSG00000297237",-0.157739926541625,3.49485251191073,0.244358549913346,0.631121565923887,0.99988016650531
"ENSG00000173171",-0.106079667665281,4.53352207507429,0.244302909290685,0.631159625864844,0.99988016650531
"ENSG00000185404",-0.118101867834539,5.11597409690868,0.243925971144899,0.631420019764504,0.99988016650531
"ENSG00000158882",0.129237290216027,3.7572631123561,0.243913902827643,0.631428639622644,0.99988016650531
"ENSG00000197933",0.179239049450281,2.03163524872012,0.24382762068063,0.631490293652367,0.99988016650531
"ENSG00000125398",0.42525941617926,0.129389990355159,0.243843478774374,0.6315161740537,0.99988016650531
"ENSG00000233184",0.0849036264960742,4.5083207504582,0.243687275631927,0.631585271366317,0.99988016650531
"ENSG00000160695",-0.1051637214901,4.46181360608915,0.243637235099767,0.631619903822423,0.99988016650531
"ENSG00000111275",-0.0847663265766916,6.6761219420617,0.243550601507645,0.63167970445096,0.99988016650531
"ENSG00000087586",0.0889256690133648,5.17786755405769,0.243543558251233,0.631684596470753,0.99988016650531
"ENSG00000229980",-0.301101576107534,1.06552004606389,0.243544982890149,0.631698173774256,0.99988016650531
"ENSG00000301775",0.402175201744133,0.399961575591176,0.243514243726466,0.631750917225496,0.99988016650531
"ENSG00000277734",-0.205579057964994,2.53235684945299,0.243351267619944,0.631818907159859,0.99988016650531
"ENSG00000291283",0.165984032788481,2.84523633962537,0.2433072109804,0.631849108935367,0.99988016650531
"ENSG00000186301",0.313431822817688,0.137236077038852,0.243334586081268,0.631880421106146,0.99988016650531
"ENSG00000263956",-0.0760837847218703,5.47068579023076,0.243192753973125,0.631927525762242,0.99988016650531
"ENSG00000263753",-0.0875762743232238,4.22423651381766,0.24310579127588,0.631987945278249,0.99988016650531
"ENSG00000229739",0.125978850574316,3.27805055685551,0.243093481898877,0.631996735452395,0.99988016650531
"ENSG00000128626",-0.0876678555180516,5.60315335094334,0.243078374400022,0.632006782485258,0.99988016650531
"ENSG00000109736",0.0890820908447277,7.42133315601337,0.243019589407889,0.632047515785765,0.99988016650531
"ENSG00000070808",-0.360509189224212,0.852538007899896,0.242987027115482,0.632084545958674,0.99988016650531
"ENSG00000113119",0.16000285544646,3.34731154779341,0.242909154249802,0.632124494068413,0.99988016650531
"ENSG00000188991",-0.277547732386822,0.491577433318351,0.242884027920588,0.632172283071304,0.99988016650531
"ENSG00000135919",-0.0974603489558418,4.28352204807776,0.242469759499129,0.632429064172822,0.99988016650531
"ENSG00000222014",0.210136613411485,1.06028927930468,0.242476535739286,0.632432781983161,0.99988016650531
"ENSG00000213326",-0.133185600191658,4.68971478645925,0.242377476096132,0.632493111854719,0.99988016650531
"ENSG00000198108",-0.114610020545406,5.26645954301296,0.242316178989491,0.632535536610383,0.99988016650531
"ENSG00000171189",0.169821176450525,2.30412307648049,0.242240709461823,0.632589346046115,0.99988016650531
"ENSG00000241666",0.313544821530068,0.473923926320465,0.242175912198723,0.63267613212024,0.99988016650531
"ENSG00000289007",-0.143307775508017,2.93679667405837,0.242078151892644,0.632701521105956,0.99988016650531
"ENSG00000135108",-0.0961493770629284,4.53249730847046,0.24205325442669,0.632718314992952,0.99988016650531
"ENSG00000255248",0.331889873921663,1.5407818283364,0.24204520430663,0.632729046582495,0.99988016650531
"ENSG00000309831",-0.270175932863484,0.880058956179698,0.242042249158405,0.632739802639989,0.99988016650531
"ENSG00000151612",0.389316680465065,1.5344063607303,0.24199624219699,0.632762184634966,0.99988016650531
"ENSG00000286071",0.209454525678456,2.31487101854892,0.241977682925373,0.632772247974158,0.99988016650531
"ENSG00000128266",-0.256870193150788,1.44878228031853,0.241949276683507,0.632796236738011,0.99988016650531
"ENSG00000065054",0.188933982070756,2.03268536283119,0.241936815389497,0.632802110203069,0.99988016650531
"ENSG00000163875",-0.0893999367654877,5.29853188561914,0.241694949294432,0.632967272847562,0.99988016650531
"ENSG00000222011",0.156418082624932,3.31871615498826,0.241646614878249,0.633001315301943,0.99988016650531
"ENSG00000187513",-0.379112906736247,0.0570440173943457,0.241650565152637,0.633089693154718,0.99988016650531
"ENSG00000008294",-0.0798137871937032,5.94184673767007,0.241486791535178,0.633112081598578,0.99988016650531
"ENSG00000040341",0.0815256122989805,6.21706729509394,0.241394496016175,0.633176316753853,0.99988016650531
"ENSG00000138398",-0.0786792429862384,7.35536609901708,0.241379920085414,0.633186459436631,0.99988016650531
"ENSG00000130204",0.09085354720837,6.3682543834392,0.241320740234819,0.633227660498348,0.99988016650531
"ENSG00000205628",0.118841995433464,5.30871357637341,0.241225486392348,0.633293995577919,0.99988016650531
"ENSG00000086730",0.10885539853764,7.04422920963778,0.241046444258396,0.633418693462767,0.99988016650531
"ENSG00000259408",-0.35899695991275,0.300771918957214,0.241075695461408,0.6334581776432,0.99988016650531
"ENSG00000115419",-0.0675876637672103,6.81803326192772,0.240760113042412,0.633618257197149,0.99988016650531
"ENSG00000259956",-0.0747814319676507,5.80887648438285,0.240687286015253,0.63366904507682,0.99988016650531
"ENSG00000023171",0.101839693576078,5.10712687192653,0.240632313394844,0.633707476665905,0.99988016650531
"ENSG00000102572",0.0761379249182748,5.29271569799067,0.240567718591921,0.63375244752957,0.99988016650531
"ENSG00000166432",0.11913267517394,3.81206009117502,0.240552122356969,0.633763586585426,0.99988016650531
"ENSG00000154945",0.089364971601499,4.80939831954396,0.2404106897299,0.633862125786564,0.99988016650531
"ENSG00000142751",-0.105580979681281,4.15311066606728,0.240326471902946,0.633920958428785,0.99988016650531
"ENSG00000305525",-0.172173500918733,1.77310911919194,0.240260740247996,0.633969814337259,0.99988016650531
"ENSG00000071994",-0.0874497981717382,5.89953541522394,0.24024485768028,0.633977754522854,0.99988016650531
"ENSG00000129219",-0.143674881376695,2.71618629741145,0.24011526604248,0.634069051826393,0.99988016650531
"ENSG00000234694",0.146186193018086,2.8380528685471,0.240025393334648,0.634131766685871,0.99988016650531
"ENSG00000100865",-0.0883165558047078,4.54334545927498,0.240002626901912,0.634147075964341,0.99988016650531
"ENSG00000293608",0.272689237838851,0.906200900333694,0.240005551085926,0.634156385949727,0.99988016650531
"ENSG00000108946",-0.072363324316635,6.70445269793893,0.239891775577562,0.634224373522446,0.99988016650531
"ENSG00000113407",-0.0767351808483658,6.75505146687583,0.239807363897932,0.634283367866623,0.99988016650531
"ENSG00000054523",0.112996895140022,4.45860382254818,0.239580561464059,0.634442094082218,0.99988016650531
"ENSG00000285909",0.309069751866249,1.49365982574921,0.239544991477777,0.634470982386346,0.99988016650531
"ENSG00000198718",-0.0841657419696176,5.21174229196143,0.239496815234532,0.634500533938651,0.99988016650531
"ENSG00000298356",0.252093165992369,1.25327627131054,0.239411996034585,0.634565076715572,0.99988016650531
"ENSG00000214026",0.089108524520338,6.34076680721877,0.239389982062898,0.634575265500789,0.99988016650531
"ENSG00000204929",-0.230214714553757,2.91328488617731,0.23935097498623,0.634603252460247,0.99988016650531
"ENSG00000137876",-0.0837395070313127,6.97749877422336,0.239285206640605,0.634648587979464,0.99988016650531
"ENSG00000150275",-0.258245385101104,1.08738297741666,0.239161101663778,0.634744608379738,0.99988016650531
"ENSG00000298832",0.344602769220946,0.388892350494305,0.239084234878957,0.634825013416378,0.99988016650531
"ENSG00000198513",0.2666825489604,0.960023415642234,0.23888403580807,0.634942585551026,0.99988016650531
"ENSG00000213339",0.0855978280689433,4.78653460074711,0.238749770258184,0.635023757646581,0.99988016650531
"ENSG00000227355",0.10724414695303,4.29128090229111,0.238733769092196,0.635035000567709,0.99988016650531
"ENSG00000285579",-0.250132873378426,1.01842004244631,0.238731377912871,0.635046828474493,0.99988016650531
"ENSG00000188612",0.126824020397103,3.98804478615393,0.238712218131632,0.635050134102868,0.99988016650531
"ENSG00000205213",0.0857290918011297,5.49734431166691,0.238657641117103,0.635088208312557,0.99988016650531
"ENSG00000142192",0.0829417240972808,6.54290383877751,0.238457294988572,0.635228695288175,0.99988016650531
"ENSG00000066926",0.106476160828688,3.86440456548038,0.238286811601952,0.635348564319587,0.99988016650531
"ENSG00000100625",-0.369096454819515,0.35842661794243,0.238296077284847,0.635392667336906,0.99988016650531
"ENSG00000295475",0.213058089088037,3.0615365553889,0.238014032173956,0.635540388623467,0.99988016650531
"ENSG00000136099",-0.356300185923013,0.11070092754453,0.238027762537057,0.635625320772387,0.99988016650531
"ENSG00000160584",0.0823023802459675,7.42095349831405,0.237827298107441,0.63567097099975,0.99988016650531
"ENSG00000259463",0.246233696421941,1.67380646527356,0.237820891642634,0.635679990398599,0.99988016650531
"ENSG00000126773",-0.0763119804168128,5.91330640886264,0.237811898759959,0.635681796503328,0.99988016650531
"ENSG00000302338",0.295766491318415,0.403413618592821,0.237820138947858,0.635710640112656,0.99988016650531
"ENSG00000095139",-0.0726382957072565,6.55624708511361,0.237750685905335,0.635724807131691,0.99988016650531
"ENSG00000112983",0.139865364894196,4.33018932305042,0.237731247847975,0.635738634545813,0.99988016650531
"ENSG00000280989",-0.225311179131057,1.59381068016405,0.237717825622655,0.635751901896633,0.99988016650531
"ENSG00000286503",0.206050247526228,1.52932005099278,0.237696019289688,0.635767256236141,0.99988016650531
"ENSG00000083782",-0.144374043712765,4.41873468894944,0.237659124462647,0.635789307887808,0.99988016650531
"ENSG00000127081",-0.160584840276357,2.04317393939939,0.237621492541359,0.635817490682952,0.99988016650531
"ENSG00000159322",-0.081960657806136,6.96718614184652,0.237581110876418,0.635844002563824,0.99988016650531
"ENSG00000165028",0.334177495166599,0.635836438457267,0.237481951588476,0.635937641105799,0.99988016650531
"ENSG00000161013",-0.106990858095653,5.49211329149981,0.237446539134183,0.635938642748401,0.99988016650531
"ENSG00000161642",0.10527894725966,5.83041468007865,0.237340146588006,0.636013477683687,0.99988016650531
"ENSG00000122642",0.132805637173795,4.10886349563908,0.237259447589968,0.636070431325786,0.99988016650531
"ENSG00000115008",0.126404106616296,3.45165519159703,0.237165535297638,0.636136703132682,0.99988016650531
"ENSG00000289951",-0.346904765316354,0.425578422591598,0.237227639042899,0.636146310476737,0.99988016650531
"ENSG00000100784",0.11443289430422,4.12890502590675,0.237052384485125,0.636216177349467,0.99988016650531
"ENSG00000108506",0.0997222602508117,4.18254029192635,0.236978762758079,0.636268011385315,0.99988016650531
"ENSG00000240857",-0.117845491643241,3.49588371663616,0.23691691984666,0.636311736821296,0.99988016650531
"ENSG00000182621",0.091630054395546,4.24553820480085,0.236891097322003,0.636329734996685,0.99988016650531
"ENSG00000143549",-0.0792678003229949,8.81680341126602,0.236710156944931,0.636457048697188,0.99988016650531
"ENSG00000170471",0.0811875379111722,5.31857595927328,0.23667537843924,0.636481571478349,0.99988016650531
"ENSG00000138468",0.0966180403527684,4.08090618263438,0.236587597123124,0.636543615130716,0.99988016650531
"ENSG00000228315",0.0996781061207413,3.92443616268989,0.236511039405435,0.636597624235235,0.99988016650531
"ENSG00000006607",0.0717252036039991,5.42296962066792,0.236483933390983,0.636616526610844,0.99988016650531
"ENSG00000148655",0.0893037133497662,9.92917834526093,0.236352552802192,0.636709168571464,0.99988016650531
"ENSG00000236107",0.393092434366708,0.0701515884158464,0.236464276040141,0.636718145637736,0.99988016650531
"ENSG00000296425",0.209641728494026,2.99531463269198,0.236198606862099,0.636818424265993,0.99988016650531
"ENSG00000078795",-0.22560401214924,1.46543590315286,0.236188480147948,0.636830488561726,0.99988016650531
"ENSG00000268854",0.554514236518951,0.451019112635999,0.236191286122796,0.636862294199614,0.99988016650531
"ENSG00000249001",-0.336908233300483,0.378254038695562,0.23616039225667,0.636880760199369,0.99988016650531
"ENSG00000233695",0.0981322560168298,4.54438910114284,0.236103106967687,0.636885327498132,0.99988016650531
"ENSG00000062485",-0.0871573772870014,7.14565110722507,0.236029372444282,0.636937225667849,0.99988016650531
"ENSG00000290832",0.112462269010918,5.76698410057902,0.235941294851799,0.636999418822341,0.99988016650531
"ENSG00000134057",0.0812869700578633,5.40077928868195,0.235802871199211,0.637097188130079,0.99988016650531
"ENSG00000258920",-0.240017415486597,2.32638661072219,0.235728168234236,0.637151415339924,0.99988016650531
"ENSG00000185088",-0.115060116814166,6.33277049250483,0.235629596163546,0.637219606148355,0.99988016650531
"ENSG00000171307",0.114791444904779,4.36424763521497,0.235583362565586,0.637252441243089,0.99988016650531
"ENSG00000109790",-0.0754073653356244,6.01791056363998,0.235561100814748,0.637268017792114,0.99988016650531
"ENSG00000107669",0.105194257197568,4.57478659651289,0.23555498507703,0.637272484742755,0.99988016650531
"ENSG00000197714",0.280667598815494,1.25655326023831,0.235531719849422,0.637294658391011,0.99988016650531
"ENSG00000151623",-0.297720704520977,-0.0550554985549125,0.235521883669193,0.637350502066805,0.99988016650531
"ENSG00000244245",-0.0982554930995814,7.3601942896876,0.235357082210635,0.637412262115853,0.99988016650531
"ENSG00000105613",-0.300180739256518,0.290848331669208,0.235379222804889,0.637455408657487,0.99988016650531
"ENSG00000085719",-0.0796637741398264,5.25904214109775,0.235291658460417,0.637458551132192,0.99988016650531
"ENSG00000295078",0.19414619667477,4.58187142363545,0.235184738628362,0.637534308397419,0.99988016650531
"ENSG00000102996",-0.193154600593754,2.71761558127837,0.235168527904226,0.637546648571959,0.99988016650531
"ENSG00000044090",-0.12437678480266,3.37970141895303,0.23515958705567,0.63755233790149,0.99988016650531
"ENSG00000092758",-0.410395756631397,0.793274170933558,0.235173781082087,0.637588061645958,0.99988016650531
"ENSG00000134440",0.0864275865301108,6.49858273695606,0.235031547461839,0.637642590290375,0.99988016650531
"ENSG00000136731",-0.0843571107790823,5.65452010478984,0.234999341330353,0.637665394136446,0.99988016650531
"ENSG00000120519",0.0866072691495073,4.90489415261889,0.23499062753607,0.637671648212937,0.99988016650531
"ENSG00000164164",-0.0930185564429616,5.09445880624904,0.234962375452307,0.637691574288163,0.99988016650531
"ENSG00000011009",-0.0705230481624754,5.87734027542398,0.234679655066298,0.637891794257359,0.99988016650531
"ENSG00000224420",0.299990226494236,1.59181410359961,0.234588129094056,0.637960558481668,0.99988016650531
"ENSG00000112378",-0.101266193329193,5.13808272315358,0.234576036735094,0.637965228918447,0.99988016650531
"ENSG00000140451",0.166932978217606,2.07732244157505,0.234570075418566,0.637971648454157,0.99988016650531
"ENSG00000267532",0.0876596431566928,5.52200340866613,0.234512259812159,0.638010424105107,0.99988016650531
"ENSG00000110717",0.11136688830767,6.6408969394615,0.234490533987095,0.638025816769347,0.99988016650531
"ENSG00000009790",0.230529163179803,3.72445182298114,0.234484244024368,0.638030564328957,0.99988016650531
"ENSG00000287510",-0.243122494022632,1.63260784000155,0.234318121972421,0.638152025629993,0.99988016650531
"ENSG00000171345",0.197931855181165,4.29856788266501,0.234257867678063,0.638190972104058,0.99988016650531
"ENSG00000124214",-0.0717061445305854,6.25962176218447,0.234252505576318,0.638194600525507,0.99988016650531
"ENSG00000230155",-0.0860873000544461,4.82787223264515,0.234163615464009,0.638257780475977,0.99988016650531
"ENSG00000102755",-0.267799928205469,1.68283130015713,0.234123651518466,0.63828984165449,0.99988016650531
"ENSG00000167699",-0.0810824966302038,4.52567718509669,0.234053463435752,0.638335973228399,0.99988016650531
"ENSG00000291152",-0.111218390309004,3.69805496453569,0.233753689083576,0.638548947595537,0.99988016650531
"ENSG00000118855",-0.0973656966054291,7.28059711745997,0.233717144680559,0.638574606548158,0.99988016650531
"ENSG00000151718",-0.0858101522464394,6.2431223910631,0.233440396789348,0.638771263159911,0.99988016650531
"ENSG00000197813",0.364631719686745,0.985196784519722,0.233439562350483,0.63878263123713,0.99988016650531
"ENSG00000172244",0.123390769627588,3.36398981039669,0.233385903543198,0.638810440142508,0.99988016650531
"ENSG00000269179",-0.157910579955046,4.12964063339704,0.233382674966676,0.638812481900285,0.99988016650531
"ENSG00000169718",0.0990441320077517,5.84453127730698,0.233298279414035,0.638872310801464,0.99988016650531
"ENSG00000147905",0.0716283175769636,7.24822764459811,0.233289625950923,0.638878458005932,0.99988016650531
"ENSG00000203993",-0.124448852992628,3.31559141003034,0.233088604570417,0.639021905860418,0.99988016650531
"ENSG00000224174",-0.241659275498843,0.759964836071473,0.233102112987995,0.639033758392676,0.99988016650531
"ENSG00000235831",-0.192070683674165,1.67275671102664,0.232951162299193,0.639122889061823,0.99988016650531
"ENSG00000254756",0.581480098411831,-0.199984988292381,0.232793248208668,0.639140292759993,0.99988016650531
"ENSG00000187801",-0.100702183461725,4.31731024729353,0.23289606203041,0.639158641271414,0.99988016650531
"ENSG00000070785",0.0749995127952287,6.36965927171097,0.23280569411529,0.639222826464335,0.99988016650531
"ENSG00000198919",0.160522841764943,3.25205087882658,0.232730518513568,0.639276758295163,0.99988016650531
"ENSG00000280927",0.100739471803041,5.64579141572464,0.232627189512745,0.639349969632491,0.99988016650531
"ENSG00000076924",0.15573808244611,2.3893143500177,0.23261131144891,0.639362602598792,0.99988016650531
"ENSG00000165512",-0.0768457868046494,6.05173412011246,0.232557691212899,0.6393994811052,0.99988016650531
"ENSG00000303647",-0.282113186673383,1.0160574656295,0.232541650872001,0.639420569993516,0.99988016650531
"ENSG00000287608",0.340041224791543,2.03557173017714,0.232344158200559,0.639553736196206,0.99988016650531
"ENSG00000188613",0.146103305659123,2.3696742255783,0.232185013851313,0.639666454945079,0.99988016650531
"ENSG00000137288",-0.0941209381650189,6.41429555544108,0.232144837167897,0.639693816327893,0.99988016650531
"ENSG00000131845",0.144822591577129,2.59931639734741,0.231959872462133,0.639826737179537,0.99988016650531
"ENSG00000131469",-0.117512303723911,10.9715289132406,0.231939428076059,0.639840377013558,0.99988016650531
"ENSG00000122026",-0.0901888215037298,9.49750384802941,0.231939185837196,0.639840549948854,0.99988016650531
"ENSG00000189046",0.146899154493473,3.70386825666553,0.231803186102207,0.639937928344211,0.99988016650531
"ENSG00000291005",0.120536875005268,3.16456332409029,0.231796052734552,0.639943216217332,0.99988016650531
"ENSG00000174695",0.0814458986750158,6.89950262564404,0.231728458882549,0.639990994727899,0.99988016650531
"ENSG00000232818",-0.193037252048513,1.94953274838653,0.231655810276974,0.640044980837419,0.99988016650531
"ENSG00000122550",-0.0949393652090829,3.94642107924147,0.231468394768255,0.640177023761226,0.99988016650531
"ENSG00000105146",0.430267702089731,1.08319403658814,0.231370537360679,0.640258559349539,0.99988016650531
"ENSG00000172965",0.0822795192432024,6.54150181630793,0.231316054464976,0.640285668471711,0.99988016650531
"ENSG00000075413",-0.0689404458679177,7.01150730535169,0.231312587634809,0.640288145907379,0.99988016650531
"ENSG00000166734",0.0730855381764568,6.81934821939542,0.231305296287786,0.640293359237519,0.99988016650531
"ENSG00000229656",-0.37915521078129,0.223382710460311,0.231383203401298,0.640298965953032,0.99988016650531
"ENSG00000174007",-0.100051238482403,4.54844031611335,0.231283798567858,0.640308872795225,0.99988016650531
"ENSG00000144824",0.399495896454567,1.2266234583712,0.231214806841816,0.640367780453255,0.99988016650531
"ENSG00000251003",0.137568300588685,5.3153695184598,0.231155328534608,0.640400611560756,0.99988016650531
"ENSG00000170515",0.0762846258111863,7.98655180117375,0.23114432396741,0.640408468738036,0.99988016650531
"ENSG00000106330",0.106433321369847,4.30027193456127,0.231128341511228,0.640420113826216,0.99988016650531
"ENSG00000196642",-0.0847099425461107,6.9763164858456,0.2310436445082,0.640480491032052,0.99988016650531
"ENSG00000289018",-0.236769147295526,0.4455660266588,0.230997818741283,0.64055069988174,0.99988016650531
"ENSG00000293314",-0.243414705536694,0.68926191692055,0.230932129150485,0.640576763779125,0.99988016650531
"ENSG00000181322",-0.244319340853498,0.985914521193955,0.23079988903042,0.640667101856162,0.99988016650531
"ENSG00000159199",0.0822069540698043,6.88620194329939,0.230696944638026,0.640728652904017,0.99988016650531
"ENSG00000085644",0.189036838622654,2.47811820932511,0.2306776517313,0.640743651897407,0.99988016650531
"ENSG00000086758",-0.0691383360135825,6.92247676995218,0.230601651711378,0.640796902167702,0.99988016650531
"ENSG00000013523",0.0857624197020494,4.45902413446481,0.230532221416953,0.640846791664631,0.99988016650531
"ENSG00000178803",-0.31172999021523,0.703469073751465,0.230536815914178,0.640858706915997,0.99988016650531
"ENSG00000303043",-0.177671703788344,1.73474467297352,0.230458234014704,0.64090344072479,0.99988016650531
"ENSG00000283839",0.108404743991961,3.6527232668823,0.23045320126892,0.640903558347487,0.99988016650531
"ENSG00000153936",0.153065309352508,4.72537809580835,0.230432126646253,0.640918479233805,0.99988016650531
"ENSG00000112110",0.0971552643189764,6.752419874395,0.230209557600855,0.641077909530517,0.99988016650531
"ENSG00000077232",-0.0766612665934664,5.90884388846166,0.230156760090777,0.641115775020157,0.99988016650531
"ENSG00000162971",-0.0866837783942287,4.36079226311813,0.229986079247315,0.641238364001669,0.99988016650531
"ENSG00000115392",0.0895217910442666,4.45382690146994,0.229928495952975,0.641279681885198,0.99988016650531
"ENSG00000273117",0.407931606594187,1.04665905764872,0.229844256292176,0.641349275332809,0.99988016650531
"ENSG00000123739",-0.188948195788322,2.21969246172986,0.229829184847644,0.641352368183946,0.99988016650531
"ENSG00000120688",-0.080960312775597,5.09877547462025,0.229729653524178,0.641422271468717,0.99988016650531
"ENSG00000102882",0.259760090929509,3.04511053621529,0.229631031844587,0.641493679336826,0.99988016650531
"ENSG00000287044",0.264286878048126,0.697121332043207,0.229662651129155,0.64149827644202,0.99988016650531
"ENSG00000309613",0.456813411142873,0.268264466396084,0.229643907110491,0.641547906749044,0.99988016650531
"ENSG00000137135",0.126128186796246,3.84523970737371,0.229534856628554,0.641562498580856,0.99988016650531
"ENSG00000157306",0.110334165091178,3.87054507325963,0.229510572653811,0.641579832919258,0.99988016650531
"ENSG00000163293",0.267059453348599,0.59799071849876,0.229546478201475,0.641581909370331,0.99988016650531
"ENSG00000141577",-0.174659079290808,2.53062441037852,0.229493725674799,0.641592908752536,0.99988016650531
"ENSG00000290071",-0.291824652046806,0.596670211970974,0.229320941430494,0.641740811297447,0.99988016650531
"ENSG00000102858",-0.0763258763296834,5.88160075294835,0.229255290368586,0.641763068476554,0.99988016650531
"ENSG00000246560",-0.291191225392888,1.45012517944888,0.229242989845911,0.64177724664511,0.99988016650531
"ENSG00000003147",0.119966021032177,4.20206172333496,0.229210463027309,0.64179547345935,0.99988016650531
"ENSG00000187474",-0.226373199293348,1.26973255200051,0.229043793304598,0.641921762289277,0.99988016650531
"ENSG00000172366",0.110659960847091,5.9032541832527,0.229023445955289,0.641929799110047,0.99988016650531
"ENSG00000249870",0.21315188918788,1.32313368130394,0.229017034995499,0.641940655428865,0.99988016650531
"ENSG00000138801",-0.0871041396588207,5.07831035890252,0.228975906433456,0.641964010855587,0.99988016650531
"ENSG00000258457",0.385228648360912,0.532831796060815,0.229000338435154,0.641968394666907,0.99988016650531
"ENSG00000225361",0.24432660770898,1.55967791362097,0.228902535851752,0.642022454792474,0.99988016650531
"ENSG00000152147",-0.0891682322221076,4.21991215003446,0.228763203795806,0.642117243392248,0.99988016650531
"ENSG00000122359",0.0768134072137119,6.70297703281159,0.228760804578865,0.642118799368083,0.99988016650531
"ENSG00000136770",-0.072083210160427,8.10090338177038,0.228658855787977,0.642192199229021,0.99988016650531
"ENSG00000101365",0.109171295251344,3.77335770201686,0.228637554097043,0.642207813223791,0.99988016650531
"ENSG00000128534",0.073480386537494,6.65624152384098,0.228617855624133,0.642221726582932,0.99988016650531
"ENSG00000255108",0.269507861051665,0.728440371014673,0.228682648195205,0.642230536614648,0.99988016650531
"ENSG00000160654",0.503206690283566,0.442981634037388,0.228550578116255,0.642324071371865,0.99988016650531
"ENSG00000146197",0.315478945684139,0.877953879186117,0.228332225901263,0.642442591145735,0.99988016650531
"ENSG00000079691",0.157697372760293,3.27257512923935,0.228309495997712,0.642444322245755,0.99988016650531
"ENSG00000251661",-0.186743394449347,4.67920650719556,0.228247566715904,0.642488658374128,0.99988016650531
"ENSG00000154174",0.0758117393138598,5.70316123917281,0.228217095185124,0.642510505279875,0.99988016650531
"ENSG00000174804",-0.314794345908367,0.619319339546309,0.228225380678198,0.642528496185091,0.99988016650531
"ENSG00000247121",0.205691832913056,1.8413483974942,0.228044447630108,0.642637876524198,0.99988016650531
"ENSG00000293472",0.295828351337819,1.18224318884025,0.22803744833797,0.642648373621188,0.99988016650531
"ENSG00000250751",-0.476323974682495,-0.26089073383574,0.227805798554946,0.642712740487881,0.99988016650531
"ENSG00000159167",-0.350187942869031,0.73243615874706,0.227878277040436,0.64277960864691,0.99988016650531
"ENSG00000287880",-0.211409763331519,2.52517218163639,0.227691492714822,0.642891720754963,0.99988016650531
"ENSG00000272324",0.524887960717482,0.00839723693008128,0.227751135045743,0.642933835454686,0.99988016650531
"ENSG00000288873",0.330359784816235,0.527000503423917,0.227598721852996,0.642978900083112,0.99988016650531
"ENSG00000227409",0.259069065173093,2.28103217680395,0.227569303954712,0.64297955404997,0.99988016650531
"ENSG00000203497",0.272758544836281,0.386475787205577,0.227601696800469,0.642998601740966,0.99988016650531
"ENSG00000181904",0.0907519377311062,4.76685611344909,0.22753827674759,0.643000475177475,0.99988016650531
"ENSG00000164880",0.0942190600813166,4.21483838220527,0.227534014317944,0.643003602366353,0.99988016650531
"ENSG00000255052",-0.201259403733739,1.27113732787745,0.227483352103337,0.643045768399199,0.99988016650531
"ENSG00000168303",-0.0897376035949988,6.1780641273958,0.227442875822672,0.643069267939965,0.99988016650531
"ENSG00000103091",0.104985710453728,4.82164232225239,0.227398843580552,0.643101202162792,0.99988016650531
"ENSG00000079277",0.08306281345711,6.10304201893762,0.227393732120568,0.643104775874217,0.99988016650531
"ENSG00000259367",0.284264879678034,0.647375760623786,0.227419888445559,0.643115258935248,0.99988016650531
"ENSG00000205076",0.28987733683981,0.865935309372313,0.227292650899197,0.64319415359633,0.99988016650531
"ENSG00000165996",-0.159151895770395,2.73276804762289,0.227248090501193,0.643211109056392,0.99988016650531
"ENSG00000234297",-0.286174928404809,0.538688196096423,0.227225478461808,0.643257225948155,0.99988016650531
"ENSG00000142798",0.17609682507785,3.88633542593663,0.227149297297635,0.643281733463454,0.99988016650531
"ENSG00000179240",-0.271347910581884,0.883688373435862,0.227173239164087,0.64328395982316,0.99988016650531
"ENSG00000132801",0.115781043098147,3.29832808194672,0.227108903364182,0.643311098417887,0.99988016650531
"ENSG00000230555",-0.209679508311217,1.51257708278827,0.227065435192943,0.643345934193637,0.99988016650531
"ENSG00000178802",0.15772190362851,3.93245793443075,0.227039304050067,0.643361219477405,0.99988016650531
"ENSG00000104936",0.207313475344324,1.93185705547223,0.226902577791981,0.643461810232719,0.99988016650531
"ENSG00000174173",-0.0907591395262372,5.20262583666614,0.226849415370177,0.643498391994591,0.99988016650531
"ENSG00000198034",0.0962226812667377,9.77817381113042,0.22684318683843,0.643502882342866,0.99988016650531
"ENSG00000267313",0.396235337283322,0.138738020950797,0.226910821295492,0.643535311534547,0.99988016650531
"ENSG00000204438",-0.070793643983587,5.57161116481052,0.226714336165481,0.643596154068298,0.99988016650531
"ENSG00000300728",0.328056069689814,0.275581833668818,0.226750681586113,0.643624140252713,0.99988016650531
"ENSG00000231426",-0.294367117230048,0.226859733183302,0.226506479616972,0.643818352369539,0.99988016650531
"ENSG00000142168",0.0809646833883405,7.28826359957574,0.226400795608011,0.643823221250698,0.99988016650531
"ENSG00000172500",-0.0915413157116434,5.17883618702002,0.226344540946561,0.643864033820437,0.99988016650531
"ENSG00000171574",0.174810706330066,1.99631739509089,0.226316076141755,0.643886797513693,0.99988016650531
"ENSG00000132716",0.126598234225007,3.74639997852447,0.226307572585296,0.643891057657265,0.99988016650531
"ENSG00000181924",0.0905020357575628,7.05253032889998,0.226283502672223,0.643908219260476,0.99988016650531
"ENSG00000023697",0.144686455536777,3.97531212585722,0.226250809233261,0.643932137920145,0.99988016650531
"ENSG00000264666",-0.275529537234997,0.64082205638482,0.226209794879907,0.643990536492017,0.99988016650531
"ENSG00000274419",-0.243150050260568,0.49968291295784,0.226191561520162,0.644002806477487,0.99988016650531
"ENSG00000174165",0.092816102636715,4.00361378982849,0.226074586429252,0.644059881377417,0.99988016650531
"ENSG00000197647",0.257563466104927,0.58730977772096,0.225979203512347,0.644164668644198,0.99988016650531
"ENSG00000244716",0.0917275106929209,7.11654163442426,0.225895009797865,0.644189940648659,0.99988016650531
"ENSG00000177374",-0.186599158843772,1.51268249562192,0.225835863788175,0.644236723055249,0.99988016650531
"ENSG00000008282",0.0750839759907114,5.96156188069517,0.22582118296608,0.644243516752451,0.99988016650531
"ENSG00000270022",0.299608135409002,1.16823725857891,0.225652583477675,0.64438426440735,0.99988016650531
"ENSG00000100027",-0.321856807098403,0.437344410898989,0.225618617068656,0.644433045919186,0.99988016650531
"ENSG00000174132",0.134125761501218,3.27601441646045,0.225413562153566,0.644539928202571,0.99988016650531
"ENSG00000120725",-0.0674343101185649,6.83422566781365,0.225223190174258,0.644677831890356,0.99988016650531
"ENSG00000302120",0.229756457383652,0.707537142042744,0.225197602382414,0.64472137412923,0.99988016650531
"ENSG00000277150",-0.104201669092357,3.80281323681698,0.225078873790658,0.644783019798232,0.99988016650531
"ENSG00000288709",-0.104201669092357,3.80281323681698,0.225078873790658,0.644783019798232,0.99988016650531
"ENSG00000232628",-0.274953016586516,0.825361842408297,0.225058598801118,0.6448183185063,0.99988016650531
"ENSG00000100401",0.0762894614042363,4.99321200149877,0.22489795414912,0.644914428565282,0.99988016650531
"ENSG00000168216",-0.0751799855582946,5.30776654479276,0.224893919715861,0.644917298200409,0.99988016650531
"ENSG00000137434",-0.322872283109172,0.793326058761693,0.224817940082643,0.644991169501681,0.99988016650531
"ENSG00000110063",0.0846070890217895,5.60812337476409,0.224767693483019,0.645009148040911,0.99988016650531
"ENSG00000224094",-0.0882685819555046,4.8991589181592,0.224658299579899,0.645088882304052,0.99988016650531
"ENSG00000068912",-0.100159376342235,4.93049139815147,0.224506250094436,0.64519957894685,0.99988016650531
"ENSG00000289260",0.253493758618315,1.21555593974098,0.224455986756345,0.645243930385474,0.99988016650531
"ENSG00000260280",0.281194633584919,0.909380896896305,0.224427023323713,0.645268946606113,0.99988016650531
"ENSG00000110719",0.156816604953119,3.96573247135456,0.224245973411538,0.645389333299265,0.99988016650531
"ENSG00000163602",-0.0896966890577808,6.44123809930026,0.224220313105727,0.645407828875263,0.99988016650531
"ENSG00000300259",0.32448137872447,0.709269807292079,0.224241771309859,0.645409525773536,0.99988016650531
"ENSG00000197841",-0.172921870174182,1.78036962077801,0.224205517737137,0.645421682203409,0.99988016650531
"ENSG00000147689",-0.305693609375504,0.549372874577604,0.224199665796271,0.645457136417028,0.99988016650531
"ENSG00000283982",0.448766301052881,0.694197052183999,0.224035539885951,0.645574854266393,0.99988016650531
"ENSG00000167850",0.0806785178979594,4.79724406703831,0.223916533746564,0.645629452392647,0.99988016650531
"ENSG00000254530",0.37161001500177,0.0432945324317976,0.224013487315931,0.64565341055831,0.99988016650531
"ENSG00000186019",0.279603664669787,0.710667668873499,0.223862100363595,0.645688237242485,0.99988016650531
"ENSG00000139926",0.373160049188393,1.13530357808718,0.223528211497915,0.645920078153905,0.99988016650531
"ENSG00000254080",-0.214952232291178,1.71632057009433,0.223466372309267,0.645961309501509,0.99988016650531
"ENSG00000142687",-0.0704576032528825,5.92887400812829,0.223458923470772,0.645963401834265,0.99988016650531
"ENSG00000135521",-0.299791568372805,0.860852587201661,0.223441392965029,0.645989007873348,0.99988016650531
"ENSG00000306517",-0.197412899716929,3.29450155161218,0.223392150580227,0.646012609135687,0.99988016650531
"ENSG00000133250",-0.113290591624618,3.62201299930302,0.223370598955568,0.646028232644292,0.99988016650531
"ENSG00000141380",-0.0774643853660367,5.80092256788935,0.223238998994766,0.646124095382714,0.99988016650531
"ENSG00000213269",-0.281314997999801,0.25545903071647,0.223314640879257,0.646148982591988,0.99988016650531
"ENSG00000185803",0.0742267826885,5.50171233249996,0.223080408221852,0.646240038783386,0.99988016650531
"ENSG00000135372",0.0686126047154902,5.56243766622118,0.223064594595989,0.646251600762497,0.99988016650531
"ENSG00000149564",0.404012157321953,0.575370375839912,0.223074998317605,0.646265989412322,0.99988016650531
"ENSG00000309286",-0.316719050686622,-0.111391952721286,0.2230695829328,0.646294345543423,0.99988016650531
"ENSG00000198722",0.154484864651365,2.9580280908573,0.222991139458568,0.646305922201201,0.99988016650531
"ENSG00000123562",-0.0699140361745932,7.64955119118262,0.222989953304176,0.64630617846401,0.99988016650531
"ENSG00000106443",0.0824898161185166,7.06120388052259,0.222909205427583,0.646365244737581,0.99988016650531
"ENSG00000255224",-0.216334224722045,1.11394374558965,0.222735506893195,0.646502932816151,0.99988016650531
"ENSG00000125817",0.0745994108561152,5.23755218193323,0.222699683203645,0.646518583526724,0.99988016650531
"ENSG00000293473",0.160251489468234,2.57288909544763,0.222699368570314,0.646519713244533,0.99988016650531
"ENSG00000128654",0.0912990278688791,4.97283968140848,0.222683993665406,0.646530118184557,0.99988016650531
"ENSG00000147174",-0.205471582649761,2.06656660853984,0.22265919343526,0.646550056197634,0.99988016650531
"ENSG00000226453",-0.124118073086209,5.47355184680302,0.222642863843791,0.646560171351577,0.99988016650531
"ENSG00000290989",0.133464168679735,3.29545354515672,0.222520708338229,0.646650012666753,0.99988016650531
"ENSG00000232220",0.349758008864937,3.06175576362254,0.222484039405043,0.646677522351562,0.99988016650531
"ENSG00000040933",0.081094550453589,5.86922230866549,0.222454362751498,0.646698207064121,0.99988016650531
"ENSG00000170919",0.11243373160902,3.93723707216255,0.222363997171097,0.646764611932243,0.99988016650531
"ENSG00000198677",-0.0787940131633228,6.00614903100862,0.22213664912261,0.64693103103714,0.99988016650531
"ENSG00000163781",0.096991907489809,5.77556483877004,0.222063670851652,0.646984542545185,0.99988016650531
"ENSG00000213609",-0.0759801467510424,5.878507685618,0.222046064873659,0.646997452521327,0.99988016650531
"ENSG00000088992",0.103854879447839,5.93299282611274,0.221980911405277,0.64704523326435,0.99988016650531
"ENSG00000021776",0.0743473759407604,5.97861866815098,0.221814752336172,0.647167132322566,0.99988016650531
"ENSG00000166949",0.0891825413309997,5.00056224478104,0.221806602137972,0.647173163540803,0.99988016650531
"ENSG00000266933",0.235705713135981,0.984753096837002,0.221703952721447,0.64725932517266,0.99988016650531
"ENSG00000272970",0.195241683523723,2.01177204469465,0.221395062668889,0.647477218373662,0.99988016650531
"ENSG00000086598",-0.0902581072667474,7.056728236636,0.221321075288141,0.6475296368305,0.99988016650531
"ENSG00000123064",0.0755418755399257,5.73376882967067,0.22131263319425,0.647535847380445,0.99988016650531
"ENSG00000182704",-0.352977526810715,0.62886351779717,0.221301948772395,0.647569510159373,0.99988016650531
"ENSG00000307719",-0.242755579710361,1.72132693378644,0.221270394950394,0.647570796959352,0.99988016650531
"ENSG00000054282",-0.0733454884101126,7.57672522724875,0.221049190438338,0.647729495670763,0.99988016650531
"ENSG00000091157",-0.096413652279548,5.43090046553419,0.221039224133842,0.647736835203673,0.99988016650531
"ENSG00000108960",0.153855790189132,3.16414303426205,0.220760355553651,0.647942489735453,0.99988016650531
"ENSG00000238755",0.298018150063114,0.96166566021699,0.220739028801158,0.647965421807539,0.99988016650531
"ENSG00000224467",-0.238719974738853,1.08185457339935,0.220638234964312,0.648039454856898,0.99988016650531
"ENSG00000240342",0.0935024230583674,6.39759533177117,0.220578994568557,0.648075493539729,0.99988016650531
"ENSG00000186298",0.0824244100711961,6.93782618302053,0.220551142632026,0.648096000644241,0.99988016650531
"ENSG00000138613",0.111992709803352,4.16612058258156,0.220422382983473,0.648191004675149,0.99988016650531
"ENSG00000288612",-0.157299450698762,2.87247830140515,0.220234148801001,0.648330156804102,0.99988016650531
"ENSG00000149100",0.0783849145704269,7.88653874850122,0.220228688987873,0.648333560093609,0.99988016650531
"ENSG00000272721",0.460497873396419,0.416399233863055,0.220258801422595,0.648347563039615,0.99988016650531
"ENSG00000066336",-0.0827903916295675,8.34279757835237,0.22015932700931,0.648384688861998,0.99988016650531
"ENSG00000157168",-0.120101084169622,3.55694259882875,0.22011161687393,0.64842016953751,0.99988016650531
"ENSG00000143373",-0.122407213345101,3.35036764988658,0.220066685071226,0.648453430734878,0.99988016650531
"ENSG00000059377",0.0766229302821315,6.1927033821224,0.219978607585314,0.648517952948575,0.99988016650531
"ENSG00000266120",-0.37421313420171,0.272923120853259,0.220015058273838,0.648553876862979,0.99988016650531
"ENSG00000180185",-0.11539184734311,3.92594702487382,0.219875932901494,0.64859392426495,0.99988016650531
"ENSG00000300059",0.337864045321559,1.49807832067689,0.219868319021114,0.648645204783598,0.99988016650531
"ENSG00000185324",-0.0907192479108975,4.23164931132812,0.219752834249834,0.648684704179837,0.99988016650531
"ENSG00000141956",-0.125397988791308,3.29332927773811,0.219601333967183,0.648796783798726,0.99988016650531
"ENSG00000204620",0.262808417754152,0.650826819116387,0.219603294164178,0.648820727030779,0.99988016650531
"ENSG00000141232",-0.075487160553624,4.64243478877441,0.219534445870542,0.648845897887974,0.99988016650531
"ENSG00000139154",-0.096787427761819,5.86385922865327,0.219472506799654,0.648891510140339,0.99988016650531
"ENSG00000233470",0.389172817178654,0.526029839627322,0.21937593877522,0.64901782165497,0.99988016650531
"ENSG00000175324",-0.0803283327288948,6.53699495185167,0.219201176321765,0.649091996155358,0.99988016650531
"ENSG00000154734",0.194275011217199,1.81617160541777,0.219119205846405,0.649156019493873,0.99988016650531
"ENSG00000152193",0.0971782376625352,4.27725233179204,0.218989641294248,0.649248575699272,0.99988016650531
"ENSG00000128965",-0.172346283740072,1.55770335913161,0.218923231141136,0.649301276807325,0.99988016650531
"ENSG00000205670",-0.12572152848408,2.85068362453672,0.218885306797405,0.649326318345866,0.99988016650531
"ENSG00000276241",0.213157252515995,1.82825465043725,0.218858858041792,0.649347694595768,0.99988016650531
"ENSG00000121892",-0.0770538652995989,7.18378145501096,0.218844620645076,0.649355690603782,0.99988016650531
"ENSG00000187514",-0.0800769201235653,11.0874205981559,0.218838758606765,0.64936002717167,0.99988016650531
"ENSG00000182405",0.175633130805193,2.31898105424493,0.218790391830762,0.649397128432301,0.99988016650531
"ENSG00000163013",0.118277594381277,3.83042705877494,0.218688561761732,0.649471433101798,0.99988016650531
"ENSG00000303314",0.148008842898561,4.88582351930973,0.218675579625353,0.649480867380483,0.99988016650531
"ENSG00000174928",0.264711843241992,0.979157358641514,0.21864722504069,0.649513116911442,0.99988016650531
"ENSG00000100605",0.0866753121088234,4.8712857043106,0.218557186001278,0.64956858061659,0.99988016650531
"ENSG00000305647",0.500884054923684,0.787051421403768,0.218004672130372,0.649704583246005,0.99988016650531
"ENSG00000145982",0.0729728323615953,6.08511542916919,0.218228362452047,0.649812083157649,0.99988016650531
"ENSG00000140694",0.0810694491036876,5.921146266508,0.218164608733045,0.64985934420532,0.99988016650531
"ENSG00000139800",0.165343215510128,2.65825178230263,0.218120772698884,0.649892830543823,0.99988016650531
"ENSG00000135469",0.206515901835521,1.94563979333831,0.218108844110306,0.649903090843195,0.99988016650531
"ENSG00000258667",-0.12808599326102,5.027298470316,0.218023471365721,0.649964020066646,0.99988016650531
"ENSG00000106868",-0.0737006620017144,5.05635341104733,0.217938509691295,0.650027031994645,0.99988016650531
"ENSG00000041988",-0.162993700595444,2.9088341752462,0.217933570290289,0.650031439800692,0.99988016650531
"ENSG00000138316",-0.115656737990815,3.86328269211529,0.217830789494142,0.650107141176353,0.99988016650531
"ENSG00000004809",0.0864811676796071,4.75133798092527,0.21780231260411,0.650128197960709,0.99988016650531
"ENSG00000173889",-0.0788165680658911,5.95148043872465,0.217762939130689,0.650157294937504,0.99988016650531
"ENSG00000274253",0.263426041298988,0.544996897818558,0.217755507390423,0.650181605663063,0.99988016650531
"ENSG00000183889",0.113857038138219,3.07026516791383,0.217709485331685,0.650197547231332,0.99988016650531
"ENSG00000231903",-0.233753816148496,0.658023262106669,0.217630831867623,0.650282839135805,0.99988016650531
"ENSG00000185345",-0.126405685692871,5.00403234861443,0.217577698210795,0.650294867557906,0.99988016650531
"ENSG00000163346",-0.128002607500498,5.34856838760764,0.217565690089602,0.650303740904241,0.99988016650531
"ENSG00000127419",-0.08681684696909,4.37856269626114,0.217448259385422,0.650391102830945,0.99988016650531
"ENSG00000293415",0.182642419314666,1.61862426218406,0.217421569657333,0.650414345465525,0.99988016650531
"ENSG00000198400",-0.20243908494234,1.31152781299371,0.217421448923874,0.650415293977817,0.99988016650531
"ENSG00000185730",-0.131168165227272,2.99046944609678,0.217322797169991,0.650484782141495,0.99988016650531
"ENSG00000124356",-0.0704998948608971,5.10833572008881,0.217310261939826,0.650493501411673,0.99988016650531
"ENSG00000130522",-0.0852369448179676,7.98674499066618,0.21709790942854,0.650651341787337,0.99988016650531
"ENSG00000153130",-0.0879436497682695,5.05959708389862,0.21702769845934,0.65070361889091,0.99988016650531
"ENSG00000288000",0.181598773610471,2.0071741195716,0.216827571422445,0.650854380097079,0.99988016650531
"ENSG00000153310",-0.0780391827891143,9.06441489482897,0.21674970026232,0.650910399129107,0.99988016650531
"ENSG00000112941",-0.0819470854006895,5.11768652084302,0.216670431592537,0.65096942568754,0.99988016650531
"ENSG00000185127",-0.100747555639388,4.81775405035085,0.216552922504527,0.651057032352825,0.99988016650531
"ENSG00000258232",0.546006653244704,2.6405189538446,0.216488738368232,0.651107786193167,0.99988016650531
"ENSG00000165669",-0.0921610625308571,5.75379654267611,0.216471948509321,0.65111723006429,0.99988016650531
"ENSG00000227039",0.142495940836578,4.52487521246586,0.216404786446244,0.651167395897559,0.99988016650531
"ENSG00000119411",-0.343681176569102,0.743116265992986,0.216446197191662,0.651205223419531,0.99988016650531
"ENSG00000167981",0.136110624643389,2.48423936308096,0.216333435816048,0.65122147731666,0.99988016650531
"ENSG00000134146",0.077936045901867,6.51217732218136,0.21631130674362,0.651236918602409,0.99988016650531
"ENSG00000079999",-0.0796687894755463,6.17101067476229,0.216300078238969,0.651245288750271,0.99988016650531
"ENSG00000139187",0.246330457510586,1.46321330982277,0.216246100552784,0.651290064052085,0.99988016650531
"ENSG00000298984",0.2333285192983,2.74248806279509,0.21623171521012,0.65129700814111,0.99988016650531
"ENSG00000286117",-0.350438698903841,0.956760667767983,0.216065029406797,0.651458789652141,0.99988016650531
"ENSG00000226647",0.226466391107671,1.79541092366306,0.215994644024714,0.651475771984596,0.99988016650531
"ENSG00000146776",-0.0863113449136908,6.53422911440264,0.215983297444891,0.651481487881759,0.99988016650531
"ENSG00000309888",-0.336313270354407,0.115658299306429,0.216053651224028,0.651501686089487,0.99988016650531
"ENSG00000025423",0.382800787486507,0.860013323686586,0.215836874624394,0.651605134231489,0.99988016650531
"ENSG00000234664",0.22754292201554,1.51258364448043,0.215626213574338,0.651752712319789,0.99988016650531
"ENSG00000240553",-0.100708094345633,3.97259446578657,0.215579760086211,0.651782871963857,0.99988016650531
"ENSG00000215256",0.0994361831245501,4.70474857730133,0.215411839384164,0.651908253428804,0.99988016650531
"ENSG00000125814",0.145979506652171,2.57405664981174,0.215103698305928,0.652139338310471,0.99988016650531
"ENSG00000145975",0.398110953952639,0.212942928928116,0.215000035583529,0.652262674618269,0.99988016650531
"ENSG00000100351",0.24866509246006,0.633940047891904,0.214968019799841,0.652276995370886,0.99988016650531
"ENSG00000198858",-0.0798557965777911,5.28630959733841,0.214878942035342,0.652306610391261,0.99988016650531
"ENSG00000109536",-0.0776300384571985,5.22255389786977,0.214820245925983,0.652350540230237,0.99988016650531
"ENSG00000213047",0.0755258425629654,4.91751050925356,0.214804290941328,0.652362585581417,0.99988016650531
"ENSG00000156313",0.0931560043871168,4.52588837770696,0.214766540952316,0.65239086129645,0.99988016650531
"ENSG00000125650",0.214410133079946,1.61391853418312,0.214765285173105,0.652395021947469,0.99988016650531
"ENSG00000012660",0.0689233097923854,6.05139702734391,0.214721327634816,0.652424573942751,0.99988016650531
"ENSG00000182700",-0.160991460170051,2.15024303652039,0.214669612831804,0.652465111311519,0.99988016650531
"ENSG00000120029",-0.07624540403293,6.22575318947485,0.214636907830302,0.65248778212932,0.99988016650531
"ENSG00000165417",-0.0705899623117511,4.97701498796675,0.214455659577488,0.652623616960186,0.99988016650531
"ENSG00000197363",-0.209389420406176,1.37331289485718,0.214348299046197,0.652710898292601,0.99988016650531
"ENSG00000142188",-0.114073096332018,5.98316761189319,0.214149559564952,0.652852985583517,0.99988016650531
"ENSG00000007376",0.0986114621533477,4.13248917038019,0.214139266918376,0.652860900772612,0.99988016650531
"ENSG00000256364",0.394689535058518,0.55900025792586,0.214096999360657,0.652913844558334,0.99988016650531
"ENSG00000133561",0.116362225389662,3.2884252914713,0.214067295421404,0.652915128506462,0.99988016650531
"ENSG00000137801",-0.109157188573057,5.25937068002782,0.214007368375223,0.652959643039172,0.99988016650531
"ENSG00000239246",-0.112080192312633,5.42274646577115,0.213749912878533,0.653152856817198,0.99988016650531
"ENSG00000180626",0.181380688994591,2.30280290523679,0.213623439806071,0.653249162061891,0.99988016650531
"ENSG00000117450",-0.0855162528085447,9.59165009203417,0.213590756673587,0.653272357027244,0.99988016650531
"ENSG00000231064",-0.329847601473569,0.637800716461036,0.213560927078478,0.653319256084894,0.99988016650531
"ENSG00000261526",-0.263505654206624,1.73206474114788,0.213484877610234,0.653355233981764,0.99988016650531
"ENSG00000254553",0.286694038891896,0.396085099540901,0.213406272208476,0.653443791526735,0.99988016650531
"ENSG00000168439",0.079016822027785,7.18856456839181,0.213330817572678,0.653467669826899,0.99988016650531
"ENSG00000136161",0.0937335023672468,5.64199847099984,0.213199706066242,0.653566245914208,0.99988016650531
"ENSG00000171634",-0.0771428688714837,7.54382344593782,0.21314595765263,0.653606657622177,0.99988016650531
"ENSG00000259349",-0.147271606031019,2.39658441429276,0.213137051683216,0.653614508567912,0.99988016650531
"ENSG00000143322",0.0699740868252923,6.10030388955842,0.213112552013889,0.653631785311047,0.99988016650531
"ENSG00000175984",-0.369572361862576,0.593356101756847,0.213118668738621,0.653655669969919,0.99988016650531
"ENSG00000288885",0.345581891323719,0.29907077049263,0.213137778260901,0.653695845464288,0.99988016650531
"ENSG00000241316",-0.29398531703192,0.385776324027608,0.212916728301495,0.653833652443453,0.99988016650531
"ENSG00000228065",-0.0901416173871782,5.76987131249177,0.212710252824998,0.6539345455468,0.99988016650531
"ENSG00000125630",0.0832087397495523,4.3395074560231,0.212703644929654,0.653939667996621,0.99988016650531
"ENSG00000297780",0.221489946744632,0.925627947039366,0.212673484016102,0.653978632540929,0.99988016650531
"ENSG00000293754",0.258343350929843,0.920827295559216,0.212522323687484,0.654090198135116,0.99988016650531
"ENSG00000143442",-0.075178908303395,7.05520172083537,0.212382068996316,0.65418177951205,0.99988016650531
"ENSG00000119471",0.0862236635035459,5.01743354184596,0.212343507227515,0.654210908127295,0.99988016650531
"ENSG00000185614",0.465682494891806,1.02420593346991,0.212246602629066,0.65433807437355,0.99988016650531
"ENSG00000224424",0.257600792351732,0.962258020051046,0.211928555823691,0.654533160701197,0.99988016650531
"ENSG00000170633",-0.073245891345425,5.99048014888547,0.211897870288564,0.654546988097102,0.99988016650531
"ENSG00000275119",-0.136588722020304,3.58128596768518,0.211884125468913,0.654557649010412,0.99988016650531
"ENSG00000221909",-0.121103245798011,2.9573318514491,0.211851904789542,0.65458225433501,0.99988016650531
"ENSG00000247077",0.0872916944509269,5.27128403015647,0.211822041531163,0.654604237985854,0.99988016650531
"ENSG00000289694",-0.183884024511808,1.31269854231428,0.211825802745565,0.654609288754901,0.99988016650531
"ENSG00000229192",-0.299890618315048,0.147787936895093,0.211868892717502,0.654618580262739,0.99988016650531
"ENSG00000296108",-0.111270407729072,3.50979428876289,0.211772711769069,0.654641785196799,0.99988016650531
"ENSG00000171863",-0.100999922478759,10.1652153613832,0.211741815439292,0.654664795522912,0.99988016650531
"ENSG00000176444",0.0701334012040827,5.26534535031288,0.211737575579447,0.654668011220179,0.99988016650531
"ENSG00000240497",-0.396212581441347,0.197779732776291,0.211719169803737,0.654749275884342,0.99988016650531
"ENSG00000163536",-0.110405238214655,4.61876862165374,0.211533780738637,0.654822066367398,0.99988016650531
"ENSG00000230107",0.344911797469718,1.29749378064919,0.21140156742887,0.654926043197756,0.99988016650531
"ENSG00000188706",-0.105298441647401,3.59037785187701,0.211374486686971,0.654942621011669,0.99988016650531
"ENSG00000260852",-0.174028111776106,1.7176683390385,0.211368315337186,0.65495015540497,0.99988016650531
"ENSG00000135404",-0.084663579417207,9.00864114676088,0.211273060841305,0.655018999820169,0.99988016650531
"ENSG00000101473",-0.100956009151175,3.97268509465367,0.211256714074992,0.655031581236477,0.99988016650531
"ENSG00000260381",0.509105020363964,-0.0223034795423058,0.211289309750337,0.655070719901038,0.99988016650531
"ENSG00000122025",-0.138120254877905,3.40391809360395,0.211198739447332,0.655075642430907,0.99988016650531
"ENSG00000120805",0.0967151002121394,4.06486680649567,0.211166005855982,0.655100165516113,0.99988016650531
"ENSG00000204611",0.185894692696407,1.91744662467983,0.211132777842307,0.65512759272728,0.99988016650531
"ENSG00000287383",0.238151152280011,1.1199294410722,0.211090676876033,0.655167728475445,0.99988016650531
"ENSG00000169814",0.106303800613168,3.22843984621783,0.211042134714024,0.655194121828481,0.99988016650531
"ENSG00000018510",0.0674568108914836,5.75302613669332,0.210954937803302,0.655259664693341,0.99988016650531
"ENSG00000211689",0.13910434876595,2.41850094581059,0.210938124553733,0.655273920013593,0.99988016650531
"ENSG00000175087",0.137614022499226,2.68817007126664,0.210756546680176,0.655410708707162,0.99988016650531
"ENSG00000189144",0.123042936963744,3.50617089616664,0.210636990487805,0.655500737785401,0.99988016650531
"ENSG00000230537",0.277280710962206,0.852505980036988,0.210575991510293,0.655559958411172,0.99988016650531
"ENSG00000000003",-0.255165156682828,0.733729192525377,0.210498044632721,0.655627150401034,0.99988016650531
"ENSG00000159840",-0.074425320909529,7.89856055739922,0.21038368039352,0.655692368092895,0.99988016650531
"ENSG00000198887",0.0799559208867167,6.01169233203142,0.210281621031449,0.655769755242118,0.99988016650531
"ENSG00000181804",-0.0725759226464897,5.84463062747516,0.21028054217311,0.655770573899406,0.99988016650531
"ENSG00000169857",0.128650704367751,4.02702196070364,0.210259257461817,0.655786908942551,0.99988016650531
"ENSG00000135823",0.103767951779026,3.98285280952888,0.210215262188574,0.655820260143102,0.99988016650531
"ENSG00000164050",0.376381965240588,0.459221487124887,0.210236701650303,0.655847616916971,0.99988016650531
"ENSG00000172232",-0.100657672082631,7.53066317880356,0.210129551374053,0.655885096172522,0.99988016650531
"ENSG00000069998",0.0845967561435747,5.90648758211563,0.210045700118342,0.655948722608785,0.99988016650531
"ENSG00000291115",-0.20007638789819,1.19358270553122,0.209933897287689,0.65604004034737,0.99988016650531
"ENSG00000188153",-0.349067333659555,0.286939309636031,0.209948842388321,0.656076036857902,0.99988016650531
"ENSG00000308061",-0.232014568371181,0.951885496045234,0.209861257122804,0.656098091583199,0.99988016650531
"ENSG00000247903",0.268924584898544,0.302413706802339,0.2099078001658,0.656109759991468,0.99988016650531
"ENSG00000297649",-0.170000166472533,3.08992115791176,0.209790037452274,0.656143754839905,0.99988016650531
"ENSG00000164258",-0.0728252110207756,5.99898467675657,0.209763317332935,0.65616309602126,0.99988016650531
"ENSG00000260661",-0.258301947224708,0.849453243863533,0.209768760253956,0.656172191062952,0.99988016650531
"ENSG00000107281",0.267525533164635,0.584763018460295,0.209737536364857,0.656208540130049,0.99988016650531
"ENSG00000219626",-0.079494492322111,4.70384617058494,0.209639476870204,0.656257293797458,0.99988016650531
"ENSG00000087245",0.103899837201734,4.34376493198151,0.20962789355637,0.65626611373205,0.99988016650531
"ENSG00000168288",0.073488763825432,6.25166701293112,0.209444431746213,0.656405392409303,0.99988016650531
"ENSG00000169607",-0.10252302573193,3.88805141430825,0.209425467831695,0.656420049539428,0.99988016650531
"ENSG00000099337",-0.0691014834851415,5.0406779046551,0.209387640439658,0.656448600796303,0.99988016650531
"ENSG00000213790",0.317261503059488,0.395392830414267,0.209279834032048,0.6565690179319,0.99988016650531
"ENSG00000189227",0.120625444678135,3.88211355253393,0.209192378499628,0.656597345413416,0.99988016650531
"ENSG00000291081",0.297315903611612,0.447589061802032,0.209226262492162,0.65660610195104,0.99988016650531
"ENSG00000230084",0.0985334075753725,4.26165767696036,0.209010627216176,0.656735524981433,0.99988016650531
"ENSG00000107821",0.320259813644985,0.573997445078752,0.20904310150143,0.656737668508566,0.99988016650531
"ENSG00000099901",0.084933472890554,7.87187248338248,0.208959258567149,0.656774470403463,0.99988016650531
"ENSG00000232162",0.300101189532439,1.35430336598982,0.208911717515916,0.656815408396121,0.99988016650531
"ENSG00000180233",-0.110060506390005,5.32843835259849,0.208900276790282,0.656819387089909,0.99988016650531
"ENSG00000170584",-0.0921586926473801,5.09287568605763,0.208686869124092,0.65698196247066,0.99988016650531
"ENSG00000286729",0.102914070668338,3.49174359605601,0.208648946940576,0.657011121290665,0.99988016650531
"ENSG00000237170",-0.221545015738079,1.21150038422645,0.208614127477096,0.657044886701907,0.99988016650531
"ENSG00000253207",-0.334133603106081,0.714806867639013,0.208605100454367,0.657067904086133,0.99988016650531
"ENSG00000175697",0.215511857861515,0.965776197096671,0.208581462484757,0.657073050051011,0.99988016650531
"ENSG00000102897",-0.121748669698298,4.17681045791476,0.208494331331671,0.657128806809705,0.99988016650531
"ENSG00000197943",-0.0679212319264972,6.72296015461554,0.208453756535898,0.657159576337652,0.99988016650531
"ENSG00000115421",-0.0882362129702298,4.2382318258515,0.208303986653042,0.657273945235355,0.99988016650531
"ENSG00000125821",0.0878946613130228,4.30089066852572,0.20830113489803,0.657276119961206,0.99988016650531
"ENSG00000250509",0.203706581367059,0.987298534882675,0.20829958445706,0.657285330294182,0.99988016650531
"ENSG00000179051",-0.0739609443415002,7.57368817586257,0.208279093159574,0.657292770757328,0.99988016650531
"ENSG00000308298",0.203138394938388,1.63736853189208,0.208260717409835,0.65730973620042,0.99988016650531
"ENSG00000137177",-0.120700696264868,3.05523093217353,0.208245771216818,0.657318675825704,0.99988016650531
"ENSG00000167863",-0.0781385420735834,7.04361078532084,0.208206953798037,0.657347803908878,0.99988016650531
"ENSG00000307798",-0.235263459572995,1.20453908388096,0.208097373988778,0.657438426781587,0.99988016650531
"ENSG00000050393",0.0879911986957963,4.1386179949504,0.208016412708855,0.657493386115524,0.99988016650531
"ENSG00000170248",-0.0672718495841564,6.81331019221875,0.207979502008993,0.657521395114371,0.99988016650531
"ENSG00000154175",-0.186004247202812,1.48449228205595,0.20795218472223,0.657545994410867,0.99988016650531
"ENSG00000196498",-0.0755344706594093,6.52783439292895,0.207893102952922,0.657587365705506,0.99988016650531
"ENSG00000256338",-0.08586744112559,7.21136476523671,0.207870368032409,0.657604726532808,0.99988016650531
"ENSG00000134058",0.0791475255388846,4.55493079410644,0.207802341739634,0.657656821820915,0.99988016650531
"ENSG00000267152",0.178334083102559,1.96743727371879,0.20774193468727,0.657704929092542,0.99988016650531
"ENSG00000162592",0.302808890783045,0.494907660441488,0.207829561819095,0.657705590420095,0.99988016650531
"ENSG00000185219",0.130802239063277,3.26996731113873,0.207611706756919,0.657802789479513,0.99988016650531
"ENSG00000128185",-0.116438899558572,3.93847928751936,0.207363140582592,0.657992634741606,0.99988016650531
"ENSG00000176868",0.267540156751551,0.926621763021354,0.207379273741515,0.657997666658877,0.99988016650531
"ENSG00000169131",0.257986982224756,1.42554298387899,0.207315295297967,0.658033024916315,0.99988016650531
"ENSG00000109133",-0.0678606102343802,6.18006153877538,0.207302655101187,0.658038653489419,0.99988016650531
"ENSG00000203499",-0.234431326246701,1.2347808631002,0.20721387158956,0.658113417468905,0.99988016650531
"ENSG00000152266",-0.23913138880906,1.31786563455855,0.207198475450914,0.65812430426034,0.99988016650531
"ENSG00000187624",0.147093132901823,2.21864662372044,0.207165458558488,0.658145388372429,0.99988016650531
"ENSG00000177034",0.142773876392648,4.08806575824758,0.20708904232988,0.658202284404194,0.99988016650531
"ENSG00000304592",0.17849183221309,2.68396041613786,0.206982009508135,0.658284724670628,0.99988016650531
"ENSG00000121380",0.12852000040685,3.26109287771776,0.206950876749759,0.658308332265049,0.99988016650531
"ENSG00000307307",0.103002719516101,5.36699153748126,0.206922094074045,0.658329945118514,0.99988016650531
"ENSG00000105427",0.46424698844565,2.02153274369,0.206856330916883,0.658385175554002,0.99988016650531
"ENSG00000205085",-0.213443233640984,1.33352401009421,0.206798688826208,0.658428996558315,0.99988016650531
"ENSG00000260917",-0.239872586993693,1.41493698830185,0.206697594742374,0.658506860067031,0.99988016650531
"ENSG00000065491",-0.0745879284569567,4.84033261422716,0.206542702685593,0.65862075226825,0.99988016650531
"ENSG00000116871",-0.0688794526253261,5.45335186918102,0.206415161010364,0.658718462266925,0.99988016650531
"ENSG00000181773",0.388121285863425,0.0721526874428659,0.206428387557542,0.658764724161616,0.99988016650531
"ENSG00000213892",0.23967654378172,0.457718864182365,0.206368759169709,0.658781891056378,0.99988016650531
"ENSG00000234705",-0.0754689288050782,6.3661707235514,0.206211807902838,0.658874470092562,0.99988016650531
"ENSG00000235034",0.139842833713632,3.35185006288851,0.20611560449428,0.658948711187885,0.99988016650531
"ENSG00000186409",-0.0765581707876784,5.16507306583583,0.206091754889635,0.658966632752947,0.99988016650531
"ENSG00000136149",-0.0813228062870372,6.66994298845843,0.206071357480792,0.658982280395423,0.99988016650531
"ENSG00000094631",-0.0895688309709185,3.90053978346217,0.205953183287883,0.659073245437998,0.99988016650531
"ENSG00000115548",-0.127566030315987,4.78193346503206,0.205906777705537,0.659108795230275,0.99988016650531
"ENSG00000105968",-0.0859339465857441,7.56484403592743,0.205812312439121,0.659181240831195,0.99988016650531
"ENSG00000163481",0.121689501786414,3.13875235142994,0.205700233506809,0.659267873970098,0.99988016650531
"ENSG00000270629",-0.0886641717967333,5.95851430881233,0.205638196716262,0.6593150627087,0.99988016650531
"ENSG00000136986",-0.0646966702367414,6.32031074265037,0.205582672085672,0.659357749016424,0.99988016650531
"ENSG00000052749",0.0803831812190011,4.63326137354546,0.205526272942023,0.659401248304679,0.99988016650531
"ENSG00000231453",0.0767138756189906,4.76330052533962,0.205479223152188,0.659437429422545,0.99988016650531
"ENSG00000204991",0.157977229583533,2.39577605696691,0.205395471133984,0.659503014895171,0.99988016650531
"ENSG00000102978",-0.0752436841789981,5.56346600273157,0.205345419854306,0.659540238428302,0.99988016650531
"ENSG00000101452",-0.0965858912130576,4.18945084690501,0.205334252535347,0.659548987006235,0.99988016650531
"ENSG00000299845",-0.324552081879717,0.382703002952247,0.205370609845953,0.659559686628089,0.99988016650531
"ENSG00000310392",-0.161119708820914,1.79017100987156,0.205314325517115,0.659567003720885,0.99988016650531
"ENSG00000308900",0.0963083010858536,4.50625601201441,0.20513300030502,0.659703863225412,0.99988016650531
"ENSG00000270175",-0.294370414434866,0.0578343040334327,0.205177317473404,0.659740594061399,0.99988016650531
"ENSG00000271643",-0.288120068693338,0.995507250232654,0.205091277692911,0.659752729981366,0.99988016650531
"ENSG00000164904",0.188345551865767,1.86917679432161,0.205044561166406,0.659774284383451,0.99988016650531
"ENSG00000122694",-0.1229257668705,5.42276538275146,0.205029323121756,0.65978356533671,0.99988016650531
"ENSG00000168710",-0.0660292164324233,6.6558899396062,0.205014207687964,0.65979519750284,0.99988016650531
"ENSG00000153879",-0.0689362279307089,5.78440107590178,0.204989294609703,0.659814391380128,0.99988016650531
"ENSG00000165475",0.0952064119592075,3.83531084489274,0.20495494449318,0.659841077530555,0.99988016650531
"ENSG00000104812",-0.0653197394881802,6.09966577718828,0.20492754212118,0.659861956550872,0.99988016650531
"ENSG00000142039",-0.0740540926254093,4.7399769973073,0.204915078101144,0.659871684289079,0.99988016650531
"ENSG00000245311",-0.297393706244569,0.754294587391771,0.204936015596929,0.659879483951332,0.99988016650531
"ENSG00000165948",-0.110064804137552,3.95270748100292,0.204895787089483,0.659886664356411,0.99988016650531
"ENSG00000136689",-0.100382639731981,6.43450741738097,0.204800499375248,0.659959844114006,0.99988016650531
"ENSG00000179526",-0.103167591412396,5.40603475851168,0.204777035237147,0.659977938005534,0.99988016650531
"ENSG00000124422",0.0690886332291005,5.92339325303399,0.204667334029886,0.660062494193302,0.99988016650531
"ENSG00000075234",-0.104418034228041,4.1426611783935,0.20465483770114,0.660072290521234,0.99988016650531
"ENSG00000126500",-0.404825281063213,0.713322695137167,0.204647524183155,0.660123557799686,0.99988016650531
"ENSG00000171159",-0.132329950743951,5.09917867551965,0.2045545783672,0.660149517179602,0.99988016650531
"ENSG00000107443",-0.13585787191188,3.53298246244121,0.204478725911863,0.660208261187878,0.99988016650531
"ENSG00000111011",-0.102355079467282,6.34711983228716,0.204436111757616,0.660240819319889,0.99988016650531
"ENSG00000172732",-0.0711649834112779,5.91210574184588,0.204325917841139,0.660325852097602,0.99988016650531
"ENSG00000198626",0.259645155737749,1.40860972107512,0.204287061374557,0.66036061373445,0.99988016650531
"ENSG00000236976",-0.122988206041906,2.88793468501688,0.204174687510377,0.660443324612914,0.99988016650531
"ENSG00000154727",0.0767645224323322,4.53437369728233,0.204123808947091,0.660482012445428,0.99988016650531
"ENSG00000168538",-0.079031966335273,5.33769787476837,0.204116328609817,0.660487661322605,0.99988016650531
"ENSG00000260565",0.146924424946055,2.16758018731347,0.204066088537656,0.66052796329992,0.99988016650531
"ENSG00000104613",0.0655561426287572,6.90340233387695,0.204059229070217,0.660531748978835,0.99988016650531
"ENSG00000184985",-0.0754458665233416,4.86495210674728,0.204056146015671,0.660534215719954,0.99988016650531
"ENSG00000108788",-0.0718941221765565,5.94714859588279,0.20392032354696,0.660639062447621,0.99988016650531
"ENSG00000089006",0.067117771567382,5.63221721596836,0.203899537158945,0.660655127740795,0.99988016650531
"ENSG00000152234",0.0735384902821614,7.64053767607174,0.203898154892412,0.660656187687471,0.99988016650531
"ENSG00000111424",0.0814337392998778,4.25471581224368,0.203848277958475,0.660694894529044,0.99988016650531
"ENSG00000077312",-0.0703181906936242,7.10850467523855,0.203752402340213,0.660768842661978,0.99988016650531
"ENSG00000237436",0.217165622099893,0.591032991212631,0.203755779023082,0.660784648434428,0.99988016650531
"ENSG00000163126",0.205504314003098,1.32434693063077,0.203651007304283,0.660851792240362,0.99988016650531
"ENSG00000115825",-0.075816405074624,6.20263622886095,0.203483826449499,0.660976560038975,0.99988016650531
"ENSG00000197785",0.104083239869165,4.62958552746,0.203392604690015,0.661047283929475,0.99988016650531
"ENSG00000147649",-0.0771040036136083,8.91007919072351,0.203389862462301,0.661049267348614,0.99988016650531
"ENSG00000300739",0.126121847565685,4.06928964365909,0.203372209266542,0.661063157436463,0.99988016650531
"ENSG00000179119",0.112547194912586,4.27700165091108,0.203347034487376,0.661082571391151,0.99988016650531
"ENSG00000260027",-0.289479020342742,1.6500008181972,0.203199316233761,0.661199714170302,0.99988016650531
"ENSG00000306723",0.272427723602727,0.428862289560112,0.203192044064504,0.661252181126748,0.99988016650531
"ENSG00000164120",-0.309074111319947,0.455984148930836,0.203081322069915,0.66132835170124,0.99988016650531
"ENSG00000166181",-0.0702990755395939,6.41230802988579,0.202991962716915,0.661357397552378,0.99988016650531
"ENSG00000124608",0.0803273112920765,4.53174383957635,0.202991938543391,0.661357552717896,0.99988016650531
"ENSG00000229539",0.13879244830256,2.81811698684879,0.202926485679905,0.661408773401231,0.99988016650531
"ENSG00000282951",0.399382561900604,0.126589989925869,0.202978034014253,0.661422976157496,0.99988016650531
"ENSG00000083544",0.0774671457318409,4.76682273163033,0.20256732112122,0.661686756348945,0.99988016650531
"ENSG00000145833",0.0669708397810849,7.00530672314445,0.202390740373308,0.66182367179625,0.99988016650531
"ENSG00000119042",-0.0872272157056894,7.42367417808261,0.202319989647282,0.661878597179059,0.99988016650531
"ENSG00000143878",-0.128961749235538,3.54053287384913,0.202021050883355,0.662111117978424,0.99988016650531
"ENSG00000078142",-0.0834999824597073,5.08437737207638,0.201958589441501,0.662159361706714,0.99988016650531
"ENSG00000159228",-0.0885447144110899,5.8027378820941,0.201742165188076,0.662327623575883,0.99988016650531
"ENSG00000141279",-0.0632047588553949,7.15248743197211,0.201702677370912,0.662358331941028,0.99988016650531
"ENSG00000167895",0.260272101814396,3.8633667818687,0.201531369840534,0.662491841952683,0.99988016650531
"ENSG00000170445",0.0681291659961774,5.32617508080322,0.201452951461369,0.662552668147984,0.99988016650531
"ENSG00000115159",-0.102134431867975,6.47790161637063,0.20130628444305,0.662666854867644,0.99988016650531
"ENSG00000218283",-0.158462469104809,3.46092873917644,0.201050921618493,0.662866129175045,0.99988016650531
"ENSG00000267101",-0.266476569439153,0.6485917986227,0.201097218082886,0.662869920106111,0.99988016650531
"ENSG00000100575",-0.0775698130425399,5.38307110909833,0.201044132545604,0.662871107247143,0.99988016650531
"ENSG00000290931",0.113076104596908,3.42312363507442,0.201003222826404,0.662903325992871,0.99988016650531
"ENSG00000113318",0.0784860809232873,5.95068015540223,0.200988166211015,0.662914723614312,0.99988016650531
"ENSG00000169609",-0.0897929565519062,4.00117320137301,0.200935687490631,0.662955835994781,0.99988016650531
"ENSG00000156876",0.0863412685642166,4.15090907189042,0.200889917840751,0.662991501703629,0.99988016650531
"ENSG00000151414",-0.0784569909968789,5.92569241215926,0.200865606620199,0.663010281437229,0.99988016650531
"ENSG00000130307",-0.178298849455646,1.43810560032591,0.200870719456006,0.663010574300973,0.99988016650531
"ENSG00000120885",-0.170267405191043,3.12634826351343,0.200837332752901,0.663032999657526,0.99988016650531
"ENSG00000110079",-0.218122260356508,3.05565548877343,0.200807461406262,0.663056476604892,0.99988016650531
"ENSG00000182154",0.0875021473036766,7.222579578865,0.200774834406421,0.663081073284605,0.99988016650531
"ENSG00000120889",0.0853437169390166,5.20716441815796,0.200773737629423,0.663081940750387,0.99988016650531
"ENSG00000145864",0.16105712627696,2.58660798499118,0.200719856947204,0.663124819811,0.99988016650531
"ENSG00000255503",0.208779863616462,1.20664385236341,0.200650671262119,0.663184806178881,0.99988016650531
"ENSG00000286225",0.181169244970986,2.33959284111099,0.200536567313848,0.663268156397465,0.99988016650531
"ENSG00000131914",0.260949477788714,0.31465794613944,0.200584609078428,0.663277388353972,0.99988016650531
"ENSG00000198585",-0.0985986875661515,4.2629005485502,0.200449131059899,0.663335425335925,0.99988016650531
"ENSG00000198093",0.225329162404494,0.87137590399723,0.200424424509498,0.663366582123476,0.99988016650531
"ENSG00000136699",0.0872097524250445,4.61858434724623,0.20027279700962,0.663473115794245,0.99988016650531
"ENSG00000253322",0.189405789264561,2.35999362703575,0.200226112922167,0.663510802205471,0.99988016650531
"ENSG00000038219",-0.0783935270328641,6.74022700372298,0.200163316244595,0.663558525373723,0.99988016650531
"ENSG00000117151",-0.193840911231379,2.19417479379265,0.200131364176777,0.663584924014234,0.99988016650531
"ENSG00000183625",0.228351698010974,1.47064589497944,0.200133747213716,0.663585861840513,0.99988016650531
"ENSG00000300196",0.225209441096403,1.20035703143776,0.20011306817587,0.663603587318753,0.99988016650531
"ENSG00000186862",0.1900830408099,3.32642822767522,0.200029164805395,0.663663805842468,0.99988016650531
"ENSG00000295480",0.345653774841831,0.599087465481952,0.199871039708822,0.6638127024402,0.99988016650531
"ENSG00000073792",-0.0729961591364873,6.76124085670455,0.199723969547794,0.663902099052882,0.99988016650531
"ENSG00000011523",0.151286491952969,3.15245194371245,0.199688810784259,0.663930113467347,0.99988016650531
"ENSG00000160336",-0.105409737178792,3.69566043554329,0.199669627792019,0.663944881500878,0.99988016650531
"ENSG00000268858",0.179082793125348,1.72911406683023,0.199461819386212,0.664109996377362,0.99988016650531
"ENSG00000126067",-0.0795052822975173,7.46660957451457,0.199379807959916,0.664171556114465,0.99988016650531
"ENSG00000109099",0.212229718191213,1.19517577044829,0.199379319488169,0.664177454184641,0.99988016650531
"ENSG00000188895",-0.0716031528239323,5.43406250012264,0.199361989663503,0.664185525406161,0.99988016650531
"ENSG00000235724",0.232635948931717,0.71503967599793,0.199347694760842,0.664210356058005,0.99988016650531
"ENSG00000180773",0.0869504696521737,5.7505420502725,0.19924559291532,0.664276721722804,0.99988016650531
"ENSG00000113621",-0.0831836957967247,4.01886657401307,0.199205837058628,0.664308073320174,0.99988016650531
"ENSG00000253217",-0.156123591040954,2.53314616662614,0.199191323841452,0.664320378029097,0.99988016650531
"ENSG00000169016",-0.105144780950291,3.32640514883227,0.1991364715077,0.664362632980348,0.99988016650531
"ENSG00000134910",0.100062855451052,6.55551149475116,0.199128741581403,0.664368306334357,0.99988016650531
"ENSG00000274265",-0.0765144307309202,5.37456506552518,0.199061458997295,0.66442106697027,0.99988016650531
"ENSG00000168116",0.100548925336918,4.25127963142775,0.198997247992273,0.664471574144224,0.99988016650531
"ENSG00000226532",-0.132267759289888,2.98347765411775,0.198960900003872,0.664500594323119,0.99988016650531
"ENSG00000241081",-0.121793697564522,3.15017977147757,0.198953276970125,0.664506401760559,0.99988016650531
"ENSG00000196711",-0.149093726936544,2.41988153371027,0.19886604455816,0.66457546639081,0.99988016650531
"ENSG00000183242",-0.254604095625534,1.41981832307066,0.198849859130328,0.664591807402155,0.99988016650531
"ENSG00000153046",-0.087676731416804,5.88030405869552,0.19866956518926,0.664728533304901,0.99988016650531
"ENSG00000159884",-0.0814588650078578,4.62948524036026,0.198620504025662,0.664767180211828,0.99988016650531
"ENSG00000295227",-0.209786349767085,0.758919033098189,0.198633517958348,0.66477354541192,0.99988016650531
"ENSG00000139990",-0.0721513399737083,5.85354282864899,0.198526115525507,0.664841173735734,0.99988016650531
"ENSG00000151348",0.0761602503794512,4.82780617542493,0.198515318664114,0.664849754368995,0.99988016650531
"ENSG00000145916",-0.0848160695770633,4.25831502766193,0.19850049677056,0.664861449251769,0.99988016650531
"ENSG00000187164",0.124159163879727,5.86345245058376,0.198494915115613,0.664865679137005,0.99988016650531
"ENSG00000105866",0.111535126967043,3.21872592896942,0.198494423883999,0.664866508384462,0.99988016650531
"ENSG00000083828",0.0783910716573592,5.11796777516134,0.198456092937763,0.664896184968264,0.99988016650531
"ENSG00000162849",0.0813361512391,4.40763382682374,0.198376259406235,0.664959037425065,0.99988016650531
"ENSG00000006534",0.088646756561186,4.3164106961976,0.19830714158956,0.665013362386559,0.99988016650531
"ENSG00000138829",0.0959390213567302,5.13992763875031,0.198269022823877,0.66504318170414,0.99988016650531
"ENSG00000213654",-0.074095576069469,5.71346676897164,0.198265090472211,0.665046264203342,0.99988016650531
"ENSG00000173744",0.0666133680511156,5.98488917378537,0.198245731856991,0.66506147850201,0.99988016650531
"ENSG00000274810",0.245276192968371,0.277731803627735,0.198270090632491,0.665103652949938,0.99988016650531
"ENSG00000140807",0.10878639156565,3.63263976965263,0.19817298118998,0.665118937993436,0.99988016650531
"ENSG00000244086",-0.0856862783250584,7.87810020956717,0.198099339219997,0.665176574385898,0.99988016650531
"ENSG00000214810",-0.249859118253582,0.243737504117058,0.198151731898947,0.665183153682676,0.99988016650531
"ENSG00000072849",-0.0895031028370024,4.19800679389694,0.198041128058448,0.665222519862533,0.99988016650531
"ENSG00000116337",-0.102741558449472,3.94116432027608,0.197999010944613,0.665255709235157,0.99988016650531
"ENSG00000155858",0.163490849997655,2.35588672717752,0.19781131635501,0.665404486303507,0.99988016650531
"ENSG00000269386",-0.118624120770031,3.32686530405362,0.197796712340788,0.665415097122263,0.99988016650531
"ENSG00000170190",0.195266502973712,2.33217764609165,0.197787551781745,0.665423309955448,0.99988016650531
"ENSG00000287216",0.210679874223381,3.2919872029212,0.197722027354843,0.66547382492324,0.99988016650531
"ENSG00000095370",0.197319761592815,2.25338384143459,0.197674922221853,0.665511842609424,0.99988016650531
"ENSG00000258984",-0.111114697425922,3.21825730253483,0.197666697499772,0.665517446288024,0.99988016650531
"ENSG00000112367",-0.0765331941123427,4.65012772907833,0.197656657212172,0.665525078603719,0.99988016650531
"ENSG00000152229",-0.11893388764296,7.48838793480856,0.197352593570309,0.66576450245647,0.99988016650531
"ENSG00000258377",-0.275825013253835,0.919698648380449,0.197290823682816,0.665827892441187,0.99988016650531
"ENSG00000070047",-0.0909825092293186,4.59501361056501,0.197267894460845,0.665831406363899,0.99988016650531
"ENSG00000198000",-0.0808169605179452,5.90530599847895,0.197241266545576,0.665852273020676,0.99988016650531
"ENSG00000175175",0.124003624194054,4.24838082446252,0.197222599793139,0.665867140877151,0.99988016650531
"ENSG00000236581",0.278248849514928,0.834001451443938,0.197096710583288,0.665982378597144,0.99988016650531
"ENSG00000266604",0.242127615861308,0.494939361457901,0.197059629491444,0.666020446596186,0.99988016650531
"ENSG00000130734",-0.0966558918484154,3.71614727667566,0.197028245761522,0.666020554581921,0.99988016650531
"ENSG00000164190",-0.0901940508035271,6.98410867595487,0.196984990245142,0.666054419945909,0.99988016650531
"ENSG00000296713",-0.157128941027977,1.78921011825811,0.196895164426439,0.666128084655587,0.99988016650531
"ENSG00000104205",-0.0998356497045231,5.09739720999692,0.196807971225859,0.666194179673153,0.99988016650531
"ENSG00000214575",-0.20004642870179,1.54170498080868,0.196715862691255,0.666270442234734,0.99988016650531
"ENSG00000168843",0.230954161183258,1.79970119887143,0.196466906235579,0.666466351664157,0.99988016650531
"ENSG00000132906",0.105286131977952,3.59198482603325,0.196444795794813,0.666481327279226,0.99988016650531
"ENSG00000159733",0.314699744254296,1.29687412511042,0.196311948198277,0.666590825442008,0.99988016650531
"ENSG00000243766",-0.179444677315138,2.44236098076418,0.196301060318998,0.666596147566565,0.99988016650531
"ENSG00000119782",-0.546764973074083,0.450620886758352,0.196269980696677,0.666667795512551,0.99988016650531
"ENSG00000060491",-0.0738396078423099,6.29123887853908,0.196139638073605,0.666722369378356,0.99988016650531
"ENSG00000114757",-0.102406987769983,4.0542687262542,0.196037098913718,0.66680367127859,0.99988016650531
"ENSG00000254703",0.252200580685698,1.71495291554516,0.196028953484994,0.666812902816901,0.99988016650531
"ENSG00000251680",-0.190145270861089,1.55175036926628,0.196006226751498,0.666831113917395,0.99988016650531
"ENSG00000120314",-0.0780460527095501,4.33621948794101,0.195999800888567,0.666833175874909,0.99988016650531
"ENSG00000167549",0.379396991741514,0.0966706178746435,0.19598337900302,0.66691698189687,0.99988016650531
"ENSG00000227268",-0.254506328623233,0.965591172471065,0.195848842818104,0.666963771009951,0.99988016650531
"ENSG00000187678",0.176391427107,1.71683444986745,0.195791256204284,0.667000648598481,0.99988016650531
"ENSG00000161800",0.111854730670403,3.64457394483628,0.195756036305328,0.667026362965043,0.99988016650531
"ENSG00000227946",-0.228144193488787,0.65251323117733,0.195697016246433,0.667122990397008,0.99988016650531
"ENSG00000159579",-0.0820662882856805,5.75872383026611,0.195572951926108,0.667171111317357,0.99988016650531
"ENSG00000135362",0.335901712171751,0.755922556410998,0.195500486773915,0.667242873959048,0.99988016650531
"ENSG00000145012",0.0769289216076222,8.48930872432637,0.195440094568309,0.667276423164234,0.99988016650531
"ENSG00000135835",0.187602299627064,1.97709818589094,0.195430368328062,0.667286109421568,0.99988016650531
"ENSG00000261235",-0.248173713963147,0.765017441361355,0.19545122907312,0.667286360864165,0.99988016650531
"ENSG00000309350",0.0849130803561782,4.70347306182828,0.195415824288613,0.667295792083336,0.99988016650531
"ENSG00000299204",0.166884046547552,3.50717992090632,0.195355729126939,0.667343686878038,0.99988016650531
"ENSG00000090975",0.182169572436834,2.585535048486,0.195276007081629,0.66740744591933,0.99988016650531
"ENSG00000125166",0.0890581677166344,4.74767547807116,0.195197765787505,0.667468743012093,0.99988016650531
"ENSG00000273472",0.26063976350665,0.463625687163533,0.195215175405761,0.667482565456607,0.99988016650531
"ENSG00000233559",0.196600570409511,4.90192516680739,0.195110534883704,0.667537946078343,0.99988016650531
"ENSG00000163923",0.0864525708299912,4.64075425752067,0.195086336586093,0.667557199192018,0.99988016650531
"ENSG00000303699",0.215781734731504,2.40792744681218,0.195066419609417,0.667574315719428,0.99988016650531
"ENSG00000290074",0.315285745720392,1.24696312993049,0.195037798852849,0.667601880863818,0.99988016650531
"ENSG00000151502",0.0791622101682278,5.34428471320946,0.194969316965041,0.667649980743273,0.99988016650531
"ENSG00000181524",0.173915469940458,1.60966281286386,0.194824684310613,0.667768544500608,0.99988016650531
"ENSG00000112297",0.134171403544295,4.2643153959228,0.194806389425416,0.667779516823187,0.99988016650531
"ENSG00000272807",0.173746495788238,1.71031835085446,0.194702276993468,0.667864979517964,0.99988016650531
"ENSG00000248092",0.111362802279427,3.93493683678863,0.19458416983713,0.667956193714074,0.99988016650531
"ENSG00000133398",0.0768667341746059,4.39770846286141,0.194516837962578,0.668009651755592,0.99988016650531
"ENSG00000072786",0.0621610647940132,6.76974544094695,0.19448138042815,0.668037703690488,0.99988016650531
"ENSG00000168301",-0.205632773548419,0.980078107830962,0.194477990419162,0.668050363823066,0.99988016650531
"ENSG00000205133",-0.100758103933596,3.89753459459838,0.194438619106796,0.668071952344264,0.99988016650531
"ENSG00000138018",0.0694157665461418,5.53629055367406,0.194371267040628,0.668125293553663,0.99988016650531
"ENSG00000164048",0.118108307201496,2.98266131138155,0.194336123089588,0.668153829584046,0.99988016650531
"ENSG00000125170",0.328258712127339,1.22417669202164,0.194108990293804,0.668341170752149,0.99988016650531
"ENSG00000066136",-0.0748711691885802,10.2570825245953,0.194063681367145,0.668370091005307,0.99988016650531
"ENSG00000107984",0.272354290954185,1.37289464490224,0.193982251493409,0.668439416006595,0.99988016650531
"ENSG00000073417",-0.0801097194897393,5.45703322806493,0.193860119432987,0.668532244224196,0.99988016650531
"ENSG00000128607",-0.0657901408137926,6.04030695712423,0.193811247077051,0.668571182746613,0.99988016650531
"ENSG00000223877",0.135004326463779,2.5839364224363,0.193806679685735,0.668575797935634,0.99988016650531
"ENSG00000108061",-0.0696939062529684,6.43955125291223,0.193704107342297,0.6686565752873,0.99988016650531
"ENSG00000117691",0.0905669125738782,5.44675427021283,0.193691940676304,0.668666284790892,0.99988016650531
"ENSG00000126016",0.332690097890955,1.24026198642497,0.193621939939298,0.668730659946464,0.99988016650531
"ENSG00000260442",0.30925900538503,0.688829191930739,0.193246969079231,0.669041335976407,0.99988016650531
"ENSG00000268401",-0.226414267821397,0.402925841788666,0.193260663791234,0.669048913189564,0.99988016650531
"ENSG00000090776",0.119851343520661,3.35526786971056,0.193187136479855,0.669069436868723,0.99988016650531
"ENSG00000168488",-0.0796803293141489,7.37011870603693,0.193108004104992,0.6691322121376,0.99988016650531
"ENSG00000107077",-0.0645410441178997,6.66479944379533,0.193103743379992,0.669135616161994,0.99988016650531
"ENSG00000214967",0.108642419398007,3.01874979156337,0.193098789309986,0.669140142645994,0.99988016650531
"ENSG00000115902",0.0820771238047785,4.1964022555746,0.1930774045606,0.669156811369135,0.99988016650531
"ENSG00000293360",0.251596347461399,0.701234101927923,0.192975207237975,0.669269543465829,0.99988016650531
"ENSG00000109756",-0.0734250232506344,5.16621526814224,0.192852938226086,0.669336017477291,0.99988016650531
"ENSG00000166503",0.174507344411593,1.40097826002468,0.192777653844637,0.669401580152314,0.99988016650531
"ENSG00000237361",0.472958317789435,0.256925279498198,0.192868031060748,0.669403689018785,0.99988016650531
"ENSG00000138336",0.129415856557473,2.8300084080985,0.192737618512892,0.669428910534839,0.99988016650531
"ENSG00000152380",-0.119716446656903,3.73493903461996,0.192736569692408,0.669429277755666,0.99988016650531
"ENSG00000126368",0.200583673697678,0.745998388606029,0.192754953086451,0.669429719610313,0.99988016650531
"ENSG00000075785",-0.0652392562061454,7.65146812881512,0.192714858744292,0.669446393194089,0.99988016650531
"ENSG00000163683",-0.157306023178143,2.41121636343196,0.192685657642274,0.669470894682398,0.99988016650531
"ENSG00000285245",0.188111381768485,1.78853582496004,0.192684597215009,0.669473258918238,0.99988016650531
"ENSG00000156414",0.303190716857222,0.0909969467975555,0.192727495533362,0.669486536070875,0.99988016650531
"ENSG00000260186",-0.19980613621425,1.29634676528746,0.19229515037778,0.669786858818775,0.99988016650531
"ENSG00000268015",0.279251682368304,0.622848216755059,0.192228783815018,0.669859290224455,0.99988016650531
"ENSG00000196507",0.071910363076151,4.7566532065944,0.192179550681811,0.669874931336732,0.99988016650531
"ENSG00000290888",-0.172125633729529,1.73598912222584,0.192132736256201,0.669915127172019,0.99988016650531
"ENSG00000223799",-0.132883082615912,3.67124403696896,0.192122767295094,0.669920545352209,0.99988016650531
"ENSG00000231409",0.101798543478963,3.30681066537494,0.192120141476151,0.669922842443462,0.99988016650531
"ENSG00000228253",0.0799100387138675,7.61298821596901,0.192065840959194,0.669965901885782,0.99988016650531
"ENSG00000301861",0.225765229812426,0.889346907000653,0.192050667755363,0.670004194419862,0.99988016650531
"ENSG00000157796",0.117045346991697,2.87727856543907,0.191995135431897,0.670023146932076,0.99988016650531
"ENSG00000227627",0.218631556700825,1.36298144332331,0.19195161237678,0.670062486182354,0.99988016650531
"ENSG00000100154",-0.074234176710145,5.99953890982284,0.19180172452702,0.670177622089046,0.99988016650531
"ENSG00000236423",-0.316804055570952,0.914867030914414,0.191591730158131,0.670361342862958,0.99988016650531
"ENSG00000303727",-0.231377565395692,0.641737425740692,0.191565120833764,0.670384177171203,0.99988016650531
"ENSG00000238272",-0.237545014674142,0.851027590237978,0.19152500837916,0.670415010438991,0.99988016650531
"ENSG00000103510",-0.076636926021978,4.52442524038449,0.191452482009218,0.670457979941301,0.99988016650531
"ENSG00000105519",-0.182719976880748,1.28342879073936,0.191450550175701,0.670466476089693,0.99988016650531
"ENSG00000172809",-0.0841379790449133,9.65018272517787,0.191354145462622,0.670536799399416,0.99988016650531
"ENSG00000177463",0.0727213280360783,5.33620738638607,0.19132842445169,0.670557467716016,0.99988016650531
"ENSG00000297977",0.0885284346498422,8.81262450538183,0.191280024412269,0.670596330407265,0.99988016650531
"ENSG00000111052",0.0953083521809333,3.96676701063611,0.191245734358424,0.670624073764655,0.99988016650531
"ENSG00000116560",0.0787492589126175,8.35913820212198,0.191165181155604,0.670688595293813,0.99988016650531
"ENSG00000164778",-0.186507926373037,1.5334232295144,0.191051497380016,0.670784035554271,0.99988016650531
"ENSG00000261231",0.270037168851554,0.464081696405803,0.190961843621781,0.670878659421223,0.99988016650531
"ENSG00000160445",-0.108806951230549,4.03772943477772,0.190857324453024,0.670936272415313,0.99988016650531
"ENSG00000205060",0.0883258912505654,4.49098570449027,0.190842459392623,0.670948186659189,0.99988016650531
"ENSG00000204778",-0.193493484514801,0.92182769158271,0.190850855807987,0.670951140796846,0.99988016650531
"ENSG00000250938",0.0897103330412089,4.49205354278031,0.190792053982419,0.670988731427862,0.99988016650531
"ENSG00000287421",0.241638147033366,1.1172289306416,0.190775351384017,0.6710078871731,0.99988016650531
"ENSG00000142082",-0.116273482911783,2.64520028931336,0.190732736096981,0.671037205656592,0.99988016650531
"ENSG00000285731",0.196347559637586,1.75605217026117,0.19068424790264,0.671078019184757,0.99988016650531
"ENSG00000142149",-0.228398937636271,0.890349623746346,0.19065084691842,0.671122216174121,0.99988016650531
"ENSG00000038532",0.0671860188802138,5.87157298744512,0.190547561095281,0.671185368906777,0.99988016650531
"ENSG00000196704",0.132147234721201,3.38938538967816,0.190479493956203,0.671240531394516,0.99988016650531
"ENSG00000285981",-0.351572682741744,-0.0179145295325539,0.19055957241063,0.671261504318014,0.99988016650531
"ENSG00000184232",0.117813954970996,5.54297731869772,0.190406072659682,0.671299315516653,0.99988016650531
"ENSG00000133985",-0.227957889799176,0.545448296158417,0.190380078764055,0.671347041025562,0.99988016650531
"ENSG00000135974",-0.0809762319003353,4.25234083750254,0.190338738953186,0.671353697974727,0.99988016650531
"ENSG00000152457",0.0669510766365934,5.90683916305168,0.190292330355394,0.671390941337218,0.99988016650531
"ENSG00000293178",-0.116774014250176,2.98233228740226,0.190190614035489,0.671473426962699,0.99988016650531
"ENSG00000125482",-0.086269680123422,4.54518198942144,0.190183398364351,0.671478859879837,0.99988016650531
"ENSG00000113391",0.0812100631022676,6.92358277036663,0.190113044356985,0.671535439672323,0.99988016650531
"ENSG00000161944",-0.277321131173529,1.23983684271503,0.19011248547093,0.671541096585324,0.99988016650531
"ENSG00000170906",-0.092973177974117,7.57146660011537,0.19007118620406,0.671569188049537,0.99988016650531
"ENSG00000259678",-0.162614141520396,1.77877170816217,0.189949877572928,0.671669573000095,0.99988016650531
"ENSG00000106772",0.220649451423713,1.19871526416114,0.189936235556781,0.671684263267195,0.99988016650531
"ENSG00000197102",-0.0871778613369357,6.51932566369229,0.189866113572451,0.671734598972295,0.99988016650531
"ENSG00000158966",-0.182916902889586,1.25831624743342,0.189831700389744,0.671767803482493,0.99988016650531
"ENSG00000232973",0.165283560669472,3.2704884852772,0.189655852883565,0.671904645185071,0.99988016650531
"ENSG00000183153",-0.188200047953653,1.54451296387761,0.189582067687374,0.671968729147057,0.99988016650531
"ENSG00000297808",-0.256473196718668,0.942046993686792,0.189579807486315,0.67198297049062,0.99988016650531
"ENSG00000165283",0.0738862955529657,7.45327375229629,0.189551218799595,0.671988797200128,0.99988016650531
"ENSG00000171827",0.166196360372386,1.91449378622686,0.189536864893169,0.672002391639914,0.99988016650531
"ENSG00000050438",0.112058973483591,5.09095534230929,0.189426105862685,0.672089879539349,0.99988016650531
"ENSG00000264324",-0.123942312629753,3.75113330889851,0.189418606567044,0.672096157914079,0.99988016650531
"ENSG00000163145",0.243541155353107,0.739440358886009,0.18940850473595,0.672123900080956,0.99988016650531
"ENSG00000171793",0.0753549450038752,7.90804298522592,0.189377942191719,0.672128783458016,0.99988016650531
"ENSG00000282022",0.25766476926089,0.422362170810214,0.189410894613823,0.672138530646778,0.99988016650531
"ENSG00000198346",-0.131593106058055,2.90011011225844,0.189342785349495,0.672157799117575,0.99988016650531
"ENSG00000104522",0.0994713881585028,4.99164690853447,0.189304309676838,0.672188375387088,0.99988016650531
"ENSG00000136152",0.0856318041400862,4.39417559617616,0.18927964335238,0.672208373255623,0.99988016650531
"ENSG00000167972",0.194290470763858,2.18817088185425,0.189275222172341,0.672213425855585,0.99988016650531
"ENSG00000006015",0.091945827396247,5.70189640562065,0.18926358670259,0.672221219233227,0.99988016650531
"ENSG00000130821",0.136969725171892,3.16526487590299,0.18918127666691,0.672288217940107,0.99988016650531
"ENSG00000017483",-0.0869637510357982,4.22792767507961,0.189090413357568,0.672361402348992,0.99988016650531
"ENSG00000304729",-0.209549969359284,1.0269555040058,0.189052339793142,0.67240092439523,0.99988016650531
"ENSG00000236432",0.173261626290646,2.17894996196344,0.188994002256455,0.672440690367091,0.99988016650531
"ENSG00000308192",-0.169823352789849,1.78843996807473,0.188985594664837,0.672448427763818,0.99988016650531
"ENSG00000185973",0.100603572974248,3.88277568188381,0.188974135668433,0.672455515529019,0.99988016650531
"ENSG00000267348",0.154044281855592,2.18998653599981,0.188936225698634,0.672487403974445,0.99988016650531
"ENSG00000104442",-0.0695632302566063,6.21125042164932,0.188925272909199,0.672494853053087,0.99988016650531
"ENSG00000137818",-0.0900452672400621,11.8325822058855,0.188889811031694,0.672523548989045,0.99988016650531
"ENSG00000237973",-0.0935576442333973,9.59549557742073,0.18887778184944,0.672533285122259,0.99988016650531
"ENSG00000181826",0.0999550490259978,4.1943908627784,0.188802077059116,0.672594720398906,0.99988016650531
"ENSG00000060982",0.0788133158790497,6.63024616828604,0.188787636100861,0.672606260527764,0.99988016650531
"ENSG00000299767",0.213446880055191,1.37784825544582,0.188735979318647,0.672653261471626,0.99988016650531
"ENSG00000307111",0.098140273502338,3.86328941349491,0.188723371294279,0.672658567952606,0.99988016650531
"ENSG00000246876",0.183185323372981,2.23895787101298,0.188690084574527,0.672686494530174,0.99988016650531
"ENSG00000302371",-0.076050206087903,4.58293729381635,0.188549145452806,0.672799545340111,0.99988016650531
"ENSG00000153558",-0.121159131037558,3.27882711561418,0.188456223047721,0.672875091172957,0.99988016650531
"ENSG00000177051",-0.0914987743383374,5.07691218318795,0.18839339581003,0.67292567348034,0.99988016650531
"ENSG00000108582",0.0751890245485629,5.9721676644012,0.188259466195884,0.673034240932814,0.99988016650531
"ENSG00000279453",-0.173442639545633,1.54583940226834,0.187972149436688,0.673271171461593,0.99988016650531
"ENSG00000132964",-0.0835835256067605,4.92603535112833,0.187850826840223,0.673365903558299,0.99988016650531
"ENSG00000169246",0.0714862140637378,5.94726415084628,0.187819415367615,0.673391367122817,0.99988016650531
"ENSG00000176714",0.279236415791851,0.479490124077536,0.187803409996473,0.673456842792342,0.99988016650531
"ENSG00000305021",-0.150376246411692,1.72857588078577,0.187641250653104,0.673538151179043,0.99988016650531
"ENSG00000140009",0.280335888326728,0.324459519298485,0.187684417113398,0.67353939783553,0.99988016650531
"ENSG00000163125",0.0735775296558163,6.17868774279476,0.187635406449003,0.673540848836693,0.99988016650531
"ENSG00000162869",0.0728524601170454,5.32326981924588,0.187634482050781,0.673541609241531,0.99988016650531
"ENSG00000102100",-0.0841155833898975,4.3213261158648,0.187480596177806,0.673666826612844,0.99988016650531
"ENSG00000109066",0.102705842837426,3.46073502619423,0.187477673885191,0.673669491349724,0.99988016650531
"ENSG00000165501",0.0818435585754786,5.03809592493897,0.187470994786807,0.673674542208783,0.99988016650531
"ENSG00000100307",0.233177749780936,2.43113156944524,0.187465881370181,0.673679750767015,0.99988016650531
"ENSG00000238227",-0.0723626258474301,5.88933961495342,0.187382761840519,0.673746234830494,0.99988016650531
"ENSG00000232021",0.255562678423614,0.546624558134752,0.187428010676275,0.673746981783692,0.99988016650531
"ENSG00000303952",0.542306806704074,0.559972172924788,0.186795183300863,0.673785757336768,0.99988016650531
"ENSG00000015153",-0.0738304941836995,5.77386319086855,0.187326723973856,0.673791812668657,0.99988016650531
"ENSG00000294146",0.317498072892334,0.301970749044778,0.18733432000623,0.67382455978222,0.99988016650531
"ENSG00000258082",-0.233225060480473,0.817680296404667,0.187288650869341,0.673835255104189,0.99988016650531
"ENSG00000104723",0.2661766294519,0.747609304007957,0.187289942759934,0.673835396232075,0.99988016650531
"ENSG00000155975",-0.0795354003547253,5.38252984115138,0.18715648151666,0.673930332045457,0.99988016650531
"ENSG00000119681",0.320446577099782,0.893127168390855,0.187160714751939,0.673936256214703,0.99988016650531
"ENSG00000076201",0.0997596591357389,3.86534406775962,0.187132982025817,0.673949675709143,0.99988016650531
"ENSG00000226084",0.0812613328377505,7.34817820978228,0.186978400923872,0.674075294902667,0.99988016650531
"ENSG00000295115",-0.198328947757001,1.30600314464675,0.186898092584307,0.674145712638745,0.99988016650531
"ENSG00000102057",0.282115344998683,0.442657386226358,0.186910836750281,0.674159694854081,0.99988016650531
"ENSG00000258851",-0.268327544893173,0.270149494784318,0.186908117154494,0.674190058134693,0.99988016650531
"ENSG00000183696",-0.0898972614121627,4.17505414152986,0.186824644220805,0.674200683419215,0.99988016650531
"ENSG00000158019",0.0745347365180406,6.60978757162271,0.186805097966129,0.674216459469591,0.99988016650531
"ENSG00000138604",0.0931791110782476,3.91965218474239,0.186795596462881,0.674224400952987,0.99988016650531
"ENSG00000166788",0.0864814616824815,4.37534958741092,0.186692208823971,0.674308599548942,0.99988016650531
"ENSG00000127022",-0.0825608897681267,8.45046688026178,0.186678345847283,0.674319752922461,0.99988016650531
"ENSG00000272338",0.359906873147562,0.331905550591423,0.18665723347844,0.674372084258469,0.99988016650531
"ENSG00000268583",0.159976055546271,2.09229877054666,0.186591629701034,0.67439212165763,0.99988016650531
"ENSG00000159792",-0.0957044320727302,3.90170462213982,0.186585298733879,0.674395832982746,0.99988016650531
"ENSG00000266173",0.288833280171568,0.41129463493074,0.186453545984433,0.674531448385753,0.99988016650531
"ENSG00000090612",0.107995981357325,4.15121348472748,0.186414624205288,0.674534965991472,0.99988016650531
"ENSG00000172803",0.137474170331419,5.67281932972969,0.186396482977765,0.674549613202258,0.99988016650531
"ENSG00000261247",-0.108522124226388,3.27025584029816,0.186347758563138,0.674589881325292,0.99988016650531
"ENSG00000226137",0.128494311409981,4.07747131438661,0.186339566906263,0.674596241896126,0.99988016650531
"ENSG00000112306",-0.0840388339061366,10.4504477841644,0.186245326030729,0.674672955667078,0.99988016650531
"ENSG00000268006",-0.227005174139727,0.755452489810451,0.186207029067783,0.67472094869231,0.99988016650531
"ENSG00000124209",0.0691695902562429,4.8706623155234,0.186162328514596,0.674740803643443,0.99988016650531
"ENSG00000148429",-0.11823951392029,3.74486566445395,0.186143046907336,0.674756699390696,0.99988016650531
"ENSG00000159176",0.0773766736698835,5.60641249894367,0.186049022361885,0.674833246629865,0.99988016650531
"ENSG00000161277",0.206491930703325,1.75583259280438,0.185964080371815,0.674905067393369,0.99988016650531
"ENSG00000008283",0.133108825077863,2.75451989983343,0.185928085614441,0.674932752524215,0.99988016650531
"ENSG00000150681",-0.10415022966512,3.7853001709826,0.18585282335659,0.674993814343777,0.99988016650531
"ENSG00000308103",0.263541851739974,0.157153244384513,0.185730777758637,0.6751590247422,0.99988016650531
"ENSG00000274441",-0.27931280740374,0.501873151790836,0.185506492357497,0.675301089810976,0.99988016650531
"ENSG00000205362",-0.238034179024341,1.11554936785108,0.18539351445931,0.675378541718906,0.99988016650531
"ENSG00000248112",-0.197960843936362,1.30414718734109,0.185213047045024,0.675522026245781,0.99988016650531
"ENSG00000296681",0.272562160934875,0.0757724526461662,0.185270132563451,0.675525592293733,0.99988016650531
"ENSG00000291062",0.391259761949227,-0.0255733493950756,0.185286976570438,0.67554297441002,0.99988016650531
"ENSG00000184428",0.0702717543149473,5.49040761470213,0.185105100328457,0.675605383102936,0.99988016650531
"ENSG00000102362",0.182880139901839,2.10328302566579,0.185099865028577,0.675611415272524,0.99988016650531
"ENSG00000308998",0.205220116660587,1.68326680283109,0.185017742265616,0.675679958785968,0.99988016650531
"ENSG00000309880",-0.210434903537549,0.920344127861461,0.184945717379167,0.675744866000046,0.99988016650531
"ENSG00000238279",0.332883111490597,4.99253446140716,0.18492231857388,0.675755249000202,0.99988016650531
"ENSG00000298947",0.294988915942883,0.964550284361634,0.184923198452595,0.675764941850934,0.99988016650531
"ENSG00000107862",-0.0616117332187827,6.36018747710123,0.184838309520247,0.675824038178193,0.99988016650531
"ENSG00000234241",-0.24712070398592,0.893560477553956,0.184818473287685,0.675853297024847,0.99988016650531
"ENSG00000164151",0.102971457129027,4.86902405673147,0.184712572146439,0.675927253214437,0.99988016650531
"ENSG00000198265",0.0721842798549654,6.62836983667382,0.184609556992172,0.676011675527451,0.99988016650531
"ENSG00000270069",-0.109572339886477,3.37834958573242,0.18458278191995,0.676034005429952,0.99988016650531
"ENSG00000142227",-0.0941036679026619,7.83456957528824,0.184558004726392,0.676053979851178,0.99988016650531
"ENSG00000174373",0.0702043108624066,4.95720433199817,0.184497795114307,0.676103469037862,0.99988016650531
"ENSG00000271380",-0.240455519654664,1.1247898626211,0.184401648448339,0.676189497092175,0.99988016650531
"ENSG00000298196",0.260444083205598,0.687458663882348,0.184359325259244,0.676236983501492,0.99988016650531
"ENSG00000247317",-0.183156469920564,3.0273242298331,0.184265725305282,0.676294486110724,0.99988016650531
"ENSG00000161638",0.0724609600635673,5.38987022170451,0.184197149517286,0.676350322453214,0.99988016650531
"ENSG00000290067",-0.279342428427598,0.288890720814064,0.184237450956309,0.676366491218722,0.99988016650531
"ENSG00000309050",0.299717034860518,-0.00721465051365531,0.184162810889467,0.676458767792688,0.99988016650531
"ENSG00000175970",0.136972743386594,3.21469988953485,0.184035788204168,0.6764833686121,0.99988016650531
"ENSG00000111615",-0.0640314659233324,5.87104582708248,0.184031466851554,0.676486489969009,0.99988016650531
"ENSG00000287093",0.252754775915974,0.0773196686055459,0.184041540778837,0.676538749918893,0.99988016650531
"ENSG00000118495",-0.105711273838496,6.36188418332895,0.183924690685057,0.676574284334536,0.99988016650531
"ENSG00000189195",0.107711696173338,3.06273585149782,0.183905396054586,0.676590620667897,0.99988016650531
"ENSG00000153208",-0.111421481855122,3.00225351221136,0.183874123993206,0.676616360796635,0.99988016650531
"ENSG00000248810",0.23606412621374,0.736171234207206,0.183820729138794,0.676676620994282,0.99988016650531
"ENSG00000274383",0.121446374339183,3.40120882529653,0.183773678048242,0.676698831769223,0.99988016650531
"ENSG00000234500",0.199811451592366,1.56432677740539,0.183620938377315,0.676827576166431,0.99988016650531
"ENSG00000284707",0.110274938537183,3.31272580740527,0.183565983788461,0.676869846388111,0.99988016650531
"ENSG00000238045",-0.139192155680753,3.49084146987921,0.183535168307753,0.676895166036377,0.99988016650531
"ENSG00000005469",0.122604452715128,2.81416335198682,0.183530026654086,0.67689969336023,0.99988016650531
"ENSG00000167536",0.201956922809311,2.20676006866284,0.183337949629252,0.677058860126777,0.99988016650531
"ENSG00000114098",-0.0726742724810255,5.94166702987032,0.183279334036112,0.677105587633093,0.99988016650531
"ENSG00000260075",-0.085885484907373,5.55334838134353,0.183214003077609,0.67715943800901,0.99988016650531
"ENSG00000203667",0.0706521247018549,6.50150463853025,0.183187571781817,0.677181220660835,0.99988016650531
"ENSG00000249375",0.33861451251586,0.705512083884223,0.183083852164122,0.67729782598421,0.99988016650531
"ENSG00000090013",0.102683799222632,5.47383962467468,0.183035371590961,0.677306729580355,0.99988016650531
"ENSG00000116954",-0.11096464237515,3.87184166065632,0.183031814769626,0.67730986753255,0.99988016650531
"ENSG00000171490",-0.0731942855571237,7.48482915185948,0.182996390441704,0.677338874166132,0.99988016650531
"ENSG00000260192",0.196965573142403,1.17867659257648,0.182754336011918,0.677544512242409,0.99988016650531
"ENSG00000241163",-0.110397461286548,3.85467307224697,0.182731905715338,0.677557324665884,0.99988016650531
"ENSG00000135698",-0.0745850023824582,4.99480091085524,0.182683476005309,0.677597197666941,0.99988016650531
"ENSG00000163171",-0.099779254309211,5.68155862449329,0.182625231275119,0.67764523448083,0.99988016650531
"ENSG00000102312",0.244348031994719,1.47742839778515,0.182624024773967,0.67765097745521,0.99988016650531
"ENSG00000154529",-0.0898717383931293,3.91356284637278,0.182598807368343,0.677667309434059,0.99988016650531
"ENSG00000233436",-0.230104808462211,0.260248333946399,0.182533078908232,0.67776677245633,0.99988016650531
"ENSG00000139350",-0.107765448931162,3.48971480493432,0.182444515081844,0.677794865318856,0.99988016650531
"ENSG00000250240",0.309677550541968,0.270745141212852,0.182494350866637,0.677802992266677,0.99988016650531
"ENSG00000125454",-0.0740591585361325,5.11496353531477,0.182356311244144,0.677867471094618,0.99988016650531
"ENSG00000149547",-0.074439359503596,8.39359536856811,0.182284623510944,0.677926692084875,0.99988016650531
"ENSG00000143369",0.107977570055175,4.06031497155268,0.182245513790773,0.677959221693639,0.99988016650531
"ENSG00000165898",-0.115155786722743,4.16262534796269,0.182206391592457,0.677991554524122,0.99988016650531
"ENSG00000227036",-0.129889815498578,2.3447638514949,0.181953755081367,0.678201525110089,0.99988016650531
"ENSG00000089335",0.111672246381387,4.04227665092646,0.181902375412209,0.678243106379128,0.99988016650531
"ENSG00000176393",0.067652206100523,7.0171696976154,0.181824171852475,0.678307692478658,0.99988016650531
"ENSG00000285999",-0.1405813028169,2.82742643685024,0.181822211502219,0.67830994921995,0.99988016650531
"ENSG00000289053",-0.115175239274888,4.27289852879491,0.181753219570108,0.67836659284364,0.99988016650531
"ENSG00000284987",0.212870061875397,0.934741871287493,0.181687022770347,0.678428719540856,0.99988016650531
"ENSG00000198707",0.082748329805348,5.11475848752283,0.181673677660225,0.678432357867329,0.99988016650531
"ENSG00000228826",0.245396774337466,0.714318529073992,0.181641719923764,0.678470420679035,0.99988016650531
"ENSG00000183742",-0.131583797694534,2.9090594386717,0.18160929931174,0.678486212804971,0.99988016650531
"ENSG00000108187",-0.127196234798535,2.8079084508814,0.181565336140928,0.67852276836981,0.99988016650531
"ENSG00000159023",-0.0651286290981068,5.61065547557975,0.181400204624211,0.67865901977786,0.99988016650531
"ENSG00000137409",-0.074678636441102,6.84302271114981,0.181356078459498,0.678695606714138,0.99988016650531
"ENSG00000116396",0.177915201370165,2.20190107201015,0.181254659896791,0.67878121682274,0.99988016650531
"ENSG00000149658",-0.0692947863098819,4.88399978852253,0.181213009923266,0.678814370282491,0.99988016650531
"ENSG00000110711",0.0688089529028036,5.42035862493459,0.181192386185123,0.678831411271896,0.99988016650531
"ENSG00000147669",-0.0794877309553934,6.61412929616734,0.18116148474191,0.678857045310596,0.99988016650531
"ENSG00000072163",-0.299368828098349,0.714236591209622,0.18113785706343,0.678901279633345,0.99988016650531
"ENSG00000121879",-0.0777206869371164,5.28128498324756,0.181065424857787,0.67893678666948,0.99988016650531
"ENSG00000157890",0.388557719397019,1.07986156270851,0.181063909439271,0.678946808918888,0.99988016650531
"ENSG00000124074",0.115842560610438,2.82504623331509,0.180993111105925,0.678997624282545,0.99988016650531
"ENSG00000293819",0.259719344885659,-0.0907444561439038,0.180859916110578,0.679052448813098,0.99988016650531
"ENSG00000167978",-0.0748520932105093,8.11874538619123,0.180892358779351,0.679080485330015,0.99988016650531
"ENSG00000171476",0.213519876887302,1.02533711264782,0.180888953076434,0.67909455203866,0.99988016650531
"ENSG00000162599",-0.207091910775449,2.01504503836169,0.180859119512982,0.679110031855686,0.99988016650531
"ENSG00000255363",0.310893106091136,0.133972296711848,0.180913104211036,0.679123849102697,0.99988016650531
"ENSG00000284678",0.249000775145654,0.968265278177475,0.180846842361629,0.679131521770812,0.99988016650531
"ENSG00000160818",0.0783141723726694,6.48877798604299,0.180809591728564,0.679149244757412,0.99988016650531
"ENSG00000143772",-0.0966383509041003,3.93467725451698,0.18078069247212,0.679173464712098,0.99988016650531
"ENSG00000172845",0.0629226090062502,6.62923954732567,0.180637890237696,0.679291942239561,0.99988016650531
"ENSG00000138750",-0.070816135668514,5.83449770702515,0.18057545313085,0.679343856887224,0.99988016650531
"ENSG00000260465",-0.26482939277981,1.07761770968542,0.180513218484428,0.679403496217895,0.99988016650531
"ENSG00000108474",0.0973921772293539,3.55085313047227,0.180486774843904,0.679417908009702,0.99988016650531
"ENSG00000188242",0.339874424138646,0.292849788021248,0.180486238429716,0.679453269874616,0.99988016650531
"ENSG00000121350",-0.0838022033127592,4.6761116784354,0.180413354731729,0.679478793582209,0.99988016650531
"ENSG00000234614",-0.256619380953442,0.376316772435843,0.180383050599219,0.679549108365608,0.99988016650531
"ENSG00000114120",0.0797213292110697,5.54803169665184,0.180255032208822,0.679610427669589,0.99988016650531
"ENSG00000173114",-0.253561807064694,1.23358168872086,0.180252987450603,0.679617818628694,0.99988016650531
"ENSG00000161654",-0.0756261233935907,6.20561921818476,0.180216975352808,0.679642101599218,0.99988016650531
"ENSG00000130714",-0.112780707092207,3.00111537273598,0.180152902192929,0.679695980465271,0.99988016650531
"ENSG00000198836",-0.0712011848492027,6.21062914745829,0.180110360350527,0.679730871695545,0.99988016650531
"ENSG00000228302",-0.181314819384682,1.64889973979147,0.17990386942801,0.679906225442789,0.99988016650531
"ENSG00000172053",0.0637479592014487,5.70737031222947,0.179838566243286,0.679957320555114,0.99988016650531
"ENSG00000287823",0.284445526080313,2.64581331098309,0.179745697657965,0.680035405270073,0.99988016650531
"ENSG00000104695",-0.0634544569012865,6.39908898428997,0.179742030155816,0.680037792645281,0.99988016650531
"ENSG00000112312",0.0817466994546789,4.72918881403512,0.179603227091709,0.680153671276737,0.99988016650531
"ENSG00000148688",0.0723516429059008,5.2275123627132,0.17947557029507,0.680260073731973,0.99988016650531
"ENSG00000132763",0.10663606820002,3.40181931591079,0.179457583607095,0.680275446540862,0.99988016650531
"ENSG00000001461",0.0872036590152037,4.08762875468471,0.179403063369859,0.680320772425428,0.99988016650531
"ENSG00000261604",-0.13995252862241,3.75931227145475,0.179246214268225,0.680451769482887,0.99988016650531
"ENSG00000128641",0.0958890022370491,3.50443509368199,0.179123799105285,0.680554056759967,0.99988016650531
"ENSG00000287917",0.268294876703389,0.507143486070357,0.179063476438918,0.680628249229966,0.99988016650531
"ENSG00000100439",0.206355339023209,1.25047813660282,0.179033848413094,0.680634603029396,0.99988016650531
"ENSG00000169895",-0.0690011180356444,5.65033047148539,0.178969158931402,0.680683037189033,0.99988016650531
"ENSG00000177303",0.215514872794991,1.78941406503741,0.178964088699262,0.68069010010678,0.99988016650531
"ENSG00000143771",0.0865316585776765,7.13552600586944,0.178916215555899,0.680727291710346,0.99988016650531
"ENSG00000163166",0.071985708032401,6.0412479881807,0.1789130925499,0.680729905808413,0.99988016650531
"ENSG00000105520",0.161242420420354,2.58191975811704,0.178873723038127,0.680763749119341,0.99988016650531
"ENSG00000265218",0.102013096321171,3.35616931342702,0.178805024823055,0.680820607650395,0.99988016650531
"ENSG00000281392",0.249931285224928,1.22822734309862,0.178809520953064,0.680822722509591,0.99988016650531
"ENSG00000283541",0.244421492201438,0.575742250638383,0.178841569537295,0.680824339436314,0.99988016650531
"ENSG00000238083",0.0881704675593143,4.37188213689773,0.178667042652345,0.680935842889536,0.99988016650531
"ENSG00000301154",0.33346119602594,0.701177601951255,0.178669589215017,0.680959422921928,0.99988016650531
"ENSG00000169139",0.061551818823863,6.40416725561715,0.178466132192242,0.681103882375935,0.99988016650531
"ENSG00000105364",0.0786584552170779,6.93131233583668,0.178463654094519,0.68110595610112,0.99988016650531
"ENSG00000105854",0.100798315326099,3.71573899191378,0.178422747714035,0.681140470371074,0.99988016650531
"ENSG00000227615",-0.0767863676134986,6.3500103391987,0.178420364447337,0.681142209091448,0.99988016650531
"ENSG00000232077",-0.189781559855024,1.09627240889907,0.178336693450287,0.681218544390102,0.99988016650531
"ENSG00000128011",0.384261319060632,0.930669945160315,0.178324779313097,0.681231545348606,0.99988016650531
"ENSG00000105700",0.0781889147849458,6.6545858068981,0.178284476189143,0.681256035289473,0.99988016650531
"ENSG00000108599",0.0685789907354213,5.71317845100832,0.178281046665902,0.681258913189151,0.99988016650531
"ENSG00000198795",0.0662434622668909,7.27096149996034,0.178276326906136,0.68126286220213,0.99988016650531
"ENSG00000142065",0.0992567772108822,3.50956350689822,0.17825739348487,0.68127902047067,0.99988016650531
"ENSG00000238258",-0.37610182875001,0.168056989786805,0.17827657868125,0.681292462143164,0.99988016650531
"ENSG00000116473",0.0620602444681805,8.34295214830179,0.178195273550379,0.681330782770902,0.99988016650531
"ENSG00000080608",0.0683626398352872,6.8592434115387,0.178160388923271,0.681360022412524,0.99988016650531
"ENSG00000105483",-0.0601426928143697,6.04494175417606,0.177979971176697,0.681511296014717,0.99988016650531
"ENSG00000008710",0.0908024881480136,3.91153752862075,0.177877104452052,0.681597794369392,0.99988016650531
"ENSG00000115145",0.0761743355265674,4.70309670083955,0.177863183187641,0.681609381746604,0.99988016650531
"ENSG00000146918",0.0700611819106288,4.77168553714918,0.177834640373387,0.681633316268436,0.99988016650531
"ENSG00000198931",-0.0883070332605022,7.07721621416468,0.17779984151138,0.681662413372948,0.99988016650531
"ENSG00000224063",0.26273474911064,2.7901546758737,0.177707990548034,0.68174023771866,0.99988016650531
"ENSG00000104980",0.083861882163856,5.24013877970401,0.177610615088209,0.681821276647491,0.99988016650531
"ENSG00000156171",-0.0669923483796288,6.29430519143021,0.177606375940838,0.681824825325535,0.99988016650531
"ENSG00000143314",-0.0637467601732843,6.33501548195618,0.177528406357817,0.681890309211598,0.99988016650531
"ENSG00000133812",-0.062311064007712,6.3201084038552,0.177491344378722,0.68192144148349,0.99988016650531
"ENSG00000151806",0.0890059981837357,3.96595327780254,0.177393823412806,0.682003571050555,0.99988016650531
"ENSG00000177370",-0.093611479904833,3.37957233428045,0.177361576735331,0.682030828572862,0.99988016650531
"ENSG00000249637",0.125143104236175,2.6433920101003,0.177271855721664,0.68210664642144,0.99988016650531
"ENSG00000100796",-0.0656860964091756,6.23527853272077,0.177267324098768,0.68210970664392,0.99988016650531
"ENSG00000186810",0.143577634776872,2.27566095182942,0.176961122011348,0.682368759947309,0.99988016650531
"ENSG00000082898",0.0659813285607673,7.80644592816808,0.176858704919546,0.68245346856955,0.99988016650531
"ENSG00000294897",0.188473403464748,0.880688420745087,0.176833379288017,0.682484198324538,0.99988016650531
"ENSG00000129214",0.36875992847737,0.256989950526648,0.17657681512387,0.682501671523594,0.99988016650531
"ENSG00000186871",0.263762760025404,1.51643982681948,0.176793584431858,0.682512379648176,0.99988016650531
"ENSG00000132170",0.202555362009992,3.34673390897716,0.176772849309096,0.682526158316122,0.99988016650531
"ENSG00000273088",0.283821178004393,0.851400382442815,0.176687064010496,0.682615396007373,0.99988016650531
"ENSG00000134283",0.0584862588393152,6.74763660329493,0.17661681188862,0.682657193465289,0.99988016650531
"ENSG00000109917",0.0953085712024014,4.8861506488088,0.17659029662451,0.682679624441291,0.99988016650531
"ENSG00000198039",0.0775281958163363,4.49853081854979,0.176583143067614,0.682685695619449,0.99988016650531
"ENSG00000143367",0.178820521388405,1.1696494037292,0.176576231310139,0.682698431946297,0.99988016650531
"ENSG00000277855",0.136708348770402,2.39467952562208,0.176504142138103,0.682753322545568,0.99988016650531
"ENSG00000205238",0.267327118077332,2.86541047101299,0.176469735756761,0.682781897508419,0.99988016650531
"ENSG00000127511",-0.0695611168830789,4.86159445306537,0.17631133762999,0.68291479080809,0.99988016650531
"ENSG00000256982",0.40560443777384,0.672134696078748,0.176294420676568,0.682948375143862,0.99988016650531
"ENSG00000142186",0.0647416079072291,4.94865472938973,0.176249211720229,0.682967184247691,0.99988016650531
"ENSG00000144120",0.15359523952769,2.83103339208713,0.176226401274925,0.682987011548642,0.99988016650531
"ENSG00000235065",-0.150885278494468,1.75967588125643,0.176214344615477,0.682999510089465,0.99988016650531
"ENSG00000232004",-0.222011721698104,0.787093311947834,0.176183482025592,0.683034724467723,0.99988016650531
"ENSG00000257135",0.222986744232031,0.532147979145517,0.176189912901709,0.683040471805155,0.99988016650531
"ENSG00000237476",0.130785679586687,2.85530992884747,0.176145983582189,0.68305494741106,0.99988016650531
"ENSG00000236814",-0.19652424316112,0.705680769926279,0.176165918099934,0.683054967698033,0.99988016650531
"ENSG00000262919",0.0864945040669069,4.33967619880891,0.175999963458534,0.68317760212056,0.99988016650531
"ENSG00000130764",-0.0881939869911631,4.65388599891553,0.175903316279866,0.683259196028443,0.99988016650531
"ENSG00000144736",0.0723188159121421,4.65932532422133,0.17585942756689,0.683296265791659,0.99988016650531
"ENSG00000151474",0.0773890583409367,5.38427835935068,0.175716135009621,0.683417220350837,0.99988016650531
"ENSG00000124006",0.103143161786811,3.93949722790071,0.17570220698378,0.683429196481481,0.99988016650531
"ENSG00000224363",-0.104972598596921,4.76438899069439,0.175623661271841,0.683495476650752,0.99988016650531
"ENSG00000213864",-0.253428596651747,0.310006882139107,0.175651054791453,0.683517322815666,0.99988016650531
"ENSG00000277969",-0.111542119871132,3.82518144936855,0.175505474352892,0.68359550799196,0.99988016650531
"ENSG00000130755",-0.0721727982563422,7.38684785299964,0.17539433183012,0.683689319306376,0.99988016650531
"ENSG00000268798",0.267551399805577,0.730919541094487,0.175397400820186,0.683700807739865,0.99988016650531
"ENSG00000244363",0.0753650953266361,6.58204366633572,0.175371045225616,0.683709023030267,0.99988016650531
"ENSG00000240891",0.322997410920519,0.153146656148028,0.175457462075197,0.683709679636825,0.99988016650531
"ENSG00000061676",0.238702029558213,2.2624433293886,0.175231787725072,0.683828032175198,0.99988016650531
"ENSG00000090905",-0.0731147003599591,6.37318188836573,0.17520987260424,0.683845429112553,0.99988016650531
"ENSG00000107897",-0.0795805243869046,4.25759632222375,0.175205565087822,0.683849219941616,0.99988016650531
"ENSG00000230333",0.165880598390092,1.78591807661872,0.175179931881441,0.683873451007816,0.99988016650531
"ENSG00000230424",-0.0961394998824308,3.60555726674878,0.17513984750842,0.683904985048606,0.99988016650531
"ENSG00000169641",-0.0776849585464413,5.74307869029916,0.175107831951696,0.683931831361448,0.99988016650531
"ENSG00000196476",0.142074340194311,3.35256721476936,0.174855410337943,0.684146062395789,0.99988016650531
"ENSG00000224543",0.172387416721742,1.68747504554555,0.174711588166113,0.684270727095283,0.99988016650531
"ENSG00000135740",-0.275612160071977,1.00998278864417,0.174697858705646,0.684291140662773,0.99988016650531
"ENSG00000121022",-0.195310787676347,1.84606090278213,0.174561226351499,0.684397401212083,0.99988016650531
"ENSG00000135775",-0.0698781096794007,4.96272547948064,0.174542742295875,0.684410904510021,0.99988016650531
"ENSG00000196652",-0.104499402448119,3.2328628706837,0.174491285160017,0.684454900821307,0.99988016650531
"ENSG00000105974",-0.224105003778343,2.33272854526745,0.174448104821461,0.68449267091333,0.99988016650531
"ENSG00000293737",0.35057168730585,0.418969237184976,0.174485170116505,0.68449292048151,0.99988016650531
"ENSG00000175334",-0.0854551866141668,6.88510622656383,0.17439491347744,0.684536299575877,0.99988016650531
"ENSG00000155008",-0.0874214433512134,4.8041187388285,0.17437226099201,0.684555629039239,0.99988016650531
"ENSG00000110013",0.179570232755777,2.55015200214649,0.174258907341187,0.684652816700779,0.99988016650531
"ENSG00000291214",-0.071605598844481,4.95364515084022,0.174206885997662,0.684696047874814,0.99988016650531
"ENSG00000217094",-0.105210578854065,3.89491272269584,0.174184643913886,0.684715082106032,0.99988016650531
"ENSG00000188342",0.0705121201740739,6.55017485956236,0.174009933795573,0.684863328868755,0.99988016650531
"ENSG00000138771",0.125215714279449,4.06276744938633,0.173882007398971,0.684972240350606,0.99988016650531
"ENSG00000139324",0.103749847402669,3.55046003002808,0.173853387265802,0.684996697392922,0.99988016650531
"ENSG00000267104",0.173212526368736,1.51838246730603,0.17376551375431,0.685075325863558,0.99988016650531
"ENSG00000273308",-0.262099732976373,0.179631038927164,0.173824184211091,0.68509789652797,0.99988016650531
"ENSG00000158292",-0.183368673157479,1.86409954278679,0.173690671429795,0.68513773526144,0.99988016650531
"ENSG00000085382",0.101501820652242,3.31060243946109,0.173678709188899,0.68514543943221,0.99988016650531
"ENSG00000117410",-0.0777249356336376,8.38438779553571,0.173675430203268,0.685147826684802,0.99988016650531
"ENSG00000243449",-0.0754366031558633,6.23747073756401,0.173635304131198,0.685181979962146,0.99988016650531
"ENSG00000257354",0.0745349280477867,4.54714921417258,0.173616140569781,0.685198408043826,0.99988016650531
"ENSG00000152952",-0.11378796299087,2.915230769123,0.173567923969315,0.685239897921049,0.99988016650531
"ENSG00000240137",0.172072605539636,1.39949659012114,0.173463844344795,0.685332103965211,0.99988016650531
"ENSG00000138617",0.154494303373742,2.10632209077038,0.1734080151901,0.685377182973454,0.99988016650531
"ENSG00000166347",-0.0733458852806397,6.5560924683968,0.173400738119835,0.685381701121098,0.99988016650531
"ENSG00000249835",0.541128318093649,0.15019169089286,0.173435117536442,0.685417757796991,0.99988016650531
"ENSG00000280029",0.184204707723136,1.67658272609291,0.17335360607443,0.68542431304077,0.99988016650531
"ENSG00000236088",-0.0794099782507827,5.01928975220165,0.173294434771177,0.685472280347704,0.99988016650531
"ENSG00000083750",-0.0957783969720501,3.77838984600813,0.173256333198325,0.685504966151563,0.99988016650531
"ENSG00000140682",0.195626990434672,1.76675374062045,0.17312860958312,0.685617142471527,0.99988016650531
"ENSG00000204406",0.069281632268543,7.15934110033088,0.173102115342054,0.685636196466116,0.99988016650531
"ENSG00000288856",0.275657078819612,1.55847406767593,0.173009280554924,0.685719322945339,0.99988016650531
"ENSG00000256852",0.330521436071399,0.0743948188476744,0.17286285830935,0.685904068182555,0.99988016650531
"ENSG00000287494",0.190580471931502,1.21487094454453,0.172777902143049,0.685917204230259,0.99988016650531
"ENSG00000173120",-0.0648262603127108,7.31126197289383,0.172762894869832,0.685925607766355,0.99988016650531
"ENSG00000171466",0.0698347090670336,5.3399583817173,0.172653885106252,0.686018693525347,0.99988016650531
"ENSG00000147862",0.31245853976668,1.53369169889801,0.172601712133051,0.686067181410339,0.99988016650531
"ENSG00000104714",-0.067480485585717,5.97745729241335,0.172412346405386,0.68622504203321,0.99988016650531
"ENSG00000171862",-0.0644830306807608,7.21710125581665,0.172381686491335,0.686251244493199,0.99988016650531
"ENSG00000228981",0.246009830437237,0.766515795938882,0.172322421022632,0.686321067925593,0.99988016650531
"ENSG00000169062",-0.0626088247549093,5.52535144972705,0.172236470124946,0.686375412383786,0.99988016650531
"ENSG00000262117",0.226665939744369,0.808515486621462,0.172110073875331,0.686496725911589,0.99988016650531
"ENSG00000165684",0.0724109094511752,4.9412349307255,0.1720899151641,0.686500847238811,0.99988016650531
"ENSG00000169020",0.081951684189251,7.63233453096833,0.172015081439994,0.686564809104345,0.99988016650531
"ENSG00000197548",0.071264426692097,9.45529056376989,0.171849158918475,0.686706855809117,0.99988016650531
"ENSG00000143443",-0.0860548840238906,8.16672955679851,0.171778635095517,0.686767256444506,0.99988016650531
"ENSG00000072954",0.35993153276295,1.72742187873279,0.171736746187092,0.686805799270117,0.99988016650531
"ENSG00000212994",0.0747220588637762,5.49165853367498,0.171732392466447,0.686806879321812,0.99988016650531
"ENSG00000162512",0.229706676076484,3.64681940996789,0.171558111075165,0.686956464331712,0.99988016650531
"ENSG00000249753",-0.197008373714342,0.630582067852,0.171513610736741,0.687011653555397,0.99988016650531
"ENSG00000030066",0.0620077469553467,5.7621372505601,0.171384847466449,0.687104794241482,0.99988016650531
"ENSG00000167562",-0.106536876594223,3.52321704554403,0.171375774420349,0.687112861088236,0.99988016650531
"ENSG00000185716",-0.0639610368948493,5.3504263006272,0.17131733991006,0.687162708406211,0.99988016650531
"ENSG00000129084",0.0858502707613152,5.75840450882641,0.171308328182941,0.687170435796648,0.99988016650531
"ENSG00000100385",0.385910968072527,1.58157966384235,0.171261329221696,0.687214071673763,0.99988016650531
"ENSG00000157510",0.411144372509314,0.0104099438754844,0.171248154667856,0.687285856003378,0.99988016650531
"ENSG00000178464",-0.0815776188707733,5.46195509899808,0.171085639829491,0.687361569195835,0.99988016650531
"ENSG00000254862",0.209330185049315,2.30920906126777,0.170947533704336,0.687481418712561,0.99988016650531
"ENSG00000233927",-0.0790898549312277,10.4261055510665,0.170937708075731,0.687488606585251,0.99988016650531
"ENSG00000294809",-0.174399672295391,1.33159935061668,0.170925606570851,0.687503558739637,0.99988016650531
"ENSG00000168827",-0.0632948341279742,5.62374597052242,0.170823202480676,0.687586999834442,0.99988016650531
"ENSG00000248925",0.20234440746016,0.836013275826697,0.170772181406809,0.687643206091212,0.99988016650531
"ENSG00000147255",0.373922080658806,0.362031718816959,0.170764193157905,0.687676419134887,0.99988016650531
"ENSG00000236044",0.148502565344601,1.66232774261946,0.170665362794603,0.687725571394191,0.99988016650531
"ENSG00000286803",0.271427689400797,1.7014827854068,0.17061354604887,0.687770229462182,0.99988016650531
"ENSG00000196405",0.0566204839074382,6.36640528201512,0.170593682553395,0.687784321098777,0.99988016650531
"ENSG00000185813",-0.11341442872708,3.66173540718072,0.170582416470723,0.68779428983216,0.99988016650531
"ENSG00000297941",-0.100961648970257,4.36798105802408,0.170538155444772,0.687832223586346,0.99988016650531
"ENSG00000255432",0.236623521173686,0.631578071853391,0.17055701682363,0.687834772983266,0.99988016650531
"ENSG00000197457",0.184078660404895,2.04712681810043,0.170410105877788,0.687944176636041,0.99988016650531
"ENSG00000249565",-0.16457316387509,2.3234213663383,0.170402662281229,0.68794988603487,0.99988016650531
"ENSG00000181004",0.225539095609489,0.573932601229308,0.170278653711894,0.688081971241676,0.99988016650531
"ENSG00000189164",-0.192263687210359,1.65085417388826,0.170222893648675,0.688106383039457,0.99988016650531
"ENSG00000145740",0.0593108884144346,5.67468600503573,0.170128280962699,0.688184930723724,0.99988016650531
"ENSG00000100294",-0.1165380346686,3.75087449988378,0.17011290869082,0.688198422166022,0.99988016650531
"ENSG00000100601",0.0853047152245969,4.15846712182141,0.169964294986726,0.688326379676334,0.99988016650531
"ENSG00000196937",-0.0758740573112398,4.86708985496218,0.169872231654732,0.688405686981186,0.99988016650531
"ENSG00000165525",-0.0697287602759201,7.14930673960847,0.169852349219492,0.688422744694814,0.99988016650531
"ENSG00000291186",0.199237061453708,2.21506535725382,0.169837686966049,0.68843682652686,0.99988016650531
"ENSG00000103522",0.118270906899519,2.79328241474825,0.169805412071985,0.68846378667666,0.99988016650531
"ENSG00000151689",0.11601545082171,3.45421981093839,0.169721485642809,0.688535924495812,0.99988016650531
"ENSG00000214357",0.216838978753012,1.57863660151314,0.16971147870861,0.688547767809474,0.99988016650531
"ENSG00000153827",-0.0682099393558091,7.4190910460139,0.169695214553422,0.688558278056652,0.99988016650531
"ENSG00000153395",-0.0912146611268703,4.12013166079111,0.1695084491203,0.688719627306312,0.99988016650531
"ENSG00000102409",-0.223958093683839,0.980019142818414,0.169451359385497,0.688778512422219,0.99988016650531
"ENSG00000124380",-0.122172001901098,2.8732422143504,0.169354912635835,0.688852626050169,0.99988016650531
"ENSG00000128342",0.251950570940684,0.344022912032777,0.169221962968653,0.689001068520382,0.99988016650531
"ENSG00000146530",-0.229624644087868,0.836708091685026,0.169162408814191,0.68903356714306,0.99988016650531
"ENSG00000122417",-0.0727846062059316,4.7779331260599,0.16910269921583,0.689070115822254,0.99988016650531
"ENSG00000236444",0.186888044385811,1.2480238153596,0.169103653001654,0.689075590375645,0.99988016650531
"ENSG00000122376",0.0644165452896288,6.03713827700076,0.169083042476883,0.689087008272172,0.99988016650531
"ENSG00000233024",0.0995302337492972,3.06816102376667,0.169055220341273,0.689111565128839,0.99988016650531
"ENSG00000168275",-0.0714707541455353,6.15640495889536,0.169027297002465,0.689135210809316,0.99988016650531
"ENSG00000121390",0.0664792419028843,6.57221095909112,0.169013653309687,0.689147008387371,0.99988016650531
"ENSG00000137522",0.0801620604959325,4.15950776647379,0.1689837202798,0.689173043307614,0.99988016650531
"ENSG00000180667",-0.139558311613126,2.65219165259063,0.168974581022666,0.689181549134564,0.99988016650531
"ENSG00000103126",0.0750113417982375,4.38974083792257,0.168964073325737,0.689190025666246,0.99988016650531
"ENSG00000088808",0.169263747978497,2.07967573502314,0.168939653406671,0.689212449579862,0.99988016650531
"ENSG00000164053",0.122840734446807,2.91873482244735,0.168808562849893,0.689325016485617,0.99988016650531
"ENSG00000243716",0.0677897853096672,5.97495353612422,0.168627850919832,0.689480886874969,0.99988016650531
"ENSG00000140564",-0.0673273828381283,5.53795776226093,0.16858299970221,0.689519734167725,0.99988016650531
"ENSG00000147443",0.0987261023914843,6.31806020054209,0.16858165486887,0.689520894019684,0.99988016650531
"ENSG00000157500",-0.0668393992512662,6.05124385752943,0.168435675247538,0.689647365300761,0.99988016650531
"ENSG00000277851",-0.249865648257556,0.924843668689837,0.168280093556384,0.68979206407442,0.99988016650531
"ENSG00000163507",0.0937623082017408,4.04828909388783,0.168178442407381,0.689870561202247,0.99988016650531
"ENSG00000158773",0.0922803186869265,3.60362146717848,0.168130093959481,0.689912557932124,0.99988016650531
"ENSG00000267699",0.121056327342765,2.8467188829485,0.168060693808966,0.689973088606655,0.99988016650531
"ENSG00000157764",0.0705375601962826,6.34737441212786,0.16802167776321,0.690006384399187,0.99988016650531
"ENSG00000144445",-0.0812456543934899,5.69868488182254,0.167973935674582,0.690047824409107,0.99988016650531
"ENSG00000264000",-0.215049727106028,1.57679521574183,0.167972200938115,0.690051957387502,0.99988016650531
"ENSG00000136950",0.0694854045604245,5.84428146216734,0.167940495549105,0.690076850000946,0.99988016650531
"ENSG00000143320",0.193704759549405,1.68990795551702,0.167929823740782,0.690090220844513,0.99988016650531
"ENSG00000146950",-0.293247666139785,0.82485610251737,0.167874041794547,0.690154186222983,0.99988016650531
"ENSG00000230471",0.172495053343462,1.22183712032254,0.167786596458367,0.690216101733952,0.99988016650531
"ENSG00000075089",-0.0843601445166764,3.98749730394483,0.167715284713236,0.690272587045289,0.99988016650531
"ENSG00000233757",0.186319628625019,1.65653493925096,0.167591901138553,0.690382483682641,0.99988016650531
"ENSG00000163904",0.100710562668117,4.13741617759101,0.167513947617511,0.690447551600263,0.99988016650531
"ENSG00000112996",-0.0622853832210539,4.98394263516049,0.167396935550821,0.69054922924553,0.99988016650531
"ENSG00000140943",-0.0643530586759653,5.22259324172192,0.167372731849292,0.690570217154191,0.99988016650531
"ENSG00000126705",-0.082390935031055,4.53711494224471,0.167352046585251,0.690588318544567,0.99988016650531
"ENSG00000236986",0.24754205090233,1.74600045377919,0.167105083067784,0.69080609834502,0.99988016650531
"ENSG00000236230",-0.25215461762752,0.321810536815176,0.166989532245682,0.690932709660099,0.99988016650531
"ENSG00000148426",-0.102051583087483,3.41638328696562,0.166895863347333,0.690985682151072,0.99988016650531
"ENSG00000272558",-0.142922825427714,3.25754613249902,0.166733644697332,0.691127105098721,0.99988016650531
"ENSG00000307460",-0.149468524499248,2.71088291594297,0.166624428989221,0.691222675462819,0.99988016650531
"ENSG00000120049",0.28195259503931,0.897906808197378,0.166607205405252,0.691245631374452,0.99988016650531
"ENSG00000228205",0.219119353813549,0.342291459377307,0.166543075514229,0.691343602339011,0.99988016650531
"ENSG00000118690",0.13579060333423,3.01939802326618,0.16645619091013,0.691369257482343,0.99988016650531
"ENSG00000104381",0.0932125815491821,4.32618522986346,0.166449257887098,0.691374903532964,0.99988016650531
"ENSG00000136449",0.250870939144251,1.31933217056485,0.166449860810499,0.691380661004363,0.99988016650531
"ENSG00000237950",-0.264967603233978,0.650008233890147,0.166420141118597,0.691417658557429,0.99988016650531
"ENSG00000133661",0.268529943738957,0.851177128938681,0.1663483221115,0.691497178927732,0.99988016650531
"ENSG00000145246",-0.102884860491785,4.00364534039371,0.166254512402073,0.691544934229377,0.99988016650531
"ENSG00000139714",0.35775958448084,0.310571226784461,0.166265242515071,0.691562305859746,0.99988016650531
"ENSG00000197912",-0.0605302304552171,6.09775120161936,0.166208187862295,0.6915852380006,0.99988016650531
"ENSG00000065615",-0.0837979578978942,4.97051259713785,0.166173097177367,0.691615938120418,0.99988016650531
"ENSG00000103507",0.0859698068252202,5.37501528461695,0.166024935131375,0.691745351985595,0.99988016650531
"ENSG00000158887",0.272176969098236,0.097244725127526,0.16607020699513,0.691764593248735,0.99988016650531
"ENSG00000176994",-0.0901233863162401,4.12521343334518,0.165956593313371,0.691805224740941,0.99988016650531
"ENSG00000132305",0.0674164040977396,6.34449040079094,0.165938308461992,0.691821065223009,0.99988016650531
"ENSG00000139192",-0.126987164729632,3.16669627562049,0.165713369107812,0.692018212163131,0.99988016650531
"ENSG00000104332",0.192665679407176,3.56092614712695,0.165593020777844,0.69212340604052,0.99988016650531
"ENSG00000188315",0.0983017218130411,3.93666683134978,0.165549390670029,0.692161488542824,0.99988016650531
"ENSG00000300579",0.141719761870586,2.09595611974244,0.165543535570116,0.692168111898691,0.99988016650531
"ENSG00000198786",-0.0663780372527156,9.00934069679693,0.165477666609497,0.692224106900753,0.99988016650531
"ENSG00000114982",-0.0748393375534542,4.26758034642948,0.16541008340356,0.692283436149332,0.99988016650531
"ENSG00000147421",-0.0821425734329369,6.56200905485784,0.165304086573703,0.692376156292865,0.99988016650531
"ENSG00000176108",0.0965875062459136,3.76089517748584,0.165254166805494,0.692420137770263,0.99988016650531
"ENSG00000237440",0.173232676854827,2.2853944881844,0.165140329653537,0.692520900928553,0.99988016650531
"ENSG00000154645",-0.193894604867974,1.28967769972831,0.165125024902736,0.692537728803334,0.99988016650531
"ENSG00000104903",0.170237339324867,3.81597014456588,0.165060800480104,0.692589702168267,0.99988016650531
"ENSG00000197182",-0.0574254647072916,6.67445303847016,0.165019862902178,0.69262532541376,0.99988016650531
"ENSG00000264520",0.244902778117372,0.749368842143336,0.165040921797898,0.692633330283625,0.99988016650531
"ENSG00000125484",-0.088965272783817,4.22303477111256,0.164961956576236,0.692676264739087,0.99988016650531
"ENSG00000113597",-0.0919622556210048,4.9447275779517,0.164891890101081,0.692737661118635,0.99988016650531
"ENSG00000286458",0.122259538156814,3.19572785825093,0.164858232159359,0.69276750327598,0.99988016650531
"ENSG00000130150",0.0870370331573109,4.02897733691173,0.164820590980447,0.692800347374884,0.99988016650531
"ENSG00000244490",-0.205605660400652,0.478904762183902,0.164738332623524,0.692900067756818,0.99988016650531
"ENSG00000113845",0.071141144883163,6.33663058906132,0.16465307687594,0.692947248759645,0.99988016650531
"ENSG00000116273",0.133255323328136,2.53279547746902,0.164644697136019,0.692955508185493,0.99988016650531
"ENSG00000130772",-0.129735620984635,2.4869028325946,0.164620461097473,0.692976898621433,0.99988016650531
"ENSG00000291138",0.438698077065112,0.13051288026458,0.164628707921278,0.693019969604916,0.99988016650531
"ENSG00000196387",-0.0838773655214654,4.62181023630279,0.164518668848971,0.693065438567333,0.99988016650531
"ENSG00000234394",-0.186910577147733,0.963918391332158,0.164467308376483,0.693119475249245,0.99988016650531
"ENSG00000197961",0.0709305513683272,5.35980775412044,0.164439889577522,0.693134562705605,0.99988016650531
"ENSG00000288692",-0.227863633255971,1.03795777058454,0.164450589683145,0.693138056470783,0.99988016650531
"ENSG00000111725",-0.0824104812210678,4.03564438242608,0.164372184706616,0.69319425108163,0.99988016650531
"ENSG00000258645",0.153121456442525,2.42669707457994,0.164335727583251,0.693227193635631,0.99988016650531
"ENSG00000237491",0.181652258953155,1.69339928148791,0.1642831205052,0.693274971030092,0.99988016650531
"ENSG00000131018",-0.142939263854081,2.35330887587599,0.164272208712039,0.69328310151473,0.99988016650531
"ENSG00000156299",0.198447050478723,1.72122849578838,0.164254172980424,0.69330046111364,0.99988016650531
"ENSG00000162004",0.329980412700393,0.03016123535305,0.16425939642584,0.693375655583949,0.99988016650531
"ENSG00000198752",-0.0694676118855184,4.86591929546585,0.164104239220887,0.693429817717172,0.99988016650531
"ENSG00000300772",-0.33609969623941,0.192340064070929,0.165631804782855,0.693487593962227,0.99988016650531
"ENSG00000146540",0.0831545154297874,6.61456572063393,0.163998531703529,0.693522783064583,0.99988016650531
"ENSG00000260197",-0.181562280784643,1.01279203435816,0.164003734792011,0.693525834837188,0.99988016650531
"ENSG00000162066",-0.123251117538074,2.88696046674129,0.16399049846952,0.693530444922787,0.99988016650531
"ENSG00000105656",0.0686409809571056,5.56128149344136,0.163942892203844,0.693571774296963,0.99988016650531
"ENSG00000167515",-0.0761728320593376,5.42627008432683,0.163885738733245,0.693622106636731,0.99988016650531
"ENSG00000115211",0.109094110643263,3.69450133656809,0.163863744168177,0.693641705137403,0.99988016650531
"ENSG00000108963",0.227467910397384,1.03565645062097,0.163870635399587,0.693645010357627,0.99988016650531
"ENSG00000176396",-0.0945567970636565,4.00150564903409,0.163849575202729,0.693654120688921,0.99988016650531
"ENSG00000147164",-0.0753109095472377,4.36043145603838,0.163709918148392,0.693777117107778,0.99988016650531
"ENSG00000128699",0.0580175397456892,5.86022671507482,0.163608581972984,0.693866307794202,0.99988016650531
"ENSG00000189043",-0.0814019542675914,7.79692139621636,0.163574744560379,0.693896133990743,0.99988016650531
"ENSG00000165379",-0.180299571514572,2.77139692554026,0.163492499127166,0.693969243189387,0.99988016650531
"ENSG00000177628",-0.0798453997016635,4.11993682595383,0.163451617343516,0.694004868466594,0.99988016650531
"ENSG00000130254",0.0696287361713376,6.6087936991082,0.163447196747017,0.694008615286446,0.99988016650531
"ENSG00000125378",-0.143331802111025,2.2841707679805,0.163429749624736,0.694025352111585,0.99988016650531
"ENSG00000169976",-0.0694755546266309,7.61266351597463,0.163341465965091,0.694101893343026,0.99988016650531
"ENSG00000237797",-0.260452930838167,1.04864676430958,0.163329994810439,0.694124431820851,0.99988016650531
"ENSG00000159556",0.137341439828131,2.10121469335107,0.163209490368696,0.694220053382738,0.99988016650531
"ENSG00000141441",-0.087846602286241,3.83790147809698,0.163150091559451,0.694271035659655,0.99988016650531
"ENSG00000012963",0.0846714691541595,4.52923514958715,0.163017843166789,0.694387755874321,0.99988016650531
"ENSG00000143321",-0.0741292811637341,9.36592669149709,0.163014813628687,0.694390301266873,0.99988016650531
"ENSG00000167792",0.0612187892589589,5.95162700440278,0.162969676138335,0.694430186005494,0.99988016650531
"ENSG00000168386",0.0706191739710831,6.05962421383217,0.162918819555571,0.694475124818206,0.99988016650531
"ENSG00000183077",0.0740238551739961,4.96736465158931,0.1626940297229,0.694673914897807,0.99988016650531
"ENSG00000166262",-0.183945451561581,1.6697676504077,0.16268430850431,0.694685242155869,0.99988016650531
"ENSG00000256690",0.161769919730016,3.06374712782458,0.16266053321328,0.694703962893846,0.99988016650531
"ENSG00000091592",0.328057216155992,0.962922517560222,0.162671674004641,0.69470696676226,0.99988016650531
"ENSG00000255038",-0.181336965644746,1.99007008509704,0.162551938010453,0.694801603855085,0.99988016650531
"ENSG00000160233",-0.163472852665629,1.76680612410984,0.16251420893019,0.694835163502853,0.99988016650531
"ENSG00000259240",-0.294865951535521,0.0622042614625926,0.162581273742806,0.69484558731593,0.99988016650531
"ENSG00000120318",0.391256266202777,1.04152805129817,0.162491675378283,0.69486508172209,0.99988016650531
"ENSG00000184060",-0.0683751227771401,4.88875363059379,0.162405108433348,0.694929606635027,0.99988016650531
"ENSG00000143376",-0.0585789067386181,6.28850696895244,0.162401344904954,0.694932868236226,0.99988016650531
"ENSG00000225675",0.237804684648922,1.1265870921246,0.16225290175991,0.695071323990121,0.99988016650531
"ENSG00000302313",0.217750906156474,0.637480676644957,0.162262223321876,0.695077937536369,0.99988016650531
"ENSG00000106608",0.0993231845502168,3.93053256137305,0.162095527748062,0.695203966047365,0.99988016650531
"ENSG00000249502",0.187851772981036,2.07469077908854,0.162084316315117,0.695215142636198,0.99988016650531
"ENSG00000143641",0.0683732151241595,5.09554129897929,0.16206971496291,0.695226682394262,0.99988016650531
"ENSG00000309630",-0.182418300192734,1.26250829482228,0.162003058913806,0.695291901805647,0.99988016650531
"ENSG00000114446",0.108780659461994,3.27197633434497,0.161959479408731,0.695324784542526,0.99988016650531
"ENSG00000125877",-0.0618207687957783,5.52683253817849,0.161935507661911,0.69534567550742,0.99988016650531
"ENSG00000292348",-0.0783320786901126,6.38736741456207,0.161742224341797,0.695517151464726,0.99988016650531
"ENSG00000117000",-0.0687200374850422,9.50743567735466,0.161702063888576,0.695552794382221,0.99988016650531
"ENSG00000280241",-0.173148343046316,1.69094829513751,0.161649497489806,0.695602256133418,0.99988016650531
"ENSG00000283498",-0.06707990595144,7.88865431936295,0.161540625865627,0.695696136842592,0.99988016650531
"ENSG00000307816",0.195278763861929,0.979421212714459,0.161476998248382,0.69576340021129,0.99988016650531
"ENSG00000205037",0.252435953594723,0.145084337715831,0.161398820497655,0.695866282143535,0.99988016650531
"ENSG00000235530",-0.182407482264368,1.39904623707029,0.161349270965958,0.695870718757165,0.99988016650531
"ENSG00000079313",0.0771152291117274,4.21141320487534,0.161324058443239,0.695888702119324,0.99988016650531
"ENSG00000100300",-0.094025114502793,8.55790624942567,0.161277144432745,0.695930264655889,0.99988016650531
"ENSG00000151883",0.0683137264247507,8.10757832054558,0.161267071007321,0.695939220408496,0.99988016650531
"ENSG00000254999",-0.0835823679659164,7.09438785711682,0.16126619682131,0.695939998344151,0.99988016650531
"ENSG00000289506",-0.251846576950141,1.25498200192313,0.16118910418572,0.696014417492441,0.99988016650531
"ENSG00000060749",0.0884311205308452,5.67723832159955,0.161173212537968,0.696022687052607,0.99988016650531
"ENSG00000309364",0.192280428746925,1.51337799325552,0.16111553605304,0.696078165512183,0.99988016650531
"ENSG00000230487",0.121428802420842,2.83998355153694,0.161105874415152,0.696083115356207,0.99988016650531
"ENSG00000069345",-0.0662011528967189,6.09801709723866,0.161093508501171,0.696093579147802,0.99988016650531
"ENSG00000068354",-0.119198872622082,2.70147066484999,0.160991368096894,0.696185078886087,0.99988016650531
"ENSG00000074054",0.0718124350713579,6.19980901461439,0.160980375247055,0.696194244117583,0.99988016650531
"ENSG00000100568",-0.0601267258049183,5.48487817538006,0.160921192275145,0.696246928256151,0.99988016650531
"ENSG00000165046",-0.123540061495679,1.95754825360277,0.160910099070324,0.696258803417374,0.99988016650531
"ENSG00000249471",0.227415616003515,1.4489948882919,0.160809497459692,0.696351063552165,0.99988016650531
"ENSG00000273590",-0.118945305213442,2.63056126930313,0.16074816618946,0.696401820179738,0.99988016650531
"ENSG00000137486",-0.0569111993033547,6.03800436737368,0.160733188493766,0.696414335307201,0.99988016650531
"ENSG00000128590",0.112314051984155,3.24720764033296,0.16064686963852,0.696491627564287,0.99988016650531
"ENSG00000175899",0.332107027076694,0.247403318493656,0.160426756740917,0.696732598423248,0.99988016650531
"ENSG00000171612",-0.0749530200655012,5.93116526295113,0.160342166971957,0.696762900808778,0.99988016650531
"ENSG00000002586",-0.0780897805334155,6.38761383122793,0.16031170725045,0.696790072295974,0.99988016650531
"ENSG00000290578",0.096931815851194,3.75057328810082,0.160287034695591,0.696812315000774,0.99988016650531
"ENSG00000173334",0.105829826472442,2.6701034172305,0.160163392869906,0.696923077760055,0.99988016650531
"ENSG00000305676",-0.236683957139666,0.826684011381173,0.160134469938063,0.696964158311164,0.99988016650531
"ENSG00000142910",-0.274425674998826,0.733436195512395,0.160115971315579,0.696987781431224,0.99988016650531
"ENSG00000103061",0.0998263359897905,4.03533307152087,0.15997875009108,0.697087480989644,0.99988016650531
"ENSG00000218175",0.126788762766972,2.39543258586318,0.159847763275191,0.697205392918931,0.99988016650531
"ENSG00000248538",0.353814404612593,1.28444827688144,0.159852052677943,0.697207290942397,0.99988016650531
"ENSG00000308860",-0.109433441167856,4.74723239357433,0.15984327541202,0.697208431997131,0.99988016650531
"ENSG00000251026",-0.268732100273918,0.456885597425479,0.159875307741666,0.697210292373711,0.99988016650531
"ENSG00000296074",0.327428507213144,0.442731645672486,0.159870638375484,0.697210993604656,0.99988016650531
"ENSG00000179627",0.18971705407873,1.32341069356566,0.159838819027557,0.697216957677169,0.99988016650531
"ENSG00000215086",-0.187863363360569,0.699518701910842,0.1598401695076,0.697228777477399,0.99988016650531
"ENSG00000167380",0.0953062288450228,3.46617086896345,0.159700148695699,0.697336552266515,0.99988016650531
"ENSG00000104131",-0.0705042806153409,6.77034016525219,0.15965326802404,0.69737821087064,0.99988016650531
"ENSG00000042062",-0.261115176997302,0.381949275534483,0.159643564934372,0.697425650155602,0.99988016650531
"ENSG00000143458",0.0691302490528286,4.93268639386315,0.159596659015541,0.69742892572351,0.99988016650531
"ENSG00000127663",-0.0587561155912995,5.83820153487636,0.159570925054299,0.697451865825953,0.99988016650531
"ENSG00000117682",0.0798006635775422,4.25882951706354,0.159510796728134,0.69750579585169,0.99988016650531
"ENSG00000175548",0.12802651629419,2.38632370479632,0.159496213585398,0.697519917874191,0.99988016650531
"ENSG00000152454",0.24493798518733,0.582899748675206,0.15950448046475,0.697537137620315,0.99988016650531
"ENSG00000154640",0.0858569743791402,6.01423520593729,0.159470953396687,0.697541314197872,0.99988016650531
"ENSG00000276148",0.255095977155888,1.03407295326968,0.159431729035575,0.697583669057943,0.99988016650531
"ENSG00000125249",0.399803418939124,0.0486420052107122,0.159454565152389,0.697610923542736,0.99988016650531
"ENSG00000249853",0.331942659154071,0.122588090337337,0.159454729337948,0.697612787304492,0.99988016650531
"ENSG00000249388",0.26441825170713,0.187685213528172,0.159393109532532,0.697673702569859,0.99988016650531
"ENSG00000175556",0.0973899994446002,3.60357415146545,0.159186478112516,0.697796302830271,0.99988016650531
"ENSG00000171503",0.109436690026452,3.84797720745728,0.159181275517444,0.69780088884394,0.99988016650531
"ENSG00000237978",-0.15749190632888,1.71267806274079,0.159143213560249,0.697836930382788,0.99988016650531
"ENSG00000078668",-0.0676562677026106,6.78462884151101,0.159059868101635,0.69790947462097,0.99988016650531
"ENSG00000236498",0.338907258748841,0.15063888641378,0.159109916288052,0.697913338872103,0.99988016650531
"ENSG00000132359",0.19944726022711,2.72226546650226,0.158975835173344,0.697985558829472,0.99988016650531
"ENSG00000307273",0.162098505594657,2.50773643164552,0.15896239048787,0.69799787450691,0.99988016650531
"ENSG00000081377",0.120490468588745,4.59603227015601,0.158901447631022,0.698051620002039,0.99988016650531
"ENSG00000254873",0.255345350724524,0.865301171016726,0.158896891323339,0.698065648201248,0.99988016650531
"ENSG00000269696",-0.232266430153384,0.907891679443043,0.1588604376291,0.698098430612021,0.99988016650531
"ENSG00000140612",0.064317568525608,7.09613542920311,0.158844867881108,0.698102247507411,0.99988016650531
"ENSG00000168939",-0.103766029792385,3.21124267803464,0.158738542646653,0.698198017885892,0.99988016650531
"ENSG00000136643",-0.0797459642351462,5.18708286522342,0.158698593570315,0.698233498814925,0.99988016650531
"ENSG00000043591",-0.107519126932962,4.47479437386845,0.158686726541577,0.69824425725102,0.99988016650531
"ENSG00000169752",0.206294045474794,1.61359890165748,0.15856724359194,0.698355642238983,0.99988016650531
"ENSG00000249816",-0.324629390530954,-0.0764584070647205,0.158529199182573,0.698431782452663,0.99988016650531
"ENSG00000302510",-0.153420492100483,3.65170298769023,0.158389856252926,0.698510975777446,0.99988016650531
"ENSG00000123989",0.0916684392208116,3.58523754687671,0.158332712293278,0.698562340198518,0.99988016650531
"ENSG00000228352",0.203080560104493,1.71303458299569,0.158201351672025,0.69868270930006,0.99988016650531
"ENSG00000092421",-0.14623753920645,2.22784222353693,0.158185665295392,0.698695823492295,0.99988016650531
"ENSG00000205837",-0.281523862380542,0.852631815976899,0.158136794957377,0.698755672546205,0.99988016650531
"ENSG00000293746",-0.202584215059907,1.16828828593081,0.158115348166445,0.69876373379691,0.99988016650531
"ENSG00000137207",-0.0787771632937311,4.95194940584321,0.15800494131352,0.698856884142843,0.99988016650531
"ENSG00000258056",-0.148860148230672,1.85206470722703,0.157940749467733,0.698916579681219,0.99988016650531
"ENSG00000267712",0.15983359536349,2.36237194887308,0.157899077356646,0.698952978826631,0.99988016650531
"ENSG00000162946",0.0805562055911147,6.51369157087078,0.1578509939661,0.698995367265637,0.99988016650531
"ENSG00000299447",-0.158173796694656,2.76880723424366,0.157821885023021,0.699022387027281,0.99988016650531
"ENSG00000225573",0.113585016157637,3.23257008600105,0.157807914645232,0.699034580320635,0.99988016650531
"ENSG00000135632",0.139946757453764,2.29485673511182,0.157802086769115,0.699040703046125,0.99988016650531
"ENSG00000187147",-0.0717918876079251,5.26776754237283,0.157749608274477,0.699086670381875,0.99988016650531
"ENSG00000060718",0.334802732106729,0.129156880554193,0.157801154132635,0.699101086298937,0.99988016650531
"ENSG00000308099",0.230034687900393,0.287078227901761,0.157782087934227,0.699113523261766,0.99988016650531
"ENSG00000186431",-0.281494941726336,0.245094403896532,0.157645967252925,0.699210009057386,0.99988016650531
"ENSG00000106733",-0.12297928669173,3.62929573492997,0.157600486042986,0.699221235196948,0.99988016650531
"ENSG00000069248",-0.0670256002586258,5.65033925803783,0.157571478099206,0.699247144603197,0.99988016650531
"ENSG00000078403",0.0625257315356788,6.92597740323534,0.15734434132313,0.699451922911613,0.99988016650531
"ENSG00000175390",0.0634228176231655,7.04725818109421,0.157280522856998,0.699509492156283,0.99988016650531
"ENSG00000150316",0.0677077503116129,6.06682354993902,0.157252614648871,0.699534674827335,0.99988016650531
"ENSG00000132670",-0.0667268424688275,5.04876586058897,0.157214585216153,0.699569001763646,0.99988016650531
"ENSG00000172915",-0.192353725695776,1.7230216998429,0.157125283061935,0.699653031096846,0.99988016650531
"ENSG00000187775",0.156673952185184,2.19809039244217,0.157102600538064,0.699671218176643,0.99988016650531
"ENSG00000185621",0.143131147440474,2.39435857839668,0.157040341127421,0.699727319898446,0.99988016650531
"ENSG00000136315",-0.154767538522308,3.8532032259632,0.156884414950957,0.699867516804533,0.99988016650531
"ENSG00000140854",0.0942694510951699,3.66383416022564,0.156823588201827,0.699922337581008,0.99988016650531
"ENSG00000129824",0.0698056874348877,8.92846704173317,0.156820548878241,0.699924828257321,0.99988016650531
"ENSG00000075420",-0.0710457185270151,9.15706088302812,0.156708740928452,0.700025893672158,0.99988016650531
"ENSG00000297778",0.15141394692627,1.77446249509785,0.156526280260803,0.700193046461144,0.99988016650531
"ENSG00000143756",-0.0660021905849126,6.33702485518823,0.156521350960641,0.700195376403834,0.99988016650531
"ENSG00000224905",0.0730436365345466,5.98951251116607,0.156461988629917,0.700249091802175,0.99988016650531
"ENSG00000179010",-0.0594376919907784,7.2510959328153,0.156385876425938,0.700317974889261,0.99988016650531
"ENSG00000071564",0.0616358171053796,6.07870698008151,0.156307836416626,0.700388630516405,0.99988016650531
"ENSG00000212916",-0.0891851017435006,3.46037990314351,0.15629129997248,0.700403892520971,0.99988016650531
"ENSG00000075711",0.0645901167875382,6.70127273305954,0.15626116562319,0.700430890047598,0.99988016650531
"ENSG00000165264",-0.0638587308545483,6.42965538399778,0.156248908671299,0.70044199155535,0.99988016650531
"ENSG00000197323",-0.0633734727950705,6.43299113624646,0.156139407723679,0.700541182566042,0.99988016650531
"ENSG00000205930",0.177760257598792,2.09995006951576,0.156119042827383,0.700561375890565,0.99988016650531
"ENSG00000306835",0.310266639827997,0.260355361702111,0.156084885210598,0.70062043870363,0.99988016650531
"ENSG00000142794",0.145119254562024,1.85496764572125,0.156002922771465,0.700667003953706,0.99988016650531
"ENSG00000182544",-0.0734201393221315,4.33317400714269,0.155905181608147,0.700753625792233,0.99988016650531
"ENSG00000186283",-0.0747696576997842,6.02971533618978,0.155848648727573,0.700804765389402,0.99988016650531
"ENSG00000309792",0.299245944970246,1.05323964367378,0.155839350322936,0.70082077711237,0.99988016650531
"ENSG00000291045",-0.312140506825093,0.400215743065889,0.155554542623009,0.701097427776456,0.99988016650531
"ENSG00000160111",-0.0839780981009831,3.71909400518996,0.155502674156739,0.701118961848277,0.99988016650531
"ENSG00000116791",-0.143085640678678,2.38584838993766,0.155407054714141,0.7012066762452,0.99988016650531
"ENSG00000170577",-0.145032743768045,2.96100211560543,0.155357356377504,0.701251310560778,0.99988016650531
"ENSG00000197747",0.0799241189877244,8.07136320229863,0.155353018727378,0.701254725640096,0.99988016650531
"ENSG00000002330",-0.0913220351350898,4.40518411012701,0.155194901816575,0.701398585304716,0.99988016650531
"ENSG00000100324",0.0785123536581211,4.02711388086649,0.155142856013849,0.701445941543827,0.99988016650531
"ENSG00000177272",-0.249762960498562,0.959730624097388,0.155152202105257,0.701453372922881,0.99988016650531
"ENSG00000143624",-0.0636880250516361,6.10792889073461,0.155064000599602,0.701517505053938,0.99988016650531
"ENSG00000104835",0.153011227308727,1.51190202027113,0.15503117481627,0.701551152358898,0.99988016650531
"ENSG00000289052",0.170905278388834,1.53943970843272,0.155007193569109,0.701572053415695,0.99988016650531
"ENSG00000258484",-0.190071082710263,1.98150437196536,0.154964005512041,0.701610563420346,0.99988016650531
"ENSG00000100410",-0.0871629087031405,5.43080003416799,0.15496079394579,0.701611417451696,0.99988016650531
"ENSG00000171916",-0.226970558436603,0.229855549428558,0.154939804239064,0.701675894278662,0.99988016650531
"ENSG00000224643",-0.200424394546929,0.650863203625361,0.15483557454423,0.701741588392344,0.99988016650531
"ENSG00000198663",-0.0572599467682209,5.86651377565491,0.154749249624035,0.701804004398686,0.99988016650531
"ENSG00000198089",0.0921424966631324,4.6380917120482,0.154737235280669,0.701815056139122,0.99988016650531
"ENSG00000272047",0.0612874412911303,6.35582350230329,0.154733600180679,0.701818255509388,0.99988016650531
"ENSG00000169914",0.106659395998503,3.09247595222743,0.154666478543893,0.701879834564879,0.99988016650531
"ENSG00000080815",-0.06848138943833,6.83529282174659,0.154604522503771,0.701935850504064,0.99988016650531
"ENSG00000289010",0.48905118058988,0.471442232940105,0.154622925453319,0.701949377204067,0.99988016650531
"ENSG00000170855",-0.07846488310008,4.64816211357935,0.154576895010807,0.701961144541756,0.99988016650531
"ENSG00000186815",0.069947115315444,7.04732846515304,0.154513348482896,0.702018948879842,0.99988016650531
"ENSG00000156471",0.0622860441234319,6.69231783151679,0.154467912477527,0.702060372253383,0.99988016650531
"ENSG00000272004",0.227194066302119,0.596438012457941,0.154474910875805,0.702072955409948,0.99988016650531
"ENSG00000305485",0.154766209314279,2.14807830487126,0.154299248706908,0.702216455640084,0.99988016650531
"ENSG00000089169",-0.33388328713397,0.341379030462453,0.154311605493395,0.702245936515602,0.99988016650531
"ENSG00000276509",0.0758613451569149,4.87061152099818,0.154150077221819,0.702350421587225,0.99988016650531
"ENSG00000182809",-0.221401816039681,0.698098378677786,0.154125254555007,0.702394741825286,0.99988016650531
"ENSG00000101350",0.0770945599979077,4.86768594723185,0.154073373232536,0.702420444792053,0.99988016650531
"ENSG00000085224",-0.0630632348066277,7.53194530417718,0.154019460768159,0.702469590499464,0.99988016650531
"ENSG00000180964",0.0757266311660082,5.28745326254571,0.154004128079754,0.702483605626967,0.99988016650531
"ENSG00000100353",0.0596157454614871,7.31579959232358,0.153981268898278,0.702504473514451,0.99988016650531
"ENSG00000245526",0.216274823309317,0.679272833014158,0.153985885921905,0.702513116109531,0.99988016650531
"ENSG00000130244",0.136096063841577,2.77895345793354,0.153963272251901,0.702521599642697,0.99988016650531
"ENSG00000243004",0.148053117824973,1.99433033076477,0.153780673944284,0.702689394553074,0.99988016650531
"ENSG00000100815",-0.0646766489502562,6.061746300093,0.153766314021363,0.7027009012118,0.99988016650531
"ENSG00000118418",-0.0711778332228603,7.40783213565866,0.153734788633555,0.702729719248385,0.99988016650531
"ENSG00000107581",0.0800119130751959,8.44056146006471,0.153691784837204,0.70276903929687,0.99988016650531
"ENSG00000235173",-0.0892589791034421,3.47884767371043,0.153565911852324,0.702884502991406,0.99988016650531
"ENSG00000182175",-0.231761003084863,1.64505863698143,0.153511550042971,0.702938832518098,0.99988016650531
"ENSG00000091542",-0.0649716750448862,5.33776817895764,0.15339984477672,0.703036155782974,0.99988016650531
"ENSG00000260927",0.181634824390209,4.18331921453312,0.153381013341901,0.703053547441091,0.99988016650531
"ENSG00000135837",-0.0720735970955098,7.61838801426836,0.153376987995355,0.703057069790941,0.99988016650531
"ENSG00000197721",0.236581599803824,0.47340456802417,0.153390304247003,0.703070505476375,0.99988016650531
"ENSG00000291147",-0.174143326439961,0.969326223648598,0.15334055751927,0.703097850763025,0.99988016650531
"ENSG00000117751",-0.0706863602114946,5.05786784637344,0.153321535418788,0.703107883208937,0.99988016650531
"ENSG00000149541",0.072210891108307,4.7500577964926,0.153296546819291,0.703130837947292,0.99988016650531
"ENSG00000156928",0.0662073899137821,4.75852237490071,0.153246203927011,0.703176946262742,0.99988016650531
"ENSG00000185551",0.132380066809175,2.89342024002525,0.153198804061224,0.70322076077442,0.99988016650531
"ENSG00000291123",-0.10332394680852,3.83961096837094,0.153096133273745,0.703314536825647,0.99988016650531
"ENSG00000206199",0.126625577796795,2.98629344537516,0.153061923193023,0.703346176799083,0.99988016650531
"ENSG00000267476",0.186022938899995,1.2736741983127,0.153053296178602,0.703359577991737,0.99988016650531
"ENSG00000119698",-0.180213620459415,1.52267319829253,0.152988444320642,0.703415639829597,0.99988016650531
"ENSG00000107874",0.0749651367157777,4.7534317077676,0.152923908939626,0.70347233262147,0.99988016650531
"ENSG00000133863",0.214990513381796,1.58397264655667,0.152846247682015,0.703547705524052,0.99988016650531
"ENSG00000162408",0.0712610752654339,4.62055590615784,0.152800925214666,0.703585159693696,0.99988016650531
"ENSG00000132313",-0.0672229895889266,5.48590004656788,0.152775469979948,0.703608410139464,0.99988016650531
"ENSG00000157570",0.156113466806072,2.03469458053134,0.152653512842243,0.703721725170751,0.99988016650531
"ENSG00000267580",0.267123507700942,1.10612268246302,0.152624898248829,0.703755866213249,0.99988016650531
"ENSG00000167771",-0.397523235970045,0.512952664403795,0.152644202033977,0.703757344454424,0.99988016650531
"ENSG00000172469",0.0858197486206837,3.99448325744836,0.152610427643392,0.703760070214379,0.99988016650531
"ENSG00000145022",-0.169843495952183,3.34905432544021,0.152534011479184,0.703830402746112,0.99988016650531
"ENSG00000168899",-0.160112787507619,1.52490886950546,0.152475914330817,0.703886905877148,0.99988016650531
"ENSG00000132612",-0.0716143091694063,5.12275195263521,0.152466054368258,0.703892534014797,0.99988016650531
"ENSG00000256566",-0.19949893005663,1.12435843087134,0.152410626094605,0.70395011267787,0.99988016650531
"ENSG00000139636",-0.121543938823649,2.34895328591316,0.152341836785301,0.704007639713968,0.99988016650531
"ENSG00000132141",0.171766779986664,1.53364239807929,0.152344033594138,0.70400811040501,0.99988016650531
"ENSG00000303136",0.202357656288561,3.61897261156356,0.152278124641852,0.704065439653604,0.99988016650531
"ENSG00000213362",-0.146999279927336,1.38155936247148,0.152217181271604,0.704124775286999,0.99988016650531
"ENSG00000103549",-0.0628309010610363,4.82073290329231,0.152203262782628,0.70413414185119,0.99988016650531
"ENSG00000028203",-0.0625966221868809,4.60219873889338,0.152088706094754,0.704239528296337,0.99988016650531
"ENSG00000137338",-0.192708294815799,1.20997184152116,0.1519826749252,0.70434355341412,0.99988016650531
"ENSG00000104870",0.0709499501080267,5.78265395291975,0.151972155773826,0.704346674214742,0.99988016650531
"ENSG00000147130",0.0942832730999202,4.54045573817757,0.151966994305411,0.704351540779236,0.99988016650531
"ENSG00000108256",0.0587242883353242,7.12148793813798,0.151838417407894,0.704469796935676,0.99988016650531
"ENSG00000181555",0.0695683707675039,6.47283231611102,0.151835681730001,0.704472317537234,0.99988016650531
"ENSG00000115977",-0.0628150153452095,6.44278426185002,0.151828402132151,0.704479021960888,0.99988016650531
"ENSG00000245275",0.126573191718954,2.64322548193071,0.151721900751197,0.70457786182078,0.99988016650531
"ENSG00000281903",-0.126537039947154,3.80057446233988,0.151692386947173,0.70460449401523,0.99988016650531
"ENSG00000158806",0.253051839789315,1.77562907247512,0.151651219230943,0.704644844059929,0.99988016650531
"ENSG00000186094",0.260936655980455,0.358499263521199,0.151658623332974,0.704672076516252,0.99988016650531
"ENSG00000226160",-0.174344735105499,1.43395717386233,0.151607705131897,0.704686353922673,0.99988016650531
"ENSG00000134153",0.0690905825361895,5.11363248265187,0.151592627919954,0.70469629338979,0.99988016650531
"ENSG00000138073",0.067521157282196,5.35017011799246,0.15158054661196,0.704707401506186,0.99988016650531
"ENSG00000135924",-0.0998536859940599,3.00834515600348,0.151518537381235,0.704765018710664,0.99988016650531
"ENSG00000132485",-0.0613443094671326,6.677509956647,0.151375601148114,0.704896387900569,0.99988016650531
"ENSG00000080503",-0.103836228385458,7.00169886299881,0.151374231124142,0.704897651263258,0.99988016650531
"ENSG00000213079",0.06482349733368,5.72495999193121,0.151348271208543,0.704921606804464,0.99988016650531
"ENSG00000300987",0.239320665329559,1.58010654447961,0.151303543031428,0.70496592445799,0.99988016650531
"ENSG00000101417",0.125833456262905,3.00165037045222,0.151269349033598,0.704994948013533,0.99988016650531
"ENSG00000264364",0.0836889257398254,4.29028432444765,0.151210007732673,0.705049341536636,0.99988016650531
"ENSG00000136933",0.0609057201061414,4.80329812633637,0.151151788729183,0.705103045389092,0.99988016650531
"ENSG00000270571",0.135664316664534,2.03771622995607,0.15114006950338,0.7051152914828,0.99988016650531
"ENSG00000286168",0.209170233810578,0.970616487475613,0.15113431652205,0.705128360641029,0.99988016650531
"ENSG00000197019",-0.0996913556616341,3.60050518650944,0.151105124045314,0.705146284508816,0.99988016650531
"ENSG00000270916",-0.238567775151855,0.240414289076196,0.151131704213987,0.705168512274347,0.99988016650531
"ENSG00000100099",0.075179530666753,4.24756474006264,0.151062646891095,0.705185423554656,0.99988016650531
"ENSG00000185250",-0.178991127136061,1.06296849011069,0.151031539355865,0.705220718732895,0.99988016650531
"ENSG00000289526",0.236247799679777,2.22129406404657,0.151024030337812,0.705222056069521,0.99988016650531
"ENSG00000127995",-0.0802812723034912,3.99524211777619,0.151009531982223,0.70523451231315,0.99988016650531
"ENSG00000089050",-0.169544084001335,1.79561457850489,0.15100843608401,0.705237562105858,0.99988016650531
"ENSG00000164035",0.263904749297317,1.08953726351876,0.151004315817371,0.705246499590238,0.99988016650531
"ENSG00000119720",0.077942920137286,5.01804808203231,0.150980232994091,0.70526144973942,0.99988016650531
"ENSG00000260920",0.0898588440404491,3.86717806698752,0.150938211391688,0.70530041137752,0.99988016650531
"ENSG00000172216",-0.0861952991978332,6.75583569314335,0.150773379427556,0.705452608974809,0.99988016650531
"ENSG00000101052",0.107381682539613,3.75037118858299,0.150645088864152,0.705571494596674,0.99988016650531
"ENSG00000250303",0.275261983646617,0.371355201037694,0.150527794834369,0.705709859419661,0.99988016650531
"ENSG00000305018",0.221839982745305,1.09387134581522,0.150495540107434,0.705716617196642,0.99988016650531
"ENSG00000291153",-0.0693960909301328,4.36640786597356,0.150477076144707,0.705726878599571,0.99988016650531
"ENSG00000267436",-0.218895552144613,0.920759713916,0.150460734497744,0.705751083164566,0.99988016650531
"ENSG00000129675",0.0677771722438148,5.4226541148148,0.150310759063299,0.705880778895166,0.99988016650531
"ENSG00000276975",-0.402334711712964,0.967016289307378,0.15029708379916,0.705909966484088,0.99988016650531
"ENSG00000165233",0.106286525924383,5.42401456910636,0.15022669335369,0.70595866392796,0.99988016650531
"ENSG00000240288",0.13823919770686,2.20455089692096,0.150166334153038,0.706015770255333,0.99988016650531
"ENSG00000107745",-0.0620888003488357,6.01388905736775,0.150150367679506,0.706029396007569,0.99988016650531
"ENSG00000084764",0.221105522515728,1.27229231938992,0.150021256377909,0.70615342574439,0.99988016650531
"ENSG00000154059",0.0971059193888571,4.30125357378975,0.149949742158483,0.706215556339896,0.99988016650531
"ENSG00000130826",0.0594325346688878,6.65903581439075,0.149945781653718,0.706219102393673,0.99988016650531
"ENSG00000171813",0.132238763657956,3.72259671958157,0.149945944271192,0.706219187874445,0.99988016650531
"ENSG00000106809",0.250065641572661,0.386468894749361,0.149861814992609,0.706328065833174,0.99988016650531
"ENSG00000213599",0.230367436972471,0.883944287468958,0.149769412821878,0.706392683998174,0.99988016650531
"ENSG00000048544",0.0589112750871201,6.21142568321554,0.149745678715407,0.70640480110812,0.99988016650531
"ENSG00000144034",0.0633727546322769,5.33930564576628,0.149742821290616,0.706407474289136,0.99988016650531
"ENSG00000137076",-0.07144401873742,6.77263306542596,0.149729441323116,0.706419874099033,0.99988016650531
"ENSG00000133138",-0.168180479539143,2.15311944736743,0.149698237797258,0.706450169173098,0.99988016650531
"ENSG00000131127",0.0639096369465573,5.01990291840645,0.149688009142091,0.706458394640868,0.99988016650531
"ENSG00000167553",-0.0628585667966529,8.28588565436307,0.149673456454007,0.706471856370743,0.99988016650531
"ENSG00000138175",0.104228173223732,4.66649406004828,0.149573416145232,0.706564884955477,0.99988016650531
"ENSG00000256196",0.4296823358013,-0.41103604193365,0.149171698977472,0.706574502380531,0.99988016650531
"ENSG00000135597",-0.0584083137940091,5.8976253037617,0.149493436158778,0.706639091475648,0.99988016650531
"ENSG00000136877",-0.064615158611448,5.90572598795682,0.149463164182084,0.706667224406285,0.99988016650531
"ENSG00000288675",-0.177872768855388,1.06379939205342,0.149435317025543,0.706703178462126,0.99988016650531
"ENSG00000260810",-0.231443276357376,1.16880171942514,0.149415664050371,0.706720050704226,0.99988016650531
"ENSG00000197879",-0.112409560285763,3.72655385633943,0.149153913389946,0.706955039187865,0.99988016650531
"ENSG00000273247",-0.119628209483343,3.24315701764653,0.148857226072713,0.707231420290797,0.99988016650531
"ENSG00000292982",-0.113239072464909,2.84414331533125,0.148800651825949,0.707284310362804,0.99988016650531
"ENSG00000100211",0.102539161608996,3.61708537391612,0.148790361926863,0.707293591390073,0.99988016650531
"ENSG00000137713",-0.0764271593972672,4.10000963479516,0.148768972603652,0.707313417926286,0.99988016650531
"ENSG00000241506",-0.101009695422162,3.181392249518,0.148683131229037,0.707393664422908,0.99988016650531
"ENSG00000226981",0.256692543584972,0.305188057656726,0.148687492693207,0.707438239868057,0.99988016650531
"ENSG00000248508",0.133462383075562,2.87851689832264,0.148619681849309,0.707452942437359,0.99988016650531
"ENSG00000113140",-0.158088466664922,3.65680437374256,0.148587193946185,0.707482989387736,0.99988016650531
"ENSG00000137509",0.0774637107066016,4.50932999741462,0.148547582915782,0.707519786857536,0.99988016650531
"ENSG00000155959",-0.0639168525907941,5.4892210821616,0.148476574339872,0.707585915669153,0.99988016650531
"ENSG00000172345",0.163955894108966,1.84282024607276,0.148460096800215,0.707603605907998,0.99988016650531
"ENSG00000307343",0.341668643951832,0.158806149374932,0.148432569691156,0.707682845033064,0.99988016650531
"ENSG00000231006",0.0641762612992389,7.05041309030405,0.148289381007555,0.707760616720964,0.99988016650531
"ENSG00000153064",0.0741157484742667,4.8722322621864,0.148268121119244,0.707780566695444,0.99988016650531
"ENSG00000081692",-0.0630171818395147,4.65816020522164,0.148238384185888,0.707808348068989,0.99988016650531
"ENSG00000115289",-0.100739286024127,4.55232745348789,0.148140682113557,0.707899606010439,0.99988016650531
"ENSG00000272173",0.353760639346494,-0.0908511038971035,0.148192777451947,0.707911070374041,0.99988016650531
"ENSG00000162441",-0.0615988785226943,4.71595744261938,0.14809845255918,0.707939052717134,0.99988016650531
"ENSG00000083807",0.112020150050038,2.83050110385744,0.148064096718173,0.707971693213498,0.99988016650531
"ENSG00000255311",0.269390844978926,0.254327602382818,0.147998531472208,0.708089736704162,0.99988016650531
"ENSG00000170734",0.0721783902958787,4.73212550665282,0.147889818245509,0.708134068305129,0.99988016650531
"ENSG00000160691",0.358349375382171,-0.182538547058999,0.147916147092616,0.708145860777261,0.99988016650531
"ENSG00000136944",-0.205403405345773,1.65834898023821,0.147865723792561,0.708160319665895,0.99988016650531
"ENSG00000296268",0.16444613646703,1.57067454281697,0.14775904132629,0.708260010309256,0.99988016650531
"ENSG00000289997",-0.19927392125885,0.830531624812047,0.147628295734162,0.70838897708947,0.99988016650531
"ENSG00000229334",0.211416715803502,1.23537555715142,0.147606709145595,0.708404457959745,0.99988016650531
"ENSG00000183648",0.0614479179674999,7.57725441085638,0.147570698458358,0.708432559031372,0.99988016650531
"ENSG00000296297",0.225019708778985,1.39741114457797,0.147532241096688,0.708472497710174,0.99988016650531
"ENSG00000256237",0.283380672022521,0.157389851229502,0.147580388192869,0.708475470884825,0.99988016650531
"ENSG00000177600",-0.0797236618804663,11.5629477961322,0.147484071416732,0.7085136797678,0.99988016650531
"ENSG00000260259",-0.244403490851313,0.144325047563394,0.147544073588629,0.708517677666429,0.99988016650531
"ENSG00000303282",-0.168812403259066,1.61699505081402,0.147468163942187,0.708531232357489,0.99988016650531
"ENSG00000233452",-0.0973639374078261,3.49888052022182,0.147379358665377,0.708612015267282,0.99988016650531
"ENSG00000179604",0.200425570290034,2.51075714829016,0.147367078499916,0.708624144661183,0.99988016650531
"ENSG00000151229",-0.0686086071686174,6.12908272379422,0.147288434701699,0.708696987312768,0.99988016650531
"ENSG00000290786",0.170134858078135,1.89816218439031,0.147281730958155,0.708705227202763,0.99988016650531
"ENSG00000306496",0.353383483232265,0.247833709447593,0.147266694175235,0.708748140637997,0.99988016650531
"ENSG00000309660",-0.280021287372912,-0.0195378695360812,0.147168220846479,0.708788337629783,0.99988016650531
"ENSG00000224908",-0.202503291884321,0.643235679721836,0.147131911284734,0.708859169700896,0.99988016650531
"ENSG00000116698",-0.067177737869487,6.90604353837488,0.147086857246187,0.708886003255203,0.99988016650531
"ENSG00000143401",0.0796503510170307,6.73337927874309,0.14702826454477,0.70894097380283,0.99988016650531
"ENSG00000300370",0.393466427075056,0.396545942438118,0.146869553560095,0.709038244362611,0.99988016650531
"ENSG00000161981",0.0834273231901298,5.08209809374096,0.146911656843551,0.70905047195469,0.99988016650531
"ENSG00000213741",-0.0773944445022122,10.7913948489102,0.146866291436225,0.709092997488248,0.99988016650531
"ENSG00000291202",0.115586827146972,2.76886499634554,0.146847489707047,0.709111229976048,0.99988016650531
"ENSG00000228566",0.127830765027199,2.3205634324511,0.14624342820688,0.709679503444308,0.99988016650531
"ENSG00000309344",0.455445986412987,-0.344335621839848,0.145721894772306,0.709866489794486,0.99988016650531
"ENSG00000006453",-0.187495869607603,2.50586942600364,0.146025332899227,0.709884751739056,0.99988016650531
"ENSG00000108389",0.0835575455221124,4.24255170957929,0.146020606551579,0.709888455822217,0.99988016650531
"ENSG00000159479",0.0572703669254618,6.28439285340748,0.14599957617719,0.709908139082895,0.99988016650531
"ENSG00000148248",-0.0569876677835411,7.08697615528502,0.145998628277182,0.709909030176071,0.99988016650531
"ENSG00000285948",0.299367142082055,1.15488613243973,0.145994544895763,0.709920609056437,0.99988016650531
"ENSG00000276345",0.0634055897971276,5.48778092345376,0.145913765563832,0.709989002387122,0.99988016650531
"ENSG00000150457",0.08295637263147,3.78815354929538,0.145905718497036,0.709996778435222,0.99988016650531
"ENSG00000109519",-0.0576040358486344,6.02694923143569,0.145895663051968,0.710006057517038,0.99988016650531
"ENSG00000238057",-0.174776070281389,1.96114577825755,0.14575910691356,0.710136817342364,0.99988016650531
"ENSG00000198821",0.19811913435345,1.26705691897821,0.145747675484655,0.710152386161563,0.99988016650531
"ENSG00000186081",0.289096977694224,3.13675020210893,0.145558157105052,0.710324895877474,0.99988016650531
"ENSG00000135451",0.0796968488687693,3.81200258896212,0.145511993448192,0.710368155820979,0.99988016650531
"ENSG00000113460",0.0678160579193078,5.71932022036524,0.145491279537433,0.710387495152996,0.99988016650531
"ENSG00000116703",0.23811035358315,0.68642447414961,0.145445464309814,0.710457555895302,0.99988016650531
"ENSG00000106263",-0.0586117499306578,7.19821599885991,0.145397207125487,0.710476311346935,0.99988016650531
"ENSG00000163704",-0.168389960351348,2.35305092950965,0.14533445028282,0.71053657982152,0.99988016650531
"ENSG00000132554",-0.191468701964887,1.1887187886233,0.145329595035608,0.710546920152956,0.99988016650531
"ENSG00000072274",-0.0650146518918637,6.94248700912588,0.145243008569224,0.710621975505485,0.99988016650531
"ENSG00000138074",0.0811295442205214,4.52061520583411,0.145143225108541,0.710716401445845,0.99988016650531
"ENSG00000213853",0.100556847065123,4.44978413064316,0.145097730948623,0.71075940708408,0.99988016650531
"ENSG00000167642",0.397345255862094,-0.221006112997264,0.144992965064702,0.710848294283338,0.99988016650531
"ENSG00000228022",0.452459109697944,1.91959245434472,0.14477710200075,0.711070021233964,0.99988016650531
"ENSG00000283913",-0.245371120295402,0.356905169304377,0.144779497371003,0.711124472791906,0.99988016650531
"ENSG00000134717",0.0669878799613939,6.4733678834691,0.144679114474104,0.711155423461185,0.99988016650531
"ENSG00000301128",0.280775255562923,0.469581924167173,0.144695706035244,0.711173827571293,0.99988016650531
"ENSG00000231246",0.284716737843694,0.224381352067195,0.144687221452138,0.711204771164436,0.99988016650531
"ENSG00000137033",-0.237550900469907,0.52959579383147,0.144546733252691,0.711311307953878,0.99988016650531
"ENSG00000204291",0.0982473371388371,4.46432752371281,0.144512108077068,0.711313755035733,0.99988016650531
"ENSG00000176853",0.0630987343478348,5.33719813507961,0.144375177049406,0.7114434557331,0.99988016650531
"ENSG00000073670",0.33003713901963,0.423793253898854,0.144402905370596,0.711447914056654,0.99988016650531
"ENSG00000235559",-0.157766692627237,1.28719311725197,0.144324916466771,0.711496331478951,0.99988016650531
"ENSG00000140740",-0.0618952703867582,6.91890008455547,0.144316269983824,0.711499310778654,0.99988016650531
"ENSG00000104872",0.0799712386857253,6.18189569842375,0.144298878333929,0.711515808742121,0.99988016650531
"ENSG00000273080",0.244506113715198,0.396918257707664,0.144283281221135,0.711564305442536,0.99988016650531
"ENSG00000196139",0.727083529437898,1.22186182663025,0.144245639607406,0.71157978170314,0.99988016650531
"ENSG00000250746",-0.224492643820489,1.24476183111827,0.144214614253523,0.711601521728202,0.99988016650531
"ENSG00000170275",0.0600500726975936,6.63939732284482,0.144194864997076,0.711614485446115,0.99988016650531
"ENSG00000106771",-0.0596108664775236,6.17184287469735,0.144168843821406,0.711639180100855,0.99988016650531
"ENSG00000166436",-0.0908308072163952,3.72679517968904,0.144154860102497,0.711652655764542,0.99988016650531
"ENSG00000116350",0.0560298684291397,7.03821442600139,0.144137487928419,0.711668936234231,0.99988016650531
"ENSG00000161395",0.128107123878747,2.61535873532637,0.144100415721172,0.711704955733321,0.99988016650531
"ENSG00000130203",0.140629049945251,2.83922785503038,0.144075401033216,0.711728499306269,0.99988016650531
"ENSG00000005108",0.0682866623823727,6.82782822923991,0.144060207228759,0.711742297496357,0.99988016650531
"ENSG00000235435",-0.228439195810399,0.654813033849723,0.143931869119437,0.711874514832809,0.99988016650531
"ENSG00000293512",0.299796818188981,0.409336686735173,0.143941410759335,0.711893269027627,0.99988016650531
"ENSG00000293349",-0.138744093816572,1.77366751840537,0.143847522868704,0.711946903595572,0.99988016650531
"ENSG00000101246",-0.084530171134233,4.00446411586899,0.143827942876232,0.711963089145807,0.99988016650531
"ENSG00000149256",0.206219438173377,0.745195827740518,0.14380810953204,0.711993574886837,0.99988016650531
"ENSG00000235823",0.156415764623671,3.29052611365664,0.143749321029798,0.712037964396323,0.99988016650531
"ENSG00000134830",-0.227349017547975,1.56622033803282,0.143688357603419,0.712098509972245,0.99988016650531
"ENSG00000173575",-0.0818693840980591,7.16017216007711,0.143661187041449,0.712121437357155,0.99988016650531
"ENSG00000068305",-0.0728527560178384,6.14688964855984,0.143560530285653,0.71221717791445,0.99988016650531
"ENSG00000133169",0.246257670886836,1.19006383750556,0.143557415891114,0.71222710949752,0.99988016650531
"ENSG00000154240",0.139245067039807,2.23787115546546,0.143497966987686,0.712277889609828,0.99988016650531
"ENSG00000166226",0.0546442757445979,7.59944357627923,0.14349010945574,0.712284177826157,0.99988016650531
"ENSG00000113273",-0.0904959299826083,6.74300549097655,0.143463543243287,0.712309460373065,0.99988016650531
"ENSG00000183246",0.172819470936451,1.31394860117768,0.14346533949841,0.712315518608945,0.99988016650531
"ENSG00000163220",0.0801066529871503,10.6027870993615,0.143431506268791,0.712339950487635,0.99988016650531
"ENSG00000066654",0.0618607504134466,5.60646953924406,0.143164494372768,0.712594241886876,0.99988016650531
"ENSG00000236200",-0.0842717986060496,4.9579325769193,0.143149845167566,0.712608300410653,0.99988016650531
"ENSG00000102870",0.0740828848296611,4.20698820664033,0.14309986283363,0.712655964146766,0.99988016650531
"ENSG00000302138",0.0736441895068124,9.83071660873522,0.143044404412249,0.712708689456551,0.99988016650531
"ENSG00000112249",-0.0707737344408099,6.96231371853411,0.142966550294915,0.712782921004648,0.99988016650531
"ENSG00000253636",0.0943690974737838,3.64278735528726,0.14292758172633,0.712820309237559,0.99988016650531
"ENSG00000244879",-0.0644594282528555,5.51935870724201,0.142918284895351,0.71282895894432,0.99988016650531
"ENSG00000133026",0.2436062998446,2.50947383568825,0.14290378068556,0.71284383562015,0.99988016650531
"ENSG00000164106",0.258289302098966,0.355736333405461,0.142942335550809,0.712843853514401,0.99988016650531
"ENSG00000293465",-0.149807964449478,2.38957414472983,0.142847847161627,0.712897061776333,0.99988016650531
"ENSG00000265987",0.140169759497335,4.44039903387283,0.142790425458202,0.712951048981997,0.99988016650531
"ENSG00000287998",-0.349250171782088,-0.000999585326089506,0.14276804124771,0.713032263688107,0.99988016650531
"ENSG00000180448",-0.0623823842619299,6.44738535196272,0.142646235663676,0.713088573937245,0.99988016650531
"ENSG00000117020",0.0673674176112443,4.84914637392702,0.142623892175044,0.713110002176418,0.99988016650531
"ENSG00000118620",-0.0763030661545783,5.29576941241645,0.142617969343017,0.713115574038265,0.99988016650531
"ENSG00000162545",0.359171932237979,0.798416330906404,0.142565877071694,0.713177757539347,0.99988016650531
"ENSG00000247400",-0.149109712110709,2.49182147950064,0.142469294161258,0.713258480201769,0.99988016650531
"ENSG00000104055",0.128672839395387,2.4714474753932,0.142459970276008,0.713267612618895,0.99988016650531
"ENSG00000146083",-0.0613992005378755,4.81314231450867,0.142423185099436,0.713301743977359,0.99988016650531
"ENSG00000196151",-0.0624968030855108,4.76280887013549,0.142280048491287,0.713438585896617,0.99988016650531
"ENSG00000264235",0.207371511394161,0.862667615509629,0.142136183635116,0.713588070317192,0.99988016650531
"ENSG00000250116",-0.155300238265689,3.76077721531569,0.142116680343127,0.71359497807787,0.99988016650531
"ENSG00000137497",0.061801003335681,5.50454601648804,0.142109633851115,0.713601507211018,0.99988016650531
"ENSG00000159461",0.0684820566334259,4.71866964580182,0.142082274497287,0.713627788601086,0.99988016650531
"ENSG00000265204",0.282550657454111,0.681579508785544,0.142078440664943,0.713648327464388,0.99988016650531
"ENSG00000147854",0.0639032191409677,5.89741513262904,0.142031057259732,0.713676707414853,0.99988016650531
"ENSG00000137460",-0.16700026123759,0.757905749530127,0.142020159002721,0.713703626714359,0.99988016650531
"ENSG00000278607",0.347388538830053,-0.00130856197437835,0.142070291578163,0.713705289064647,0.99988016650531
"ENSG00000127720",-0.0812312292154269,4.80437147256087,0.141958809845584,0.713745965685184,0.99988016650531
"ENSG00000108107",-0.0913153695242823,10.3687329523082,0.141918205982046,0.713784750693212,0.99988016650531
"ENSG00000254560",-0.108890727851121,4.76304110106214,0.141833266968627,0.713866211192262,0.99988016650531
"ENSG00000008128",0.126411354065112,2.35152357740154,0.141815454202157,0.713884242491337,0.99988016650531
"ENSG00000099804",0.0617203694403983,5.3294767218612,0.141748053143938,0.713947767064088,0.99988016650531
"ENSG00000107362",-0.088247197986803,4.25323912720291,0.14174011305026,0.713955497624662,0.99988016650531
"ENSG00000169592",-0.0875438212722423,4.59043217983253,0.141649570991191,0.714042268975269,0.99988016650531
"ENSG00000070882",-0.107063735670606,4.56554587449965,0.14161330960781,0.714077022308028,0.99988016650531
"ENSG00000151491",0.105349667983987,2.99325215392214,0.141535701668791,0.714151773060936,0.99988016650531
"ENSG00000169554",-0.0845268655186034,9.71194510276107,0.141516109793848,0.714170138597381,0.99988016650531
"ENSG00000141068",-0.102617614592819,3.54917853759907,0.141502670726915,0.714183262055668,0.99988016650531
"ENSG00000047578",0.0880407775809671,4.73936319256182,0.141404801393517,0.714277038115367,0.99988016650531
"ENSG00000237429",0.321850779791283,0.37254802215493,0.141365404809367,0.714355460645985,0.99988016650531
"ENSG00000109113",-0.268647596816128,0.743185853663055,0.141322839830876,0.714379975101356,0.99988016650531
"ENSG00000255843",0.221073820171461,1.30000683186471,0.141254709778117,0.714426506128967,0.99988016650531
"ENSG00000228655",-0.16303915423263,3.4773752463524,0.141239206908875,0.71443623048675,0.99988016650531
"ENSG00000272288",-0.176768433403192,1.84799605831393,0.141048741205133,0.714621090750166,0.99988016650531
"ENSG00000203965",0.191907296963429,1.48885581606409,0.141014640239492,0.714654896028757,0.99988016650531
"ENSG00000087157",-0.0599562484065718,4.9378787018315,0.140987753022581,0.714677576060187,0.99988016650531
"ENSG00000118369",-0.233667726808993,1.10555814437363,0.140957914319136,0.714712502988424,0.99988016650531
"ENSG00000225386",0.207848899627257,0.737177312661998,0.140954161699332,0.714719599331334,0.99988016650531
"ENSG00000279696",0.212938605564093,0.278124018861149,0.140931743941268,0.714773091998126,0.99988016650531
"ENSG00000140829",0.0627210479370387,5.33123292303865,0.140835076284007,0.714824325973074,0.99988016650531
"ENSG00000071859",-0.074699603626758,5.95234421247865,0.140824176342909,0.714834804688934,0.99988016650531
"ENSG00000164465",0.098563564976649,2.8914269440731,0.140802246616234,0.714856442650623,0.99988016650531
"ENSG00000189180",0.0815828926125061,5.44838787430392,0.140751753849835,0.714904485621552,0.99988016650531
"ENSG00000159388",-0.0710603971363695,7.17550222310128,0.140637360702753,0.715014576039051,0.99988016650531
"ENSG00000133858",0.0663168213825684,6.00459589927245,0.140550199839462,0.715098502043036,0.99988016650531
"ENSG00000164654",-0.0991015889120162,5.09419274626062,0.140550162901769,0.715098547426216,0.99988016650531
"ENSG00000142871",0.243201276379503,1.51904587978464,0.140552430128427,0.715100908205746,0.99988016650531
"ENSG00000160208",-0.0574282518754841,5.1200494506693,0.140517481156855,0.715130023260513,0.99988016650531
"ENSG00000132406",-0.0590041022858746,4.9915704152917,0.1404311654584,0.715213218248802,0.99988016650531
"ENSG00000257732",0.180365986791784,2.68733551689081,0.140423741037948,0.715221064794415,0.99988016650531
"ENSG00000228217",-0.152374475696841,1.36864965004822,0.140378804412844,0.715267656228094,0.99988016650531
"ENSG00000131626",0.067165674953762,6.25708385352359,0.140289177210572,0.715350006680062,0.99988016650531
"ENSG00000284194",-0.06545114765191,5.27189598032875,0.140276597412112,0.715362143154941,0.99988016650531
"ENSG00000100811",0.0612865330980635,7.37565834640864,0.140248306931793,0.715389409023946,0.99988016650531
"ENSG00000104412",0.0741553980896993,4.93550238587653,0.140216424066677,0.715420204536845,0.99988016650531
"ENSG00000290199",-0.114041806159214,3.28521616903336,0.140192928363924,0.715443137382036,0.99988016650531
"ENSG00000152520",0.064153872094307,6.95936453207765,0.140171058993376,0.715463905042434,0.99988016650531
"ENSG00000219222",0.185074669656006,1.3144705889399,0.140157090637604,0.715481596082561,0.99988016650531
"ENSG00000255672",0.294531435013248,0.315694548549791,0.140157763743087,0.71553061899223,0.99988016650531
"ENSG00000090520",-0.18149273982171,2.41511458741386,0.140069200788053,0.7155630786109,0.99988016650531
"ENSG00000106404",-0.149389604399867,2.42806175058083,0.140068109712103,0.715564132869826,0.99988016650531
"ENSG00000168546",-0.14638106133091,2.69388106603397,0.139900118310901,0.715725934162212,0.99988016650531
"ENSG00000118197",-0.0742863513043511,4.59965554631357,0.139768161747113,0.715852937863141,0.99988016650531
"ENSG00000289109",0.171728626310872,1.58931818443181,0.139766383582103,0.715859170238555,0.99988016650531
"ENSG00000173064",-0.0597027044875324,5.97246498887663,0.139701169859509,0.715917564973869,0.99988016650531
"ENSG00000293385",0.319500142776463,0.853840065039098,0.139415572445352,0.716209422757168,0.99988016650531
"ENSG00000183324",0.171580740379756,0.682343183082839,0.139410939808133,0.716216584518963,0.99988016650531
"ENSG00000122884",-0.0622397985527545,7.12789471614645,0.139286650110578,0.716318491216679,0.99988016650531
"ENSG00000111554",0.106279627969017,3.16772272693534,0.138991590848315,0.716604693368459,0.99988016650531
"ENSG00000103363",-0.0766741428394585,7.71832219354108,0.1389767832284,0.716618647246585,0.99988016650531
"ENSG00000310534",0.227449826110459,0.443011395807697,0.138976787570776,0.716638386932868,0.99988016650531
"ENSG00000214193",-0.167776997156872,1.05377995388692,0.138857724956871,0.716741338805234,0.99988016650531
"ENSG00000283239",0.298407597057639,0.526421673993652,0.138819383015831,0.71679149602163,0.99988016650531
"ENSG00000290860",0.0868573950312199,3.40428712748175,0.138797281065343,0.71679297439118,0.99988016650531
"ENSG00000297680",0.234090351788686,0.522506906092457,0.138742036484301,0.716866841583442,0.99988016650531
"ENSG00000092978",0.0640709975143685,6.20802768441194,0.13870729024845,0.716880010537349,0.99988016650531
"ENSG00000123836",0.232286782847287,0.699353427625904,0.138645604631558,0.716955935009057,0.99988016650531
"ENSG00000226904",-0.230751597030706,0.548038729762395,0.138615162682717,0.716992582404896,0.99988016650531
"ENSG00000248049",0.0653462773211543,5.17001908838108,0.138580916866103,0.717002680423249,0.99988016650531
"ENSG00000298094",0.104904285269443,2.9576116109753,0.138565517203432,0.717018129093479,0.99988016650531
"ENSG00000290923",0.067204703468024,6.40078766827753,0.138432942227529,0.717146378947069,0.99988016650531
"ENSG00000296127",0.19453001448921,1.77289333788366,0.138243580851834,0.717332482800835,0.99988016650531
"ENSG00000256269",0.067061668934496,4.94156429529175,0.138096746758141,0.717473279994377,0.99988016650531
"ENSG00000138835",0.113910294629034,3.12231940331468,0.138079291638358,0.717490552777715,0.99988016650531
"ENSG00000300428",-0.206707683765697,1.05417061629673,0.138002939255007,0.717573106179373,0.99988016650531
"ENSG00000147202",0.0620472236034162,8.4292794822459,0.13793060999273,0.717634887603289,0.99988016650531
"ENSG00000234663",0.232629974477365,0.616507367366984,0.13793001079652,0.717653334583258,0.99988016650531
"ENSG00000250602",-0.218812281594708,0.82079453785885,0.137875484450188,0.717704162094304,0.99988016650531
"ENSG00000136522",0.0698335949648302,6.18135681921697,0.137815623547679,0.717746857147605,0.99988016650531
"ENSG00000214558",0.118816839545925,2.09875263042768,0.137787014118859,0.717776038979693,0.99988016650531
"ENSG00000134748",0.0537099314278744,6.44552019531889,0.137719481439969,0.717840514285057,0.99988016650531
"ENSG00000160190",-0.103559662348455,3.41052517955901,0.13771001504814,0.717850039235738,0.99988016650531
"ENSG00000300008",0.179584006730342,0.872180968984627,0.13760477790052,0.717960624372822,0.99988016650531
"ENSG00000149273",-0.076504189723627,10.2573710521444,0.137551845563954,0.718003906532632,0.99988016650531
"ENSG00000229618",0.111801683896199,2.89259112888483,0.137540839267953,0.718015097277316,0.99988016650531
"ENSG00000198825",0.0825079578688375,4.04261657037394,0.137501316547569,0.718053332735548,0.99988016650531
"ENSG00000198482",-0.126451772452803,2.82132276825388,0.137473644321598,0.718080688364845,0.99988016650531
"ENSG00000308196",0.125448399446243,2.72304395135889,0.137355477582651,0.718195975014386,0.99988016650531
"ENSG00000102010",-0.19002995225389,1.00132476532255,0.137258849487145,0.718300274644323,0.99988016650531
"ENSG00000100084",-0.0633452041798856,5.21190768618671,0.137239844320978,0.7183083309447,0.99988016650531
"ENSG00000175701",0.0638885427068489,6.03521912103414,0.137230896120781,0.718317059521036,0.99988016650531
"ENSG00000167671",-0.063546174002421,4.89951575484405,0.137225672513656,0.718322241630589,0.99988016650531
"ENSG00000166439",0.0684215331635897,5.49604297933159,0.137207199313117,0.718340200690577,0.99988016650531
"ENSG00000279148",0.198176860887876,0.850831798420081,0.137103125267309,0.718454504249841,0.99988016650531
"ENSG00000096384",-0.0677970577608929,11.1776748675521,0.136953504197218,0.718588043824406,0.99988016650531
"ENSG00000105698",-0.0565324540968865,5.59790488672659,0.13691605458549,0.718624660121572,0.99988016650531
"ENSG00000143126",0.248508786537963,1.07684772844946,0.136901006680994,0.718648431947601,0.99988016650531
"ENSG00000160007",0.0619341368185655,6.04834079212137,0.136862476069894,0.718677043063356,0.99988016650531
"ENSG00000235162",0.132563621565359,2.58124631593179,0.136862306062074,0.718678012140458,0.99988016650531
"ENSG00000070367",-0.0551849271491989,5.75661259486843,0.136785452776778,0.718752374865911,0.99988016650531
"ENSG00000285696",-0.210626406210044,0.480004982975911,0.136769811985484,0.718795290186042,0.99988016650531
"ENSG00000104859",0.0640301051539587,4.90953874310366,0.136685531858904,0.718850190305944,0.99988016650531
"ENSG00000087116",0.0734036369485177,5.11860144694721,0.13665646299261,0.718878602186319,0.99988016650531
"ENSG00000005249",-0.0662706521815036,4.81260959171675,0.136543177538632,0.718989572651372,0.99988016650531
"ENSG00000139620",-0.0803216458985092,3.71539971481633,0.136513334524114,0.719018918626158,0.99988016650531
"ENSG00000148840",0.0606860120362659,4.80873027735407,0.136509982719111,0.719022076383448,0.99988016650531
"ENSG00000258724",-0.185094280782372,1.24529807266162,0.136486089713107,0.719049607591034,0.99988016650531
"ENSG00000240489",0.248480672235562,0.796212320246361,0.136465761809605,0.719081629261174,0.99988016650531
"ENSG00000092607",0.0810298113590887,5.6126825824892,0.136427218504801,0.7191030536661,0.99988016650531
"ENSG00000154217",0.0580601029657042,5.95980747373676,0.136406430584861,0.719123417293082,0.99988016650531
"ENSG00000080298",0.066499604592963,6.15787447513215,0.136263721751038,0.719263275013482,0.99988016650531
"ENSG00000267213",0.150521146954327,1.71183252860752,0.136244104103658,0.719284938053187,0.99988016650531
"ENSG00000165078",-0.250974742723416,0.0737203596822453,0.136245308954662,0.719335183230346,0.99988016650531
"ENSG00000135164",0.0679126906122599,4.981758648932,0.136097788870306,0.719426045248792,0.99988016650531
"ENSG00000108344",-0.0557733735325245,6.90276335242138,0.136078298963167,0.71944511788404,0.99988016650531
"ENSG00000141837",0.178515487890256,2.72296876296343,0.136040360717575,0.719482887550309,0.99988016650531
"ENSG00000103489",-0.0657483712884553,5.62013452830941,0.136000873541414,0.719521096819239,0.99988016650531
"ENSG00000170153",0.223989539178402,1.89579855741345,0.135966364103859,0.719556781673401,0.99988016650531
"ENSG00000229291",-0.352834133843978,1.70789464657112,0.135961606874285,0.719562505418692,0.99988016650531
"ENSG00000011132",0.080520709281733,3.97020367029903,0.135938161096599,0.719582793870857,0.99988016650531
"ENSG00000160075",-0.0697285885338318,6.73406106723552,0.135886182893478,0.719633676871581,0.99988016650531
"ENSG00000223442",0.240414812336211,0.755832147509817,0.135888511121378,0.719644465637745,0.99988016650531
"ENSG00000196209",0.0794681891310791,3.97151184652283,0.13585932656054,0.719660189280131,0.99988016650531
"ENSG00000241878",0.055597501958456,5.79896769361514,0.135800160480777,0.719718160356208,0.99988016650531
"ENSG00000310190",0.159933797180932,1.04598960258838,0.135670364878431,0.71985167172947,0.99988016650531
"ENSG00000165197",-0.188267947506824,1.27443271912613,0.135661162195041,0.719858767263602,0.99988016650531
"ENSG00000157379",-0.161034581186225,2.35687453021338,0.135653065543625,0.71986377264047,0.99988016650531
"ENSG00000176809",-0.0672149557862108,4.64029258863178,0.135418080916587,0.720093857566759,0.99988016650531
"ENSG00000139842",0.0607285057548568,6.01739799618904,0.135386893419533,0.720124439509055,0.99988016650531
"ENSG00000158710",-0.0682161041329032,9.58188257856458,0.135372016859641,0.720139073977059,0.99988016650531
"ENSG00000185737",0.159856701379497,1.39671386853067,0.135338404007181,0.720176830070276,0.99988016650531
"ENSG00000259867",0.279896394050088,0.382572983613269,0.135312455443381,0.72022227408484,0.99988016650531
"ENSG00000159842",-0.0599782062991296,7.40270501013282,0.135253453861044,0.720255771795166,0.99988016650531
"ENSG00000196367",0.0605920782107343,5.72785431263944,0.135199281704447,0.72030911626884,0.99988016650531
"ENSG00000165733",0.0634478543956643,5.68087676690481,0.13519135806833,0.720316919508456,0.99988016650531
"ENSG00000107902",-0.1258394685473,2.63201710935188,0.135121064023781,0.720386832373632,0.99988016650531
"ENSG00000109255",0.288432387067455,0.178005323358339,0.135140021603241,0.720421851321158,0.99988016650531
"ENSG00000185252",0.141993190863638,2.34511618013787,0.135037139016426,0.720469993932465,0.99988016650531
"ENSG00000287931",-0.216613007868693,0.339705856766883,0.134976838414146,0.720559648857136,0.99988016650531
"ENSG00000290569",-0.0658478714081105,4.64816540151072,0.134866936924953,0.720636711915071,0.99988016650531
"ENSG00000087302",-0.0573924652166388,6.79269125239321,0.134833052103703,0.720670032237915,0.99988016650531
"ENSG00000184785",0.130024311824819,2.23040429940123,0.134817943322419,0.72068645560281,0.99988016650531
"ENSG00000157216",0.0598729347061632,6.52786436100055,0.134790394372827,0.720712108493128,0.99988016650531
"ENSG00000092108",-0.0661379481434366,6.05464191977068,0.134764672875331,0.720737484596215,0.99988016650531
"ENSG00000085982",-0.0702774740580456,5.60526380005245,0.134751097819553,0.720750880412266,0.99988016650531
"ENSG00000237886",0.454123388469309,0.885273956436438,0.134732046503808,0.720778711336517,0.99988016650531
"ENSG00000060762",-0.0628028649801235,5.44401406804614,0.134642988072136,0.720857569828495,0.99988016650531
"ENSG00000060656",-0.273452463581919,0.556040047269857,0.134595771787817,0.720934870257404,0.99988016650531
"ENSG00000033327",0.0704913647391345,7.27645309299849,0.134391138991736,0.721106286362241,0.99988016650531
"ENSG00000303376",-0.0736906715485475,8.48605085556798,0.134386966924629,0.721110408467656,0.99988016650531
"ENSG00000185630",-0.245212486853136,2.87007498999142,0.134367125716022,0.721130641236357,0.99988016650531
"ENSG00000197013",0.0926684085045433,3.72544593844342,0.134348810184108,0.721148336032083,0.99988016650531
"ENSG00000142694",-0.146187766214366,2.22986521497769,0.13423490281633,0.721262117850144,0.99988016650531
"ENSG00000234026",0.259608585432295,0.461425658989814,0.134205433599757,0.721313146049465,0.99988016650531
"ENSG00000149346",0.101496840776804,3.9378099096402,0.134146888804515,0.721347923745636,0.99988016650531
"ENSG00000166825",0.0527901858378106,7.73892673637053,0.134119347115072,0.721375006099826,0.99988016650531
"ENSG00000187010",0.227821244649532,1.28052890637558,0.134097523912347,0.721400467108406,0.99988016650531
"ENSG00000298775",-0.128911470266977,2.19176319552066,0.134081306349783,0.721414003987813,0.99988016650531
"ENSG00000213740",0.178962259103285,1.00862354717561,0.134034728813787,0.721467409727521,0.99988016650531
"ENSG00000147677",-0.0556846138851347,8.51099365483383,0.133926998808365,0.721565368680876,0.99988016650531
"ENSG00000125611",0.0891422500791886,3.35868920282546,0.133884964598527,0.721607299824036,0.99988016650531
"ENSG00000172456",-0.0699479554903846,5.74058364650261,0.133819868414423,0.721671466035304,0.99988016650531
"ENSG00000100077",-0.0772993605476209,6.28244855806307,0.133717956086132,0.721772433321502,0.99988016650531
"ENSG00000257218",-0.0675245295817369,4.92439164540139,0.133691723731638,0.721798496757503,0.99988016650531
"ENSG00000298783",-0.146259168216895,3.54425463037417,0.133691472937175,0.721798905013817,0.99988016650531
"ENSG00000087191",0.0621013377619307,5.94757737103541,0.133346677042377,0.722140654222114,0.99988016650531
"ENSG00000117298",-0.0639426222124204,4.91181056230916,0.133346128333997,0.722141219043241,0.99988016650531
"ENSG00000293428",0.226685204669361,1.07680466912762,0.13334966255029,0.722143479543724,0.99988016650531
"ENSG00000172765",0.0684656525003944,5.79664856415429,0.133337448034828,0.722149815094725,0.99988016650531
"ENSG00000119684",0.0699269455285902,4.21121869435188,0.133326145822352,0.722161157439054,0.99988016650531
"ENSG00000086544",-0.120360374303639,2.05193013018207,0.133321583818997,0.722167121344199,0.99988016650531
"ENSG00000295151",-0.0559702066142516,6.05916486224968,0.133217185754519,0.722269215249043,0.99988016650531
"ENSG00000206262",0.199993625558015,1.29295370150548,0.133142226249636,0.72234810396864,0.99988016650531
"ENSG00000120705",0.0541913407696158,6.46968551137296,0.133122389918386,0.722363374644749,0.99988016650531
"ENSG00000245694",0.0683225318897607,4.72490734616979,0.133071077980303,0.722414467021746,0.99988016650531
"ENSG00000296691",0.281625604589224,0.851993289014976,0.133074218899466,0.722433991998802,0.99988016650531
"ENSG00000274322",-0.14164568103986,2.11179129261557,0.133031471672467,0.722455004791521,0.99988016650531
"ENSG00000100216",-0.0647148922526996,7.33658894235133,0.132992565138996,0.722492390593155,0.99988016650531
"ENSG00000263293",0.0706941868441228,5.49658880293485,0.132986660426054,0.722498267390047,0.99988016650531
"ENSG00000178934",0.213281642692099,0.756121428530691,0.132918598534904,0.722580527426536,0.99988016650531
"ENSG00000196576",-0.0511867917560634,6.5981089278096,0.132857722072191,0.722626472253384,0.99988016650531
"ENSG00000157837",-0.0572917428129842,6.0540848741379,0.13283499197064,0.722649083390961,0.99988016650531
"ENSG00000290938",-0.154807138093361,1.10832565544422,0.132805886391543,0.722684423827576,0.99988016650531
"ENSG00000068654",0.0666245872024474,5.34193438258961,0.13277263530797,0.722711126308448,0.99988016650531
"ENSG00000108387",-0.259750922640722,0.539532235416349,0.132785863424876,0.722719458671774,0.99988016650531
"ENSG00000119328",0.0986644276242179,2.72215461665473,0.132682519544797,0.722801489623799,0.99988016650531
"ENSG00000237281",0.181203483354343,0.836451664609926,0.132641837002618,0.722851753336339,0.99988016650531
"ENSG00000185347",0.0903806222308087,3.09329774787999,0.132627541939359,0.72285596164046,0.99988016650531
"ENSG00000309266",-0.119306414296477,2.1162031906447,0.132527039815917,0.722956793255076,0.99988016650531
"ENSG00000146830",-0.120583935872686,5.08075654592582,0.132463503808627,0.723018954282318,0.99988016650531
"ENSG00000156265",0.237307346462706,1.39307734014412,0.132419223892084,0.723066575775109,0.99988016650531
"ENSG00000047662",0.163510256627629,1.59655767316591,0.132373738813721,0.72311129917562,0.99988016650531
"ENSG00000099797",0.0850024321135617,5.70365289462335,0.132330795600194,0.723151172857678,0.99988016650531
"ENSG00000228050",-0.131704815146209,1.91939095974741,0.132329442071208,0.723154381403923,0.99988016650531
"ENSG00000310351",0.309795988867024,1.17064072272491,0.132308409579534,0.723188163723673,0.99988016650531
"ENSG00000131467",0.0603247273578617,6.13336436180284,0.132291018385899,0.723190825897603,0.99988016650531
"ENSG00000139946",0.116479077973341,3.3514565005908,0.132254168205869,0.723228016160729,0.99988016650531
"ENSG00000156411",-0.0662029020359699,7.16821699595904,0.132186772393327,0.723294787118527,0.99988016650531
"ENSG00000215414",-0.105920559954855,3.61352174765449,0.132094626537167,0.723386950837918,0.99988016650531
"ENSG00000167074",0.102825299357838,3.23954418926207,0.131979321732883,0.72350218345521,0.99988016650531
"ENSG00000197054",0.299751711956864,0.10579195805973,0.131988169947861,0.723563427622533,0.99988016650531
"ENSG00000111860",-0.0715121202252987,4.77127028555643,0.13185907157986,0.723621997483744,0.99988016650531
"ENSG00000286986",0.0903230701903549,3.63442936028136,0.131842816359768,0.723638362177772,0.99988016650531
"ENSG00000164916",0.0546195416270574,6.01963039601736,0.131775411224853,0.723705495373661,0.99988016650531
"ENSG00000164244",-0.0674582243711024,5.17853013971293,0.131734591143071,0.723746299153692,0.99988016650531
"ENSG00000211459",0.0754407758444748,11.1454857979968,0.131650278845702,0.723830569581499,0.99988016650531
"ENSG00000099949",0.0940278053448193,2.99164121369656,0.131640900735751,0.723840374972556,0.99988016650531
"ENSG00000103335",-0.0565453496782571,6.19241417181477,0.131616299983822,0.723864548881175,0.99988016650531
"ENSG00000251372",0.196243981220456,2.75041023922353,0.131607445008487,0.723874136263361,0.99988016650531
"ENSG00000275665",0.127160929940037,3.2229677896323,0.131540223643372,0.723940958707894,0.99988016650531
"ENSG00000177602",-0.225889325396576,0.109340783409274,0.131551209193576,0.723985730995218,0.99988016650531
"ENSG00000303255",-0.182865039809912,1.331638002729,0.131494340044852,0.723990875790917,0.99988016650531
"ENSG00000163617",-0.146257947292226,3.03805448786052,0.131463138566558,0.724018154323351,0.99988016650531
"ENSG00000250903",0.070504194858734,5.43943707002801,0.131362120519602,0.724118870550638,0.99988016650531
"ENSG00000166441",-0.0770618949583608,11.0652430810373,0.131300212101366,0.72418084554204,0.99988016650531
"ENSG00000140479",0.0781251789494429,4.35623339934223,0.131229643021473,0.72425163506181,0.99988016650531
"ENSG00000173928",-0.119454437838029,2.13011126619744,0.131191553764231,0.724291131130995,0.99988016650531
"ENSG00000148334",0.065049513685427,5.83079177227998,0.131181017701233,0.724300238030187,0.99988016650531
"ENSG00000147316",0.0565948019694124,6.39363514720897,0.131179154510171,0.724302101722522,0.99988016650531
"ENSG00000175215",-0.0802061973499334,5.70800804660219,0.131152056310576,0.724329256649861,0.99988016650531
"ENSG00000113163",-0.0729528735551531,5.29539046976902,0.131134097940531,0.72434725559601,0.99988016650531
"ENSG00000147118",-0.162464462956722,2.04725712249214,0.131125177967066,0.724357793318658,0.99988016650531
"ENSG00000241106",-0.27517946257753,0.018964348965115,0.131061222001757,0.724473220503562,0.99988016650531
"ENSG00000173198",-0.0892538676100277,4.42674516324472,0.130945344490518,0.72453659320582,0.99988016650531
"ENSG00000103740",-0.236465262674427,0.450642225410304,0.1309491248283,0.724556732256006,0.99988016650531
"ENSG00000138759",-0.142332082148077,2.02864987368401,0.130896384975927,0.724587130460387,0.99988016650531
"ENSG00000049239",-0.0616340528708713,5.54714840701036,0.130885088199167,0.724596916323314,0.99988016650531
"ENSG00000110092",0.0604232535674205,5.77232330536656,0.130794549316256,0.724687758351996,0.99988016650531
"ENSG00000131711",0.0900412653080308,4.56129571869925,0.130703684426699,0.724779065191966,0.99988016650531
"ENSG00000171621",-0.101796721104048,2.98341341337453,0.130605338989087,0.724878153088756,0.99988016650531
"ENSG00000144567",0.0705475753975691,4.63299218911528,0.130542084811963,0.724941367840883,0.99988016650531
"ENSG00000227589",0.314618076877372,0.0241550536905849,0.130331931050696,0.725119738224542,0.99988016650531
"ENSG00000138119",0.0639148791712958,4.34658292505529,0.130331966331715,0.725152571781033,0.99988016650531
"ENSG00000134905",-0.0549731018062215,5.28192716447347,0.130311561514173,0.725172987012939,0.99988016650531
"ENSG00000257239",-0.262594559477242,0.470682474330744,0.13032558827973,0.725197467934303,0.99988016650531
"ENSG00000306331",-0.202043327422982,0.64974086247588,0.130272506990065,0.725228114222741,0.99988016650531
"ENSG00000297367",0.113056983780045,2.73698869890238,0.130254523334428,0.725230995710112,0.99988016650531
"ENSG00000053524",0.14465596654641,2.30005269040275,0.130249316492825,0.725236596970768,0.99988016650531
"ENSG00000010072",-0.0703891274833701,4.15842574985788,0.130196254751583,0.725289096280472,0.99988016650531
"ENSG00000178809",-0.188872350969778,1.70018723279125,0.130191402076946,0.725296309855324,0.99988016650531
"ENSG00000006715",-0.0724593755781048,5.77967723185566,0.130129051580119,0.725356601687844,0.99988016650531
"ENSG00000125835",-0.069908544115819,6.51018716901525,0.130119084303338,0.725366630948424,0.99988016650531
"ENSG00000301095",0.227638850929485,0.877043868133928,0.130122687065087,0.725370746208872,0.99988016650531
"ENSG00000006744",0.0660421104791393,4.34578048283899,0.130107277330145,0.725378633274206,0.99988016650531
"ENSG00000136709",-0.0518146737707789,6.62268951065181,0.130057585122378,0.725428539897655,0.99988016650531
"ENSG00000169499",-0.0667296384562442,5.49639935146313,0.130045446324209,0.725440768266477,0.99988016650531
"ENSG00000128268",0.263032119400609,0.614237396252049,0.129920712735936,0.725576323442248,0.99988016650531
"ENSG00000137942",0.0862605163903228,4.11442222890507,0.129901696855232,0.725585669320758,0.99988016650531
"ENSG00000170458",0.0688970917982756,5.57632732380136,0.129892237216568,0.725595078262391,0.99988016650531
"ENSG00000144810",-0.165436002960967,5.96094944850649,0.129874837395042,0.72561260733357,0.99988016650531
"ENSG00000170606",-0.0519072690484037,6.72667729158447,0.12984345546281,0.725644228170933,0.99988016650531
"ENSG00000197157",0.0533667114344724,7.20688163667628,0.129788839821836,0.725699273183744,0.99988016650531
"ENSG00000088756",0.304661725099586,0.270885282261329,0.129750888469131,0.725769516873042,0.99988016650531
"ENSG00000130706",0.0600480257105109,6.82683494114405,0.129700422906075,0.725788414841315,0.99988016650531
"ENSG00000258294",-0.155530679702326,2.20576959502403,0.129612280250104,0.725878487741087,0.99988016650531
"ENSG00000168237",-0.171436753250199,0.885406218865152,0.129530565068123,0.725969183379471,0.99988016650531
"ENSG00000307673",0.402031558598697,-0.164266225219918,0.129303557505207,0.726010927918291,0.99988016650531
"ENSG00000164187",0.0677955930687954,4.21175176170318,0.129469895547789,0.726021119884675,0.99988016650531
"ENSG00000143256",0.0592005859907711,8.29330137676424,0.129456844551296,0.726034166569655,0.99988016650531
"ENSG00000215483",0.225788908860404,0.279289016178758,0.129444168887653,0.72608038824151,0.99988016650531
"ENSG00000303747",0.216555092493127,0.840322393167058,0.129384895367638,0.726117984116806,0.99988016650531
"ENSG00000297015",0.176870741747377,1.21189807144954,0.129362861821266,0.726134516982934,0.99988016650531
"ENSG00000258048",0.12528296053695,3.37192410972945,0.129288967213383,0.726203973944301,0.99988016650531
"ENSG00000262831",-0.155725656390321,2.77274543853832,0.129249217870512,0.726244498460056,0.99988016650531
"ENSG00000099917",-0.0585614497209556,6.38783894662713,0.129214080742892,0.726279361945414,0.99988016650531
"ENSG00000259564",0.134225137774508,1.82446994851869,0.129195619290431,0.726300069407557,0.99988016650531
"ENSG00000108509",0.0827667366963074,3.34531675419935,0.129153677015787,0.726340692437037,0.99988016650531
"ENSG00000132603",-0.0552453101361377,5.72170030412386,0.12898614956574,0.726509817451633,0.99988016650531
"ENSG00000165487",0.0617424439383022,5.95503985466596,0.128962415199218,0.726533825330517,0.99988016650531
"ENSG00000169100",-0.0631638077416448,8.25839459495027,0.128935859126902,0.726560689027859,0.99988016650531
"ENSG00000292334",-0.0631638077416448,8.25839459495027,0.128935859126902,0.726560689027859,0.99988016650531
"ENSG00000163915",-0.245294974087663,0.293269546043525,0.128888429064886,0.726608605062012,0.99988016650531
"ENSG00000122482",-0.0671822645967228,7.34897732767165,0.128827228745857,0.726670626948504,0.99988016650531
"ENSG00000198520",0.319147223592043,4.21047462645586,0.128781898128785,0.726716739409152,0.99988016650531
"ENSG00000103024",-0.0553468652712337,6.33354986779873,0.128634740952787,0.726865562940643,0.99988016650531
"ENSG00000110048",0.0643353295034287,5.4578519779466,0.128603814002706,0.726896904077616,0.99988016650531
"ENSG00000178531",0.307080296254588,0.69937056048687,0.128554215896155,0.726963673370852,0.99988016650531
"ENSG00000274565",0.17109242520205,1.15214661839353,0.128526071301068,0.726984709780263,0.99988016650531
"ENSG00000259049",-0.269320011543448,-0.104687307126984,0.12856463891872,0.726993378009409,0.99988016650531
"ENSG00000267458",-0.0958205949580583,8.69559310261411,0.128404553860513,0.727098890580496,0.99988016650531
"ENSG00000170017",-0.074840584888203,6.71289009121008,0.128343958122356,0.727160355014668,0.99988016650531
"ENSG00000127616",-0.0493559110204663,7.18445640082671,0.128280795734287,0.727224437786153,0.99988016650531
"ENSG00000101445",0.186276595879819,1.5934820557064,0.128244364231895,0.727264058274077,0.99988016650531
"ENSG00000204308",-0.0819116819403026,5.20895022103892,0.127965864364998,0.72754424493989,0.99988016650531
"ENSG00000172172",-0.0564022872515822,6.54249171301445,0.127854824871419,0.727657093362029,0.99988016650531
"ENSG00000308299",0.165639773400617,2.7733148395858,0.127834665264815,0.727678445594619,0.99988016650531
"ENSG00000253603",0.131608345651433,3.88729409182093,0.127774316768504,0.727739124810541,0.99988016650531
"ENSG00000106070",-0.0801416439074189,3.50559166550731,0.127754264812546,0.727759593162621,0.99988016650531
"ENSG00000241764",0.225924498381796,0.946608599797761,0.127534975058657,0.727992616671597,0.99988016650531
"ENSG00000287378",-0.16184216770619,0.820185088549404,0.127478209290793,0.728048874868802,0.99988016650531
"ENSG00000180370",-0.0576924652225948,7.62755312671733,0.127465734976515,0.728053004044322,0.99988016650531
"ENSG00000197321",-0.0953666583360932,4.4643318374751,0.127453788915634,0.728065282740927,0.99988016650531
"ENSG00000175137",0.0855844536058444,3.30579968656911,0.127446326699043,0.728073130466573,0.99988016650531
"ENSG00000172987",0.214239560255915,0.180900024359492,0.127313487076676,0.728256531103718,0.99988016650531
"ENSG00000291158",0.0569550698200413,5.85195908887,0.127179840947974,0.728344353626922,0.99988016650531
"ENSG00000105321",0.115031606266745,2.56072563828843,0.12705259294134,0.728474852025351,0.99988016650531
"ENSG00000008086",-0.134247105375992,1.66638121968208,0.126996878527977,0.728533448947371,0.99988016650531
"ENSG00000213280",-0.0942642314709599,3.63781059274769,0.126982286413217,0.728546111633037,0.99988016650531
"ENSG00000119723",0.0828819360517646,3.71787569004708,0.126913706736557,0.728616112625151,0.99988016650531
"ENSG00000096696",0.299102172071184,2.49748589381791,0.126908664360976,0.72862233585336,0.99988016650531
"ENSG00000290579",0.200615480010593,0.400409210851795,0.126836963557011,0.728724718869629,0.99988016650531
"ENSG00000228486",-0.0960979150889526,3.26439029961571,0.12680294679821,0.728729340469438,0.99988016650531
"ENSG00000104321",0.199055137905394,0.664651205668149,0.126786712074778,0.728757266095694,0.99988016650531
"ENSG00000172009",0.0594486866879877,4.98867187079871,0.126758187355936,0.728774791076573,0.99988016650531
"ENSG00000198815",0.0566074940096494,7.97883231501577,0.126684846151872,0.72884966433267,0.99988016650531
"ENSG00000160218",0.0578457801900114,5.6589897907008,0.126646183141861,0.728889186248203,0.99988016650531
"ENSG00000166986",-0.0585257590192569,5.78915984511973,0.126645106413732,0.728890286158039,0.99988016650531
"ENSG00000130720",0.281651698742101,0.637865956189318,0.126662581640763,0.728911513385442,0.99988016650531
"ENSG00000151353",0.0853070740033385,4.19250243670698,0.12661509189886,0.728921105177061,0.99988016650531
"ENSG00000306197",0.189624754186543,2.92216348434376,0.126600906539038,0.728935930699671,0.99988016650531
"ENSG00000143452",-0.120758315106495,2.45244118226281,0.12656573959338,0.728972137826642,0.99988016650531
"ENSG00000286162",-0.0635318298572418,5.07945170895611,0.126484817460524,0.729054194338486,0.99988016650531
"ENSG00000136059",0.111005073097473,2.56371390721039,0.126454773074596,0.729085574748316,0.99988016650531
"ENSG00000132694",-0.0677480184054583,5.47223923254832,0.126390406600595,0.729150782848199,0.99988016650531
"ENSG00000165124",0.0959077172673395,3.09090187135355,0.126347332571238,0.729195222586572,0.99988016650531
"ENSG00000297805",0.0712861207897132,5.12255106901032,0.126333807279151,0.729208716051347,0.99988016650531
"ENSG00000306181",-0.158815083734812,2.28883042155147,0.126314105771601,0.72923000508265,0.99988016650531
"ENSG00000197958",-0.0682951588762296,10.2359975922847,0.126151733148599,0.729395149168099,0.99988016650531
"ENSG00000255580",-0.178839393211537,1.04731024978113,0.126130041346659,0.729424672143944,0.99988016650531
"ENSG00000174206",-0.125718613716478,2.11635341279781,0.125954899372089,0.729598343922346,0.99988016650531
"ENSG00000293919",0.189375413733284,1.06852471003294,0.125924808503152,0.72963355680041,0.99988016650531
"ENSG00000224870",0.103031237041024,2.73852742622645,0.125801807285891,0.729754491999135,0.99988016650531
"ENSG00000251201",-0.0869147538633653,3.16580368477095,0.12576682642642,0.729790156639183,0.99988016650531
"ENSG00000280433",-0.0963154226014735,3.46672764888351,0.125750169991507,0.729807142262766,0.99988016650531
"ENSG00000197296",0.162856560279052,1.01442726037009,0.125721815535021,0.729842208481554,0.99988016650531
"ENSG00000185515",-0.0773125533670948,4.75585350099527,0.125701968986226,0.72985645731528,0.99988016650531
"ENSG00000166965",0.071473098319226,3.9849702560099,0.125692344726358,0.729866423969785,0.99988016650531
"ENSG00000136813",-0.0613436010668658,6.14681730532629,0.125685883501686,0.729872886136451,0.99988016650531
"ENSG00000130540",0.244565143961237,0.83768129633795,0.125688020175832,0.729880413327665,0.99988016650531
"ENSG00000123144",-0.0680504707086037,6.88426722195131,0.125559850240772,0.73000230577021,0.99988016650531
"ENSG00000181315",-0.102224751932384,2.59965345311582,0.125549539574815,0.7300135866312,0.99988016650531
"ENSG00000162888",0.169697769843426,3.92486368813764,0.125532416254205,0.730030633931684,0.99988016650531
"ENSG00000244754",-0.0543195213902751,7.80343554016153,0.125498482087295,0.730065349434333,0.99988016650531
"ENSG00000170396",-0.0885149057799251,8.46510035653772,0.125477405009436,0.730087006137373,0.99988016650531
"ENSG00000179271",0.0696411767145418,6.93632499610615,0.125444199199352,0.730121130599362,0.99988016650531
"ENSG00000197585",-0.156141047427162,1.54342129495282,0.125433178842198,0.730135115746904,0.99988016650531
"ENSG00000176124",0.0762198676889195,6.58503014960663,0.125314631957226,0.730254328069698,0.99988016650531
"ENSG00000290823",-0.0715055146278514,3.99478872161329,0.125277944737436,0.730292213158153,0.99988016650531
"ENSG00000101335",-0.0787283975547597,6.72348701057036,0.125259168416813,0.730311369298342,0.99988016650531
"ENSG00000289041",-0.169920186739568,1.51715799158298,0.125245789240738,0.730327918047776,0.99988016650531
"ENSG00000224470",0.13376179647579,3.37452644309281,0.12521074366904,0.730361444412375,0.99988016650531
"ENSG00000236790",-0.111215039731892,3.25284520024355,0.125209520989142,0.730362800001337,0.99988016650531
"ENSG00000231040",0.238916481437413,-0.0572741916734859,0.125061620096531,0.730576511625046,0.99988016650531
"ENSG00000089486",0.0795912320751054,3.92716293167564,0.124986807260031,0.730591852620842,0.99988016650531
"ENSG00000164074",0.0660359242943024,6.35629637638893,0.124966459732983,0.730612642526855,0.99988016650531
"ENSG00000096433",0.149669488660944,3.36969623337524,0.124774605451698,0.730810608263317,0.99988016650531
"ENSG00000241061",-0.128422947833654,2.24200771380433,0.124627012070367,0.730963723377574,0.99988016650531
"ENSG00000084733",-0.0521300849203447,7.78302976438036,0.124591134484521,0.730999533350768,0.99988016650531
"ENSG00000290876",0.0633023806619801,4.48027245655315,0.124508970797253,0.731084430516102,0.99988016650531
"ENSG00000124795",0.0555240443376672,6.76669536583053,0.124400240879663,0.731196565076003,0.99988016650531
"ENSG00000158825",0.348177340800459,1.37160612779665,0.124293040427572,0.731312712375659,0.99988016650531
"ENSG00000141385",-0.0594687727435556,6.04983680229083,0.124200672390111,0.731402735620444,0.99988016650531
"ENSG00000100393",-0.0711574483225974,6.84123442215551,0.124179620006468,0.73142449235709,0.99988016650531
"ENSG00000270760",0.308504710937699,-0.0903459411699212,0.124226790023859,0.731428961552179,0.99988016650531
"ENSG00000198205",-0.153889671472151,1.49533596143654,0.124131418207573,0.731477436769512,0.99988016650531
"ENSG00000310566",-0.215702068633875,0.163140270174454,0.124148419720594,0.731509630367614,0.99988016650531
"ENSG00000116030",-0.0595046833191465,6.5486199844155,0.123993056378707,0.731617414633153,0.99988016650531
"ENSG00000198832",0.270333096592054,2.51180125541481,0.123956140717803,0.731656446115733,0.99988016650531
"ENSG00000114902",0.0588617600564455,7.19054570581232,0.123913032712538,0.731700214899163,0.99988016650531
"ENSG00000135912",-0.0675586308050547,4.38011123276442,0.123835423030582,0.731780657371688,0.99988016650531
"ENSG00000301807",0.0801480793799346,3.45483669196499,0.123814019503971,0.731802967572058,0.99988016650531
"ENSG00000226281",0.0576375140640086,6.12368670912659,0.123806182530243,0.731810823250529,0.99988016650531
"ENSG00000112624",-0.0570401815504844,5.35269924150891,0.123395908740768,0.732236028927407,0.99988016650531
"ENSG00000144136",-0.0501946877769315,6.02224733789363,0.12325939949521,0.732377676269376,0.99988016650531
"ENSG00000120265",-0.061080031264662,5.8090793632165,0.123255384632492,0.732381845110821,0.99988016650531
"ENSG00000117139",-0.0702312324571341,5.23256152967604,0.123238996454261,0.732398863453562,0.99988016650531
"ENSG00000292256",-0.215630765164907,0.164540414393965,0.123279650067686,0.732409787129817,0.99988016650531
"ENSG00000154319",-0.279539820193626,0.424248805742936,0.12323050352743,0.732429469663973,0.99988016650531
"ENSG00000198791",0.0522114089072947,7.05452533395348,0.123155943028693,0.73248508758466,0.99988016650531
"ENSG00000176472",-0.166889787902613,0.675448183425568,0.123158920971367,0.73250479794951,0.99988016650531
"ENSG00000109321",0.18281597125268,1.56211197420551,0.123099844143825,0.732546035162598,0.99988016650531
"ENSG00000168958",0.0527785229060084,5.88941994226815,0.123070252898621,0.732574098153602,0.99988016650531
"ENSG00000122224",-0.247039803981841,0.0729166028534063,0.1231269333849,0.73257442437354,0.99988016650531
"ENSG00000140323",0.297781395747967,0.552697785395685,0.123094779603957,0.732576445363897,0.99988016650531
"ENSG00000117614",-0.0593071299088655,5.61297827497712,0.12302803626882,0.732617963502446,0.99988016650531
"ENSG00000300574",-0.122652971651829,1.83332784602046,0.122960923042944,0.732689772542032,0.99988016650531
"ENSG00000196526",0.0589091428808956,4.83078684500336,0.122920261556457,0.732730016431188,0.99988016650531
"ENSG00000248242",0.207620561323961,0.471264928977217,0.122772735967047,0.732903866861208,0.99988016650531
"ENSG00000184831",-0.0727785725417726,6.52424880573283,0.122710826644402,0.732947816461293,0.99988016650531
"ENSG00000162407",0.225641681129772,0.654943677056947,0.122624358893753,0.733060134320593,0.99988016650531
"ENSG00000301476",-0.0803989362638989,4.92523841435367,0.122565434410811,0.733099262462776,0.99988016650531
"ENSG00000279529",0.220439640835817,0.728270601144627,0.122557373051686,0.733120510162214,0.99988016650531
"ENSG00000167748",-0.255847977472709,0.552294670768887,0.122508454817296,0.733199703786371,0.99988016650531
"ENSG00000305335",-0.246626876897949,0.32061246882839,0.122450382337111,0.733255306756426,0.99988016650531
"ENSG00000170909",0.1122965919249,2.74467281078147,0.122249594374857,0.73342882044261,0.99988016650531
"ENSG00000214827",0.162163102618279,2.03473410715761,0.122212845933448,0.733468614082624,0.99988016650531
"ENSG00000135736",-0.133795103351063,1.76612405148119,0.122192243757118,0.733490206453396,0.99988016650531
"ENSG00000107816",0.0651985804011278,5.51744092552902,0.122176935531047,0.733504093788515,0.99988016650531
"ENSG00000125846",0.0799138554944864,3.3750841365922,0.122097208448161,0.733587531485032,0.99988016650531
"ENSG00000248445",0.0849013577728582,4.04412934618131,0.122081849709664,0.733603432942726,0.99988016650531
"ENSG00000167994",-0.158660232643826,3.1425827929321,0.122050513584609,0.733636388528691,0.99988016650531
"ENSG00000255234",0.112158668293591,2.21413790564381,0.121981300677897,0.73370936965936,0.99988016650531
"ENSG00000143457",-0.0811241602779811,4.93547951616299,0.121966834302455,0.733723450325817,0.99988016650531
"ENSG00000172717",-0.0699156888321135,3.87709882811696,0.121927945976447,0.73376416336619,0.99988016650531
"ENSG00000070444",0.0926159639576889,3.35091195225353,0.121903521618107,0.733789787736514,0.99988016650531
"ENSG00000213316",0.270732097306052,3.62219061312503,0.121797312105495,0.733901517369799,0.99988016650531
"ENSG00000139133",-0.10716442952996,2.32883519710829,0.121759684773708,0.733940799319472,0.99988016650531
"ENSG00000271949",-0.200968662841491,0.593731115629573,0.121727967664248,0.73398977907486,0.99988016650531
"ENSG00000166478",0.0692934986016914,4.62886457862509,0.12161162475994,0.734094694574458,0.99988016650531
"ENSG00000228929",0.0613252792043038,7.84362809024157,0.121593595808738,0.734113452012999,0.99988016650531
"ENSG00000165516",0.0801814167861375,3.27528213661758,0.121523130518158,0.734187500216777,0.99988016650531
"ENSG00000294790",0.147127899836761,1.26105611556426,0.121430332004276,0.734288790327406,0.99988016650531
"ENSG00000130340",-0.064187320615041,5.30160677505722,0.121406784287419,0.734308957801522,0.99988016650531
"ENSG00000068394",-0.0707803558699303,3.71558980157233,0.121376140864452,0.734341243723986,0.99988016650531
"ENSG00000171492",0.0656860764862205,5.30669558219479,0.121372563749636,0.734344788292989,0.99988016650531
"ENSG00000196353",0.152468303267722,2.25673187242465,0.121352894111014,0.734366333713032,0.99988016650531
"ENSG00000119383",-0.170244518194518,0.859863502500935,0.121322168296364,0.734412767186473,0.99988016650531
"ENSG00000099995",0.0544514366046228,5.89749266559307,0.12110278202992,0.734627451717788,0.99988016650531
"ENSG00000128833",0.308695224889507,0.90381348218446,0.121113073445566,0.734634961661726,0.99988016650531
"ENSG00000229466",0.197327875350695,3.01793984202885,0.121032485267337,0.734701641535352,0.99988016650531
"ENSG00000125755",-0.0587012235885987,5.40217472788795,0.121000597489587,0.734734614513255,0.99988016650531
"ENSG00000258912",0.329091482335898,-0.0724052815956351,0.120954448171635,0.734834631981548,0.99988016650531
"ENSG00000170464",-0.127286493125986,2.72029865064304,0.120860195857464,0.734882513514731,0.99988016650531
"ENSG00000142541",-0.067964228868018,10.8162048032564,0.120859477171974,0.734882680143464,0.99988016650531
"ENSG00000181458",-0.0772283540039548,4.72423854371746,0.120798533324542,0.734946730270073,0.99988016650531
"ENSG00000291131",0.201631808195248,1.07539532714733,0.120790381979189,0.734962362434873,0.99988016650531
"ENSG00000254317",0.263206814372024,0.399779104429288,0.120793202360991,0.734982836553808,0.99988016650531
"ENSG00000213380",0.109836913194507,3.07843764403137,0.120749461623903,0.734998614441066,0.99988016650531
"ENSG00000125772",0.0975326500179302,4.49544490241658,0.120737620472385,0.735010729909761,0.99988016650531
"ENSG00000101596",-0.0660778078660367,6.9453060723878,0.120637818373315,0.735115459976177,0.99988016650531
"ENSG00000140983",0.0583355633217414,5.56695395813259,0.120634758873745,0.735118681068698,0.99988016650531
"ENSG00000119787",0.0583417938782738,5.22002077568915,0.120465858501041,0.735296223575859,0.99988016650531
"ENSG00000248079",-0.0755861363761877,5.11414518017417,0.120456283427997,0.735306292654597,0.99988016650531
"ENSG00000105568",-0.053687431484794,7.85734995433509,0.120384189685971,0.735382108666187,0.99988016650531
"ENSG00000141027",-0.0500099443122078,6.63347616345247,0.120292730597069,0.735478342254566,0.99988016650531
"ENSG00000130208",0.142548573131983,3.27052150734256,0.120273689416753,0.735498849305071,0.99988016650531
"ENSG00000135778",-0.0727336442850354,5.11902561859223,0.120155176852347,0.73562316416661,0.99988016650531
"ENSG00000287348",0.155523164998601,1.73841027293049,0.119975490872632,0.735814738731239,0.99988016650531
"ENSG00000234147",-0.0611211620863393,8.72491448154547,0.11994027455655,0.735849578241681,0.99988016650531
"ENSG00000231607",0.0590719272588438,8.58011251591862,0.119905172427464,0.735886584626138,0.99988016650531
"ENSG00000164749",0.0819490901416576,4.10529569697567,0.119894934754877,0.735897518883786,0.99988016650531
"ENSG00000105185",-0.0556399335861124,7.15425929942654,0.1198806092419,0.735912484624455,0.99988016650531
"ENSG00000205250",0.0543704520192498,5.99970096473588,0.119814720365157,0.735981975483996,0.99988016650531
"ENSG00000177425",0.104476984253786,3.13305234230973,0.119804344636897,0.735993291511142,0.99988016650531
"ENSG00000140691",-0.104133461948951,2.62869918990069,0.119798645437599,0.735999681881826,0.99988016650531
"ENSG00000196639",-0.0509772432706459,6.03016875952197,0.119758510667434,0.736041271719559,0.99988016650531
"ENSG00000172059",0.0733150521612821,4.11525648503297,0.11972282379008,0.736079060639776,0.99988016650531
"ENSG00000169442",0.246104968000813,4.16534886047839,0.119668101687081,0.736136835792162,0.99988016650531
"ENSG00000129354",-0.282952969866868,0.260985343039811,0.119670148289304,0.73617528021375,0.99988016650531
"ENSG00000138182",0.0552773363699953,5.92855870131677,0.119599941610414,0.736208636477955,0.99988016650531
"ENSG00000159173",-0.294637678719337,0.0216919026085838,0.119645833182174,0.736225643482636,0.99988016650531
"ENSG00000110031",-0.0555287751008674,7.76815644918068,0.119531213545766,0.736281210745276,0.99988016650531
"ENSG00000225850",0.240181898574028,0.335167309680686,0.119466355871143,0.736380446342342,0.99988016650531
"ENSG00000143252",-0.0517590443194446,7.23505240229042,0.11935749585433,0.736464766602266,0.99988016650531
"ENSG00000162385",0.0531560404656401,7.02225513587804,0.119351004546886,0.736471628704192,0.99988016650531
"ENSG00000225564",0.140581767293153,1.93557374218959,0.119327430023928,0.736498304284,0.99988016650531
"ENSG00000116661",0.181144871244457,0.899957768566794,0.119157616581496,0.736693747088407,0.99988016650531
"ENSG00000260570",0.201174667766375,2.15672876519566,0.119142078765393,0.736694146098049,0.99988016650531
"ENSG00000134575",0.0774631446031221,3.83931413560093,0.119121741504138,0.736714273076597,0.99988016650531
"ENSG00000206573",0.0563224009213303,5.41984556381742,0.119115936786248,0.736720263557669,0.99988016650531
"ENSG00000089280",0.054030856622628,8.29752835659094,0.1190746051895,0.736764000116522,0.99988016650531
"ENSG00000134644",-0.049191810954042,7.42891893088063,0.119022069544263,0.736819615409258,0.99988016650531
"ENSG00000188033",-0.0723748907789035,3.77540935623991,0.119011456045136,0.736831031170274,0.99988016650531
"ENSG00000140403",0.0729299706552514,4.68553615188089,0.118989167751945,0.736854536056748,0.99988016650531
"ENSG00000158321",0.174861082832484,2.38055893467468,0.118941212883748,0.736906247385513,0.99988016650531
"ENSG00000140990",0.0727682253102524,6.12438871812377,0.11875048487457,0.737107342995219,0.99988016650531
"ENSG00000256453",0.282449943690272,0.0781826950248836,0.118747554442214,0.737152167665553,0.99988016650531
"ENSG00000101132",-0.0786830615775515,5.51138385656603,0.118573948062039,0.737294574276777,0.99988016650531
"ENSG00000178217",-0.288932323069793,0.959316335017984,0.118572083786907,0.737303549007472,0.99988016650531
"ENSG00000287277",0.33997206981348,0.497904266086255,0.118572168110297,0.73731341922449,0.99988016650531
"ENSG00000142459",0.096672120023442,3.49825929289613,0.118554223899173,0.73731572157318,0.99988016650531
"ENSG00000285676",0.329968000723298,0.856347693918773,0.11855128088164,0.737327823448774,0.99988016650531
"ENSG00000003249",-0.331690251138992,0.473044572787367,0.118565966907827,0.737336403917388,0.99988016650531
"ENSG00000181036",0.217440533581928,0.210745283823027,0.118527942103059,0.737380181368279,0.99988016650531
"ENSG00000147140",-0.0494372643120358,7.87335766937229,0.118482428359349,0.737391690356095,0.99988016650531
"ENSG00000054116",-0.0567448287554616,6.00541442547222,0.118315253941823,0.73756921419241,0.99988016650531
"ENSG00000267379",0.318219217835331,0.052374022040122,0.118245063768238,0.737679527901322,0.99988016650531
"ENSG00000310465",0.156488717566114,2.66579701049991,0.118084590970628,0.737814954283731,0.99988016650531
"ENSG00000180739",0.417686411563477,0.771282464109802,0.11807404572114,0.737840542537842,0.99988016650531
"ENSG00000125538",-0.0577250678458759,9.46654241090734,0.117773625377678,0.738145331708073,0.99988016650531
"ENSG00000278619",-0.151847054038635,1.36301927661302,0.117736899173793,0.738189077604273,0.99988016650531
"ENSG00000005302",-0.0992401976704101,4.08923158772574,0.117674394607832,0.73825116986517,0.99988016650531
"ENSG00000267262",0.193462084254185,1.02351740116684,0.117659515368126,0.7382835481781,0.99988016650531
"ENSG00000235036",0.164122172547208,0.82479635062779,0.117587208590392,0.738363676032685,0.99988016650531
"ENSG00000119777",-0.0793040035153004,3.42423728116241,0.117505376195696,0.738431474524018,0.99988016650531
"ENSG00000129625",0.0653404976161006,5.04840501297895,0.117486270044781,0.738451636943475,0.99988016650531
"ENSG00000146223",-0.0582979773326848,7.76799184171931,0.117467712458394,0.738471386803343,0.99988016650531
"ENSG00000129235",0.057171297150946,5.25427547104417,0.117307551387054,0.738642317897649,0.99988016650531
"ENSG00000151247",-0.0494019353567056,6.28849646145499,0.117255225951655,0.738698147753989,0.99988016650531
"ENSG00000243296",-0.164266263415791,1.67903551552776,0.117246665991603,0.738709442627439,0.99988016650531
"ENSG00000160207",0.179475527217233,1.31893237670736,0.117245843857558,0.738711808801738,0.99988016650531
"ENSG00000280071",0.0656947047287983,4.52918842421305,0.117207610294372,0.738749096556829,0.99988016650531
"ENSG00000070423",-0.0581003109985194,6.07532011596899,0.117181637693482,0.738776733734403,0.99988016650531
"ENSG00000145569",0.0628729292177377,6.30950147454657,0.117143877157074,0.738817068721093,0.99988016650531
"ENSG00000148082",-0.239675079765111,0.584373879083385,0.117136795727627,0.738842116699104,0.99988016650531
"ENSG00000297286",-0.177590369734805,0.299097724084413,0.117133591044753,0.738858150365876,0.99988016650531
"ENSG00000223404",0.0573320644274656,6.37745497183359,0.11701623379871,0.738953469324757,0.99988016650531
"ENSG00000134247",-0.102845392649613,2.96746041060372,0.117010937061376,0.73895954957449,0.99988016650531
"ENSG00000141252",0.0636956031737915,5.36207937101984,0.116944875464005,0.739029766667069,0.99988016650531
"ENSG00000100380",0.0480599933594543,7.10179053255873,0.116896087462828,0.739081933950534,0.99988016650531
"ENSG00000121897",-0.0839943622067651,3.22862014369038,0.116885788969924,0.73909327678664,0.99988016650531
"ENSG00000301981",0.158778906095418,1.9474507750534,0.11688645107136,0.739093860007767,0.99988016650531
"ENSG00000269220",0.17613692781088,1.62980397300425,0.116795030036275,0.739192148996061,0.99988016650531
"ENSG00000127191",-0.0614903158366036,5.15308271111884,0.11678121827141,0.73920483882199,0.99988016650531
"ENSG00000107819",0.0661252893475106,4.49902801655835,0.116706135967471,0.739285297399077,0.99988016650531
"ENSG00000132004",0.119205566206905,2.47467848962378,0.116574425152213,0.739427200240881,0.99988016650531
"ENSG00000164296",0.125512669917441,2.22521295392189,0.116566175078119,0.739436091150569,0.99988016650531
"ENSG00000284292",-0.160653876630156,1.05991126964084,0.116514794353394,0.739496761419134,0.99988016650531
"ENSG00000137166",-0.0629782945401584,4.2538342566639,0.116496270615435,0.73951009416754,0.99988016650531
"ENSG00000166562",-0.0905749755867421,5.62669777037713,0.116422796799066,0.739588730247898,0.99988016650531
"ENSG00000269043",0.289320076802521,0.0158957590626575,0.116404096755957,0.739659787848627,0.99988016650531
"ENSG00000110080",0.056461009910154,5.77748401370719,0.116313729403478,0.739705681591297,0.99988016650531
"ENSG00000175294",0.179037893985623,2.74287462551214,0.11614210556611,0.739890463443315,0.99988016650531
"ENSG00000248489",0.10311415204026,2.53043785710814,0.116104548942684,0.73993086514124,0.99988016650531
"ENSG00000110047",-0.0508044489468722,7.81430788008895,0.116075134707628,0.739961733378259,0.99988016650531
"ENSG00000154265",0.0746112463006933,4.76154915769595,0.116044049550894,0.739995196135862,0.99988016650531
"ENSG00000138080",0.232550950490069,0.322197577962656,0.11606340305762,0.740008894764092,0.99988016650531
"ENSG00000167925",-0.0913283779910708,3.41426373986105,0.115935189733207,0.740112359046774,0.99988016650531
"ENSG00000103199",-0.173924101325204,0.678735467365945,0.115898409076531,0.740163215563541,0.99988016650531
"ENSG00000273748",0.0902565799161947,3.06725447163063,0.115771186515363,0.740288726295594,0.99988016650531
"ENSG00000164323",0.0757734738381847,5.10568983667083,0.115641681860594,0.740427695523317,0.99988016650531
"ENSG00000164291",0.131442426957356,2.17881712493557,0.115594734796727,0.740479308999309,0.99988016650531
"ENSG00000114999",-0.053557789515466,4.83814608696374,0.115584227534954,0.740489568185136,0.99988016650531
"ENSG00000155792",-0.119910661019069,2.84517574441966,0.115564977051814,0.74051175926187,0.99988016650531
"ENSG00000215030",-0.0633792243616125,8.52177340598239,0.115554918368872,0.740521053554948,0.99988016650531
"ENSG00000234076",0.128140441499419,1.73244787464173,0.115435483052157,0.74065182293857,0.99988016650531
"ENSG00000270362",-0.108428237293608,2.82461634621506,0.115392410052071,0.740696532926479,0.99988016650531
"ENSG00000260317",0.261463463915588,0.311318544175154,0.115342274531313,0.740785544581529,0.99988016650531
"ENSG00000132341",0.0615917786803244,8.87383195412791,0.115306542364422,0.740788599246214,0.99988016650531
"ENSG00000231672",0.113360186587581,2.41140758056123,0.115291256288618,0.74080587685333,0.99988016650531
"ENSG00000130529",-0.0696226214699447,5.33388972838072,0.115214568966412,0.740887762850191,0.99988016650531
"ENSG00000026652",0.0609029757346623,4.7793170147279,0.115176767612884,0.740928594364277,0.99988016650531
"ENSG00000138092",0.0743898444671936,3.60113654364266,0.115149337423928,0.740958355125702,0.99988016650531
"ENSG00000114698",0.182837822435672,0.785257929031247,0.115135441289451,0.740984980203851,0.99988016650531
"ENSG00000272870",-0.243732917326449,0.8394958374309,0.115116950131086,0.741003608451236,0.99988016650531
"ENSG00000066923",0.185306287410423,0.655310128622093,0.115076296836578,0.741048783447584,0.99988016650531
"ENSG00000145996",0.0596065071706561,5.96080343714605,0.115010547840969,0.741107866173173,0.99988016650531
"ENSG00000261794",-0.179766712589434,0.86726920278294,0.114922132378901,0.741214227067181,0.99988016650531
"ENSG00000116580",-0.060158053027498,5.81942959895536,0.114884266502114,0.741244215911739,0.99988016650531
"ENSG00000299509",0.216144340002087,1.66048478214667,0.114823238698796,0.741312492853934,0.99988016650531
"ENSG00000167962",0.0567761467693785,6.13546806444693,0.114815200222342,0.74131882255074,0.99988016650531
"ENSG00000168175",-0.0575432290738443,6.77028304912025,0.114606900915432,0.741543987145214,0.99988016650531
"ENSG00000076242",-0.0686822537509847,4.11840281820804,0.114567692975338,0.741586522710977,0.99988016650531
"ENSG00000251369",-0.118976590435946,2.44381581412339,0.114564879954576,0.741590280674604,0.99988016650531
"ENSG00000307256",0.33390176830086,2.0839966135399,0.114497672985842,0.741665518386669,0.99988016650531
"ENSG00000198892",0.224112865849681,1.42065679403822,0.11446749186807,0.741698280105317,0.99988016650531
"ENSG00000137812",0.0589901053302181,4.98087047068219,0.114448475556973,0.741715470887754,0.99988016650531
"ENSG00000185634",0.164170244375552,1.19617031198591,0.114417924054859,0.741753175728925,0.99988016650531
"ENSG00000286415",0.0842687940742768,3.29497925087624,0.114378239567517,0.741791753411024,0.99988016650531
"ENSG00000177169",-0.0932795507933281,3.14152908086336,0.1143097841801,0.74186590374229,0.99988016650531
"ENSG00000291136",-0.05489080523205,5.11446531519855,0.114301077677199,0.741875002793222,0.99988016650531
"ENSG00000075884",-0.0597561920735297,8.04671274513248,0.114299672174717,0.741876512926595,0.99988016650531
"ENSG00000167106",0.118747860688242,2.61776381626611,0.114223070010731,0.74196032070123,0.99988016650531
"ENSG00000257529",-0.202099701488116,0.578561757269402,0.114125846339384,0.742086610933394,0.99988016650531
"ENSG00000286787",0.129694940037754,1.85419419022916,0.114056320365635,0.742142009560546,0.99988016650531
"ENSG00000242358",-0.280364707220344,0.117652942069502,0.11410284198061,0.742142456403138,0.99988016650531
"ENSG00000010256",-0.0577988930216293,6.25499564896122,0.113877357711612,0.742334425046261,0.99988016650531
"ENSG00000234084",0.211830189686898,3.75858373475947,0.113782681107748,0.742437455847236,0.99988016650531
"ENSG00000141378",0.0584686106194681,5.1038777926065,0.113776499337773,0.742443935231625,0.99988016650531
"ENSG00000160199",0.0551047394960479,5.18187617919804,0.113771647933137,0.74244920199859,0.99988016650531
"ENSG00000233060",-0.160771591186808,1.61648614459418,0.113736819235856,0.742489913617267,0.99988016650531
"ENSG00000115648",-0.219251230541464,1.16959779287292,0.113705227469416,0.742526336806069,0.99988016650531
"ENSG00000243295",0.231030852050375,1.43341347865911,0.113695343426505,0.742534653966782,0.99988016650531
"ENSG00000301571",-0.167416430566511,1.26050236091465,0.113641100096062,0.742594669435302,0.99988016650531
"ENSG00000131944",-0.116638406674827,2.13059780049563,0.113369613217213,0.742887498718902,0.99988016650531
"ENSG00000299150",-0.181678961572289,1.02343844085031,0.113374802676083,0.742887961502901,0.99988016650531
"ENSG00000184983",-0.055280797438388,6.90743501686306,0.113303584527654,0.742958088229179,0.99988016650531
"ENSG00000005156",-0.069203024292057,3.86989385855949,0.113303090146612,0.742958794136651,0.99988016650531
"ENSG00000157601",-0.204300394049906,1.55760069462013,0.113227840309974,0.7430435512538,0.99988016650531
"ENSG00000105176",0.0526088427559338,6.30806128203499,0.113196648718025,0.743074519792086,0.99988016650531
"ENSG00000075131",0.0628874481648344,4.86838297180685,0.113152382087697,0.743122797775092,0.99988016650531
"ENSG00000307268",0.269530553989189,0.197344601390481,0.113187965132983,0.743133689310388,0.99988016650531
"ENSG00000174032",-0.0865284650010487,3.32549817048066,0.11312339741333,0.743154604222641,0.99988016650531
"ENSG00000153006",-0.0546828377034881,5.96354937891425,0.113074923159897,0.743207129540077,0.99988016650531
"ENSG00000169375",-0.0528471832498611,5.80180837994841,0.113048991241942,0.743235390926874,0.99988016650531
"ENSG00000131389",-0.0469765214096792,5.83246198818833,0.112961251514323,0.743331036139516,0.99988016650531
"ENSG00000101882",-0.0680709435765904,4.98399870548824,0.11292214045552,0.743373733011182,0.99988016650531
"ENSG00000184613",-0.105253765661856,2.44673396612409,0.112919124818616,0.743377850476116,0.99988016650531
"ENSG00000147010",-0.0536569637280394,8.36847460944852,0.112897514436041,0.743400538583583,0.99988016650531
"ENSG00000148296",0.058851652842616,5.10386192542437,0.112856674182117,0.743445112743865,0.99988016650531
"ENSG00000303038",-0.184777555953376,0.59404249220324,0.11280618529694,0.743514356230261,0.99988016650531
"ENSG00000105088",0.153073912499611,1.11184881543332,0.112789348620204,0.743523449003901,0.99988016650531
"ENSG00000177839",0.145720504963609,1.59813720017299,0.112754036821857,0.743559971280293,0.99988016650531
"ENSG00000289377",-0.406837130314704,0.982507334966881,0.112759411845538,0.743569680023821,0.99988016650531
"ENSG00000131238",0.0629358729767531,10.9634118061359,0.112733082932796,0.743579955974395,0.99988016650531
"ENSG00000169084",-0.0758334274727093,6.23818775957858,0.112731265643952,0.743581942088648,0.99988016650531
"ENSG00000292338",-0.0758334274727093,6.23818775957858,0.112731265643952,0.743581942088648,0.99988016650531
"ENSG00000104774",-0.0581313492558147,5.58231594638691,0.112667737531642,0.743651303380988,0.99988016650531
"ENSG00000263874",0.180867044089057,0.825647927885598,0.112665038131981,0.743662313005804,0.99988016650531
"ENSG00000182871",0.173135327357353,2.08882220027914,0.112654425206081,0.74366732065963,0.99988016650531
"ENSG00000125945",-0.13422612113858,1.6734011360183,0.112649991057725,0.743672680399657,0.99988016650531
"ENSG00000259399",0.122499161330711,1.47543915633647,0.112496864543856,0.743840932285988,0.99988016650531
"ENSG00000198910",-0.249552395262517,1.13320478018845,0.11245870692659,0.743884605985435,0.99988016650531
"ENSG00000221886",0.20982890761065,0.41753977465691,0.112434322169126,0.743931450125855,0.99988016650531
"ENSG00000089682",-0.0655189422688833,5.06016213942504,0.11234082052152,0.744008583156629,0.99988016650531
"ENSG00000157800",0.119910095568434,1.91048541172554,0.112293900601429,0.744061516076758,0.99988016650531
"ENSG00000102316",-0.061926772503916,4.62786136515654,0.112223105040342,0.74413744777103,0.99988016650531
"ENSG00000165714",-0.0882774334575359,3.19958849888982,0.11216726284865,0.744198780325846,0.99988016650531
"ENSG00000258102",-0.106405847664107,2.68419950794075,0.112141238266663,0.744227540299145,0.99988016650531
"ENSG00000100258",0.0929437541288616,4.27020769902318,0.112098326295954,0.744274060483356,0.99988016650531
"ENSG00000188986",-0.0495848817974927,6.14757003926342,0.111947521676358,0.744439147733016,0.99988016650531
"ENSG00000236756",0.109175997512789,2.83156747377364,0.111907344813209,0.744483712284758,0.99988016650531
"ENSG00000258744",0.125849460510341,2.02849425525399,0.111905287055531,0.744486754398106,0.99988016650531
"ENSG00000186889",-0.166571151866637,1.08502433420622,0.111851457762137,0.744551352371141,0.99988016650531
"ENSG00000248555",0.276060038790951,0.232138172777426,0.111768585948969,0.744677727654051,0.99988016650531
"ENSG00000230061",0.190997314358292,0.479834207040159,0.111741150428848,0.744684575422064,0.99988016650531
"ENSG00000167964",0.255566533014643,0.241443135081519,0.111712841511318,0.744734613638487,0.99988016650531
"ENSG00000164889",-0.0580994441919771,5.32556010038118,0.11167697956289,0.744735834908334,0.99988016650531
"ENSG00000309270",0.0865537971708616,5.31583478787417,0.111643977320113,0.744772054886499,0.99988016650531
"ENSG00000235740",0.192660295806871,0.441573359511142,0.111534775815136,0.744921070196683,0.99988016650531
"ENSG00000259687",-0.200705086564172,0.64023545277853,0.111528009514195,0.744922978852491,0.99988016650531
"ENSG00000212664",0.0634702539660316,6.44294907187985,0.111460955371244,0.744973012753677,0.99988016650531
"ENSG00000173867",0.240382182855403,0.0660653911697139,0.111490609679899,0.744992809095961,0.99988016650531
"ENSG00000273217",0.27103594760226,0.376575153359096,0.111397703595255,0.745069656847694,0.99988016650531
"ENSG00000198793",0.0651197686991307,5.35697335580365,0.111335275863278,0.745111128584106,0.99988016650531
"ENSG00000216863",0.165336742876135,1.34487773979728,0.111277320187507,0.745177957877381,0.99988016650531
"ENSG00000296914",-0.267183073631876,-0.0227239422149119,0.111270318873187,0.745239829292215,0.99988016650531
"ENSG00000170270",-0.0694288645284312,4.92791937172257,0.111015580331275,0.745462904662774,0.99988016650531
"ENSG00000090621",0.0609740471716254,8.93907730807741,0.110986172367911,0.745495208443502,0.99988016650531
"ENSG00000033030",-0.0683655228733668,4.82628613983744,0.110951335531356,0.74553365690909,0.99988016650531
"ENSG00000111640",0.0639278849123434,9.37336341109322,0.11093388009298,0.745552799349314,0.99988016650531
"ENSG00000273723",-0.182369299275825,0.33228306227385,0.110889246723477,0.745632825994624,0.99988016650531
"ENSG00000041515",0.272252617726794,0.241334237280481,0.110828991181941,0.745701761488694,0.99988016650531
"ENSG00000100354",-0.0535279406130903,6.84199985398647,0.110755395391899,0.745749485191096,0.99988016650531
"ENSG00000182648",0.0814426473217623,3.6287523965939,0.110652953612206,0.745862653029242,0.99988016650531
"ENSG00000089060",-0.0526545719828785,5.01605253388968,0.110626454350677,0.74589172774773,0.99988016650531
"ENSG00000103707",-0.0709233441508316,4.96940126852127,0.11060102766167,0.74591978906733,0.99988016650531
"ENSG00000157637",0.0642953261407571,5.76712037816193,0.110597642589164,0.74592347592755,0.99988016650531
"ENSG00000227954",-0.151499694734795,1.20526374758896,0.11059011996203,0.745936413977955,0.99988016650531
"ENSG00000187764",0.101231351462879,4.2891344379169,0.110528212073729,0.746000207956344,0.99988016650531
"ENSG00000250033",-0.2406494103658,0.370427360383344,0.110485742397199,0.746077118326575,0.99988016650531
"ENSG00000224616",0.0991417635679297,2.84141318337844,0.110345855031851,0.746201937354747,0.99988016650531
"ENSG00000297826",-0.198435061707938,1.07780439309059,0.110339631813637,0.746214809570408,0.99988016650531
"ENSG00000173660",0.0644754727826547,9.45913245273721,0.110272332020521,0.746282697239196,0.99988016650531
"ENSG00000245970",0.116525897771969,3.3444312133408,0.110237530137428,0.746321484102073,0.99988016650531
"ENSG00000010610",-0.0577149034000183,6.60178720763896,0.110197433411204,0.746365489977839,0.99988016650531
"ENSG00000113319",-0.167617209909832,1.76057351130466,0.110130864577344,0.746440806351837,0.99988016650531
"ENSG00000120837",-0.0689264323917966,4.36578502875862,0.110121633947093,0.746449417133296,0.99988016650531
"ENSG00000253508",-0.153142539899852,1.32627417147598,0.110100554140593,0.74647740172891,0.99988016650531
"ENSG00000289716",-0.260937474013035,0.377045253134655,0.110106484983054,0.74649315647055,0.99988016650531
"ENSG00000090376",0.057996261390622,7.96839815378132,0.10995466115041,0.746634060550659,0.99988016650531
"ENSG00000146858",0.22636585790221,0.669344908083467,0.109861744653695,0.746756691886537,0.99988016650531
"ENSG00000268518",0.10369920138141,3.91551038117882,0.109828412726976,0.746773994084448,0.99988016650531
"ENSG00000113387",-0.0663680332663224,8.49340328080017,0.109771178269936,0.746837262413833,0.99988016650531
"ENSG00000274372",0.178946069312448,1.22610200027646,0.109684617085422,0.746937560707163,0.99988016650531
"ENSG00000099875",-0.0767258816669424,6.61074581225789,0.109639071949837,0.746983685417894,0.99988016650531
"ENSG00000179571",-0.172356980514066,0.865719591571201,0.109603872125709,0.747031532175525,0.99988016650531
"ENSG00000159216",-0.0540243820258226,8.5208226809152,0.109568877569591,0.74706152491312,0.99988016650531
"ENSG00000302536",0.181698566563849,0.97025873441719,0.109530582407757,0.74711161753277,0.99988016650531
"ENSG00000170113",-0.0810275443669864,3.12437583396449,0.109499198915058,0.747139162700632,0.99988016650531
"ENSG00000113211",0.127729833467085,1.58184510359635,0.109460739443825,0.747183997445845,0.99988016650531
"ENSG00000188191",0.0852266602228177,4.02677182661571,0.109452074721819,0.747191238972909,0.99988016650531
"ENSG00000175792",0.0550993392182526,6.1612819983107,0.109385035462048,0.747265528792451,0.99988016650531
"ENSG00000310560",0.0844904798487621,5.24416360793095,0.109384203647091,0.74726646125527,0.99988016650531
"ENSG00000304816",0.199011800358211,0.335038433627514,0.109406145491865,0.747276730228622,0.99988016650531
"ENSG00000186432",0.0521822809229933,6.31290818183122,0.109308471873575,0.747350543686743,0.99988016650531
"ENSG00000115827",-0.0740554736286318,3.80836851553077,0.10928564157753,0.747376071413312,0.99988016650531
"ENSG00000253720",0.169730483034218,1.27475629951538,0.109275213789019,0.747391461148499,0.99988016650531
"ENSG00000111911",-0.0734204960661257,4.27513069382563,0.109156284413992,0.747519736076622,0.99988016650531
"ENSG00000163820",0.121179120456786,3.09079511978612,0.109138473243918,0.747539776692832,0.99988016650531
"ENSG00000183808",-0.0711353998469628,4.9777635338815,0.109119482880494,0.74756060276935,0.99988016650531
"ENSG00000196227",0.0578137170768952,4.81561832955219,0.109114964490565,0.747565637659656,0.99988016650531
"ENSG00000280195",0.193002912246866,0.865203435358022,0.10906903673626,0.747626003370064,0.99988016650531
"ENSG00000294004",-0.148525175035193,0.856261872951568,0.108954544513659,0.747752543401833,0.99988016650531
"ENSG00000287919",0.161797847967213,1.34870304819798,0.108918700369625,0.747787247738197,0.99988016650531
"ENSG00000237877",0.0662675045565255,5.60223162446957,0.108865528818211,0.747843042368238,0.99988016650531
"ENSG00000055917",0.057261583497892,6.85503278431832,0.108858420891784,0.747850949831817,0.99988016650531
"ENSG00000154153",0.14959006904634,2.82804757555021,0.108822900683621,0.747890932055466,0.99988016650531
"ENSG00000148842",-0.0602168981757465,4.53084187871446,0.108806001957534,0.747909405127026,0.99988016650531
"ENSG00000286319",0.155932040543884,0.819252360099352,0.108776899319213,0.747949491012246,0.99988016650531
"ENSG00000078269",-0.052893640466362,5.67894899392578,0.108766513119852,0.747953287516985,0.99988016650531
"ENSG00000160539",0.178866998366301,1.61356740415345,0.108738861634807,0.747986621429642,0.99988016650531
"ENSG00000051825",-0.0586667820556771,5.17253390962058,0.108727987373213,0.747996204800809,0.99988016650531
"ENSG00000054611",-0.0776362726878256,7.84054787833863,0.10859052744548,0.748149366344095,0.99988016650531
"ENSG00000144161",0.0687940580852053,4.3800234402008,0.108554564278894,0.748189565745327,0.99988016650531
"ENSG00000296732",-0.173531253384721,0.758953369583932,0.108544664981668,0.748210782003393,0.99988016650531
"ENSG00000159658",-0.0514151650932741,7.27826898220487,0.108507426365495,0.748242019959138,0.99988016650531
"ENSG00000185164",0.0468775296352262,6.26241742502868,0.108399993379118,0.748361862686051,0.99988016650531
"ENSG00000101574",0.0716960646341755,3.59282897620524,0.108286716872902,0.74848849150492,0.99988016650531
"ENSG00000279483",-0.0794660583001316,4.51596720970659,0.108191074217976,0.748595200836839,0.99988016650531
"ENSG00000050730",-0.0931043013549968,5.27176848792895,0.108105481450122,0.748690735179495,0.99988016650531
"ENSG00000231873",-0.15909710194405,1.41578979536354,0.108081925243083,0.7487210126392,0.99988016650531
"ENSG00000289587",0.245550040931982,0.515789975360577,0.108086778251144,0.748730291917542,0.99988016650531
"ENSG00000181722",0.0784602806117463,5.92072563438611,0.107958582200208,0.748854952962493,0.99988016650531
"ENSG00000236345",0.195001505076486,1.26110634327669,0.107936839906971,0.748883566536558,0.99988016650531
"ENSG00000165359",0.0623837654006487,4.67246198789431,0.1078925105855,0.74892894592461,0.99988016650531
"ENSG00000187559",-0.178596348180058,0.296034202484334,0.107917920930991,0.748932993499663,0.99988016650531
"ENSG00000020129",-0.0951728824510854,3.05579637124577,0.107856632979081,0.748969376270574,0.99988016650531
"ENSG00000131023",0.0533052285262696,5.32941022053134,0.107747040528348,0.749091664432442,0.99988016650531
"ENSG00000055130",-0.0517370852741373,6.52786984970696,0.107697445233744,0.749147190522081,0.99988016650531
"ENSG00000188573",0.22125759033459,0.752786067909551,0.107632538153845,0.749227322606797,0.99988016650531
"ENSG00000136942",-0.076449113694655,10.2047146534483,0.107621064935923,0.749232740976554,0.99988016650531
"ENSG00000143198",0.137913512267211,5.80267403260602,0.10755467077291,0.74930714117085,0.99988016650531
"ENSG00000177125",0.0753614064527592,3.82096956756375,0.107492962955083,0.749376483349361,0.99988016650531
"ENSG00000171530",-0.0505620444200904,7.77893113628368,0.10745241355471,0.749421765022856,0.99988016650531
"ENSG00000170271",-0.188818061008853,0.909294464278655,0.10745790046434,0.749425665777605,0.99988016650531
"ENSG00000230530",0.222638775260885,0.482780203903493,0.107468773496332,0.749430327132282,0.99988016650531
"ENSG00000285702",0.203159232958464,0.382984581168883,0.107439181023875,0.749457147818852,0.99988016650531
"ENSG00000146373",0.0760883124329576,3.52397351080166,0.107387154234144,0.749495164208648,0.99988016650531
"ENSG00000258477",-0.114142312212783,2.46441799974759,0.107371636938669,0.749513197523862,0.99988016650531
"ENSG00000167081",0.0613464325183694,9.51098922393439,0.10736980575631,0.749514411634821,0.99988016650531
"ENSG00000119707",-0.0586174036382212,8.06927189440897,0.107344244704313,0.749543087289106,0.99988016650531
"ENSG00000112282",-0.0549134587257295,4.6675397131045,0.107093797581468,0.749824343985364,0.99988016650531
"ENSG00000101104",0.108390097547032,2.49764490632779,0.107057762960635,0.749865416393574,0.99988016650531
"ENSG00000134245",-0.0830357655298519,2.99581768430689,0.107051390487644,0.749872249940565,0.99988016650531
"ENSG00000174444",-0.05912317031022,9.98226871163378,0.107018979502829,0.74990831671295,0.99988016650531
"ENSG00000233008",0.0750825876623011,4.99366159381086,0.106946876179097,0.74998938382089,0.99988016650531
"ENSG00000173200",0.188364523255934,0.41565072338974,0.106947948530603,0.750007700558444,0.99988016650531
"ENSG00000043514",0.0497888310218158,7.56720337235852,0.106924181334755,0.750014879366847,0.99988016650531
"ENSG00000134758",0.0534889669450291,5.59684365529353,0.10691799735024,0.750021839228516,0.99988016650531
"ENSG00000165282",0.0844399167035228,3.25369639033123,0.10690142861881,0.750040771989756,0.99988016650531
"ENSG00000071246",0.0574916258030573,5.62166858148074,0.106886193129185,0.750057601639792,0.99988016650531
"ENSG00000143590",-0.254046552230471,0.148089862972851,0.106916066657441,0.750070472759103,0.99988016650531
"ENSG00000106261",-0.0485977936162001,6.53062479388135,0.106860308981009,0.750086709081802,0.99988016650531
"ENSG00000188906",0.0836705253525057,3.21599610927823,0.106839210532807,0.75011072504401,0.99988016650531
"ENSG00000160460",0.23322603610724,0.284217128778685,0.106805202823984,0.750178171862148,0.99988016650531
"ENSG00000167969",0.0610464955164492,5.25385162221176,0.106768023999555,0.750190563447512,0.99988016650531
"ENSG00000107249",-0.0603104678848016,7.56658524105832,0.106746373255222,0.750214895000343,0.99988016650531
"ENSG00000230091",0.208779602656135,1.32717689238632,0.106696473465761,0.750274457661995,0.99988016650531
"ENSG00000255856",0.240486277611537,0.552938963054758,0.106701675239522,0.750288575310811,0.99988016650531
"ENSG00000286147",0.47859706539998,1.40372458510442,0.106600802423123,0.750391908937367,0.99988016650531
"ENSG00000174684",0.126706254492557,1.85664334851374,0.106547529286159,0.750440469117414,0.99988016650531
"ENSG00000165959",-0.131247102784371,1.16994676331073,0.106549684974922,0.750441615451345,0.99988016650531
"ENSG00000307823",-0.173141947752422,0.477995165796645,0.106541275979368,0.750465607143517,0.99988016650531
"ENSG00000272853",-0.151170577512452,1.35417218230633,0.106522560694986,0.750470471621827,0.99988016650531
"ENSG00000169083",0.0558624494447637,6.0401439187997,0.106512433161429,0.750478339926457,0.99988016650531
"ENSG00000178188",-0.0511152657285,4.9325152239862,0.106477475862707,0.750517789493923,0.99988016650531
"ENSG00000302512",0.0881317725150922,2.89834028529264,0.106416224116443,0.750587227504889,0.99988016650531
"ENSG00000138777",0.0459610757011414,6.93335778417033,0.106389414574412,0.750616999045714,0.99988016650531
"ENSG00000169764",-0.0465406654200671,6.84986182928789,0.106352370734127,0.750658770868382,0.99988016650531
"ENSG00000301212",-0.142997788604844,1.84356957894801,0.106204711841005,0.750826916918155,0.99988016650531
"ENSG00000184787",-0.0499433166942615,6.88020943734853,0.10618619549967,0.750846255344216,0.99988016650531
"ENSG00000140471",-0.0794495364600339,3.93797415686099,0.106141999580986,0.750896282720664,0.99988016650531
"ENSG00000168056",0.117601409772334,2.42055385863612,0.106112990265512,0.750929776009273,0.99988016650531
"ENSG00000047056",0.0575992299197708,5.36453862838678,0.106068405780202,0.750979256032648,0.99988016650531
"ENSG00000064601",-0.0496568130173168,5.85411785649641,0.106067721681952,0.750980024771494,0.99988016650531
"ENSG00000074071",0.0541780350705771,6.31668637755457,0.106057515045152,0.750991551079684,0.99988016650531
"ENSG00000259692",0.211196698075289,0.617556620306707,0.106075633916965,0.750996703020676,0.99988016650531
"ENSG00000235910",0.291403257276192,-0.0669471596557378,0.105832785666983,0.75130607934625,0.99988016650531
"ENSG00000167685",0.0697329495773113,3.44931774314842,0.105713112995816,0.751381134274848,0.99988016650531
"ENSG00000175787",0.0541946606927799,4.96781404626191,0.105636711312609,0.751467419489521,0.99988016650531
"ENSG00000149313",-0.0512113902018511,5.48936388756781,0.105636046233209,0.751468128548561,0.99988016650531
"ENSG00000198198",-0.0519344055853478,5.95345913092208,0.105611700980194,0.751495685183411,0.99988016650531
"ENSG00000196268",0.107349406395917,1.95242767418674,0.105584645803569,0.751527599989765,0.99988016650531
"ENSG00000296593",0.196750942391049,0.674018484991505,0.105484428424509,0.751653987917406,0.99988016650531
"ENSG00000242574",0.302544149650885,0.246796368724166,0.105456135761212,0.751701227717665,0.99988016650531
"ENSG00000289456",0.203576062192499,0.306394610261556,0.105426230984464,0.751726378085652,0.99988016650531
"ENSG00000228363",-0.221829981102002,0.211147741804377,0.105276574241247,0.75192028399423,0.99988016650531
"ENSG00000129116",-0.11845639880634,3.27795901041982,0.10523331309833,0.751924802004358,0.99988016650531
"ENSG00000102931",-0.0540716578137907,5.0316749094738,0.105221353231772,0.751938111471232,0.99988016650531
"ENSG00000005194",-0.0539289754592026,5.54079170171313,0.105212800100194,0.751947778003051,0.99988016650531
"ENSG00000197599",-0.16428528765901,1.28377615780336,0.10514785833786,0.752025366441432,0.99988016650531
"ENSG00000181690",-0.13378770747114,2.43345213642553,0.104897623293434,0.75230635912291,0.99988016650531
"ENSG00000288907",-0.151144830501878,0.82344171208073,0.104706468416469,0.752532258255951,0.99988016650531
"ENSG00000100399",0.168017064009877,0.629092357322515,0.104708137727788,0.752550688115298,0.99988016650531
"ENSG00000214013",-0.0660642584905552,5.111048714809,0.104625647578865,0.75261498289229,0.99988016650531
"ENSG00000088205",0.0530913715031105,6.72928694248574,0.104612430847914,0.752629996486421,0.99988016650531
"ENSG00000204389",-0.0487922676400682,5.59877748536477,0.104584015761749,0.752662344392826,0.99988016650531
"ENSG00000106803",-0.0742424255764513,8.35559302259279,0.104421282076564,0.752847662801312,0.99988016650531
"ENSG00000271976",0.230679179399227,0.911271484432548,0.104384899664511,0.752898295296824,0.99988016650531
"ENSG00000011451",0.0592605267466448,4.88846055191556,0.104376135287929,0.752899166971236,0.99988016650531
"ENSG00000182578",0.055065220282003,6.23297679849196,0.104356928899587,0.752920996087948,0.99988016650531
"ENSG00000293193",0.109913513019257,2.27948884678954,0.104292349437328,0.752995614824143,0.99988016650531
"ENSG00000294153",-0.0603692983127822,4.90224750701478,0.104202244572378,0.753097441426649,0.99988016650531
"ENSG00000110665",0.294283537843348,0.893900267883263,0.1041717245692,0.753145166561067,0.99988016650531
"ENSG00000303995",-0.155332790462072,0.237478298943345,0.104155283517157,0.753187370453108,0.99988016650531
"ENSG00000310533",0.203659466044143,0.390489519735057,0.104116429106247,0.753214684023224,0.99988016650531
"ENSG00000183513",0.0906427556102948,3.49275704183399,0.104091550628198,0.753223899656484,0.99988016650531
"ENSG00000106415",-0.0777696617608245,5.95803293709757,0.104046997375451,0.753274520372384,0.99988016650531
"ENSG00000256537",0.07821869863045,3.85006096090045,0.103964763919883,0.7533685841465,0.99988016650531
"ENSG00000080824",-0.0664041824225291,10.2234503196405,0.103953464306115,0.7533813196017,0.99988016650531
"ENSG00000229444",-0.0596223501421441,4.58038048835408,0.103931326651324,0.753406742199029,0.99988016650531
"ENSG00000291084",0.127080766966481,2.92851172770511,0.103916719139507,0.75342371684739,0.99988016650531
"ENSG00000126267",-0.0628799622527095,8.11301175389002,0.103893129092213,0.753450243598361,0.99988016650531
"ENSG00000107731",0.0670605061396065,6.23617771252502,0.103877622477128,0.753467963622277,0.99988016650531
"ENSG00000196814",-0.0604771481896339,7.03589144538696,0.10386711536545,0.753479967833783,0.99988016650531
"ENSG00000290853",0.122536544809794,2.19205771751467,0.103846990192476,0.753504036075278,0.99988016650531
"ENSG00000111728",0.167178404943471,1.19712920527358,0.103815218276911,0.753543436138498,0.99988016650531
"ENSG00000307510",-0.0670555540724101,6.40854533532392,0.103703408874893,0.753667118996943,0.99988016650531
"ENSG00000010270",-0.0467944188738985,5.7210913749812,0.103675833838191,0.753698659830388,0.99988016650531
"ENSG00000185722",-0.0594714081739352,5.71270427645698,0.103629252222288,0.753751949462658,0.99988016650531
"ENSG00000286563",-0.260041641803014,0.0978842626783295,0.103513417474453,0.753924018349914,0.99988016650531
"ENSG00000103932",-0.0623889222924454,4.01513057020647,0.103455784467329,0.753950636889977,0.99988016650531
"ENSG00000126870",-0.0796235142094835,4.40897512370244,0.103350762420098,0.754070916540997,0.99988016650531
"ENSG00000224445",-0.168328152572255,0.606317615161369,0.1033338018401,0.754103078014854,0.99988016650531
"ENSG00000164610",-0.0578782618612916,4.4304075152532,0.103290568513701,0.754139903938888,0.99988016650531
"ENSG00000123983",0.046333731146594,5.94710929587818,0.103269424214204,0.754164043290497,0.99988016650531
"ENSG00000307700",0.383709537422653,0.055676594864489,0.103303375858227,0.754172515175306,0.99988016650531
"ENSG00000277449",-0.275340391665113,-0.0355484223941076,0.103240127807873,0.754205267249921,0.99988016650531
"ENSG00000100412",-0.053188908655109,6.86356892935784,0.103219635532676,0.754221124453292,0.99988016650531
"ENSG00000197980",0.117652689852874,3.83251846092012,0.103138291487188,0.754314570197984,0.99988016650531
"ENSG00000169372",0.0684114827265364,4.53496231171346,0.102966580388655,0.754511588345255,0.99988016650531
"ENSG00000293076",-0.0697347781601767,5.14281565071227,0.102824540078851,0.754674670247891,0.99988016650531
"ENSG00000125434",-0.199508117898845,1.36004847324403,0.102780803045373,0.754729141576878,0.99988016650531
"ENSG00000120438",0.0488434431721841,7.02562898565,0.10271814558674,0.754796947077502,0.99988016650531
"ENSG00000226688",-0.0461328610681429,5.99828218285138,0.102716355939635,0.754799007315408,0.99988016650531
"ENSG00000155666",0.158057130709592,2.00923327289402,0.102677645387594,0.754844810919451,0.99988016650531
"ENSG00000067221",0.150916628608278,1.24936180971072,0.102661794340036,0.754865720919216,0.99988016650531
"ENSG00000110011",-0.0995481743942441,4.19408485556543,0.102650819875662,0.754874487502446,0.99988016650531
"ENSG00000286681",-0.175855233463777,0.611150444523381,0.102648176486312,0.754900353641715,0.99988016650531
"ENSG00000285816",-0.142222627855209,1.62125257318066,0.102536342066834,0.75500844957456,0.99988016650531
"ENSG00000072062",0.0590059449036432,4.84087729944748,0.102512125121468,0.755034022987965,0.99988016650531
"ENSG00000096070",-0.0692394490375219,3.96364558225538,0.102494954119685,0.755053852658514,0.99988016650531
"ENSG00000214021",0.108741350442109,2.00066985200957,0.102434260095048,0.755124880998576,0.99988016650531
"ENSG00000234741",0.0551423102308177,8.40051167970336,0.102398149635714,0.755165190233234,0.99988016650531
"ENSG00000134851",-0.0514040164534643,7.81600263882227,0.102386138980605,0.75517902436723,0.99988016650531
"ENSG00000146243",-0.0574695617092487,5.19889321590985,0.102375101191282,0.755191750553071,0.99988016650531
"ENSG00000121680",-0.0668374199894362,3.68555720209115,0.102265229970673,0.755318529664903,0.99988016650531
"ENSG00000213160",0.0628095419763302,4.48277804428997,0.102167300670242,0.755431344074089,0.99988016650531
"ENSG00000125691",0.0629922258053074,10.5807940796544,0.102143217033858,0.755459018321792,0.99988016650531
"ENSG00000100478",0.0743510155008084,3.75861982712983,0.102057444460929,0.755558149826327,0.99988016650531
"ENSG00000251364",0.143198628618701,1.77794391917049,0.101932652760705,0.755703542290735,0.99988016650531
"ENSG00000293950",0.271792988519461,0.613656504043838,0.101938562294741,0.755717219344879,0.99988016650531
"ENSG00000272333",-0.080506875404666,4.9486247473558,0.101904152143778,0.755734988774266,0.99988016650531
"ENSG00000166068",-0.155368148207024,1.59211995864871,0.101899031023754,0.755743179822759,0.99988016650531
"ENSG00000165424",0.10755633837289,3.83126595934331,0.101829303404556,0.755821535635736,0.99988016650531
"ENSG00000157895",-0.0680186846585272,3.7128489713487,0.101807893836396,0.755846299076864,0.99988016650531
"ENSG00000163607",-0.0572220328681712,4.66042129204185,0.10179763001729,0.755858073671491,0.99988016650531
"ENSG00000152137",0.218551202221149,0.483246469039042,0.101775788002285,0.755905957504254,0.99988016650531
"ENSG00000139160",0.139552485731433,1.60883699346561,0.101752088277472,0.755912812975279,0.99988016650531
"ENSG00000224858",-0.116530301650283,3.11659885067581,0.101732253908643,0.755933948668653,0.99988016650531
"ENSG00000143924",0.060652602329064,5.77142280626349,0.101730308903794,0.755935794569414,0.99988016650531
"ENSG00000187105",0.127072073580904,2.98477156318617,0.101730104857614,0.755936420281567,0.99988016650531
"ENSG00000257221",0.0704992607477618,3.38672401513675,0.101712347214131,0.755956798596186,0.99988016650531
"ENSG00000245532",-0.047944249167002,8.83049076938755,0.101693747451517,0.75597805811412,0.99988016650531
"ENSG00000174137",0.167510883752616,1.17561481029621,0.10165692402222,0.756025821356373,0.99988016650531
"ENSG00000107807",0.153966590647139,1.20132510007121,0.101653231726754,0.756029387958573,0.99988016650531
"ENSG00000040199",0.0974422288386666,2.69718840065033,0.101642197936437,0.756038147874545,0.99988016650531
"ENSG00000103550",-0.0536935715300037,4.83434304614924,0.101604726553801,0.756081089715941,0.99988016650531
"ENSG00000181577",0.231114431265452,2.35645007021922,0.101589434056994,0.756099350474753,0.99988016650531
"ENSG00000260729",0.0721899259861016,3.78907960403205,0.101572996668841,0.756117876382006,0.99988016650531
"ENSG00000275479",-0.14820489080546,0.753835754844902,0.101512255090324,0.756203188072414,0.99988016650531
"ENSG00000148200",0.0618023882873197,5.15278011042084,0.101451216958612,0.756258667836447,0.99988016650531
"ENSG00000175567",0.0773891011557072,7.71458604504211,0.101443847145988,0.75626718995041,0.99988016650531
"ENSG00000228598",-0.14423097106957,1.13925380014281,0.101440213897475,0.756278366930693,0.99988016650531
"ENSG00000061455",0.134630784258085,2.24442439265628,0.101412284733543,0.756305110088998,0.99988016650531
"ENSG00000286122",-0.157362067791475,1.67895875229922,0.101386695471441,0.756335363727805,0.99988016650531
"ENSG00000136888",-0.055216690545954,6.88261009354689,0.101363513212737,0.756360219992603,0.99988016650531
"ENSG00000155530",-0.0804096992599812,3.24861884215274,0.101336719929478,0.756391522718675,0.99988016650531
"ENSG00000148834",-0.058694339700858,6.2057612155771,0.101289896405779,0.756445508152095,0.99988016650531
"ENSG00000106305",0.0496500137685173,6.2212368569302,0.101284072192031,0.756452257048256,0.99988016650531
"ENSG00000160746",0.0755120628333045,4.98589663675773,0.101275979212075,0.756461674614545,0.99988016650531
"ENSG00000128872",0.130594459057405,2.0278669438822,0.101126709633104,0.756635768141648,0.99988016650531
"ENSG00000057608",-0.0480650252581259,7.82809608536606,0.101115030193737,0.756648229897433,0.99988016650531
"ENSG00000109079",-0.057704155505585,4.12938385796562,0.101087505926449,0.756680267759042,0.99988016650531
"ENSG00000131943",-0.0553777217484061,4.30494399784507,0.101082935159861,0.756685562531304,0.99988016650531
"ENSG00000136104",0.0464907949933386,6.68660442443591,0.101065486062833,0.756705703705452,0.99988016650531
"ENSG00000290180",-0.0951826748040185,2.77253581537568,0.101047594358351,0.756727023866811,0.99988016650531
"ENSG00000151376",0.106904513846948,2.54520280382791,0.100981109145898,0.756804749183558,0.99988016650531
"ENSG00000172301",0.0530672310651271,5.47080604322939,0.100955045067059,0.756833879988567,0.99988016650531
"ENSG00000094975",-0.0743832435800607,5.28918875508697,0.10091140520916,0.756884548562193,0.99988016650531
"ENSG00000156482",-0.0761749216323815,11.2810302794755,0.100892538862167,0.75690644735778,0.99988016650531
"ENSG00000288953",0.112541307964198,1.8485941881274,0.10085643825228,0.756950210686416,0.99988016650531
"ENSG00000105948",-0.136368141750817,2.07123403202685,0.100852909350555,0.756954030372142,0.99988016650531
"ENSG00000163743",-0.0666941359908664,3.912149927628,0.10076598322107,0.757053636624823,0.99988016650531
"ENSG00000132604",0.0656319423734288,4.32882682306517,0.10068740542864,0.757144901850346,0.99988016650531
"ENSG00000294666",-0.319620115788736,0.049829045152353,0.100691487821992,0.757185559073909,0.99988016650531
"ENSG00000179361",0.100164198737649,3.50938447850821,0.10052373866371,0.757335380957955,0.99988016650531
"ENSG00000294800",0.137562981206622,2.49610946592264,0.10045471615333,0.757416311573141,0.99988016650531
"ENSG00000204054",0.0698994859725185,5.38336169307761,0.100385774905293,0.757495773372498,0.99988016650531
"ENSG00000268500",0.164453857886327,2.29289339806914,0.100340425369411,0.757549438753809,0.99988016650531
"ENSG00000090889",-0.0727224104497017,3.98893136110196,0.100336175449523,0.757553688302198,0.99988016650531
"ENSG00000139629",-0.0521728841224242,5.51173267415897,0.100290167673262,0.757607139110214,0.99988016650531
"ENSG00000309856",-0.165589969614012,1.119399919287,0.100288291127009,0.757616461871903,0.99988016650531
"ENSG00000198690",0.0555779667630976,5.53098912799139,0.100246841649262,0.757657626123826,0.99988016650531
"ENSG00000163312",-0.0614920189919089,4.50205455285522,0.100071355279844,0.757862331121502,0.99988016650531
"ENSG00000110492",0.0920792285491503,4.12228562444552,0.100062642074832,0.757872521116024,0.99988016650531
"ENSG00000119280",-0.0948351447916366,2.84622013626922,0.0999488104070347,0.758005681398019,0.99988016650531
"ENSG00000291231",0.154072521019346,1.22894635109209,0.0999182366936868,0.758044972589892,0.99988016650531
"ENSG00000126756",-0.0677181291445574,5.90074220750743,0.0998867788980081,0.758077669515593,0.99988016650531
"ENSG00000112531",-0.056700740197716,8.39531583088026,0.0998639335974085,0.758104344351864,0.99988016650531
"ENSG00000166170",0.0716174372559765,4.40714668849676,0.0997194350121869,0.75827327317362,0.99988016650531
"ENSG00000229989",0.124258932945464,2.97110451665224,0.0996796185875988,0.758320074076099,0.99988016650531
"ENSG00000164615",0.0586395772587101,4.76808092752279,0.0996450886838288,0.75836016902093,0.99988016650531
"ENSG00000101191",-0.0570245399890842,5.34220163004656,0.0996107577894237,0.758400244663943,0.99988016650531
"ENSG00000213190",-0.148326253906351,1.32809979857194,0.0996121077239594,0.758402757267635,0.99988016650531
"ENSG00000285554",-0.165550739422817,3.64468103976495,0.0995864115018086,0.758428903549781,0.99988016650531
"ENSG00000168002",0.0572526940460382,6.17403397589173,0.0995648063385721,0.758453988178348,0.99988016650531
"ENSG00000110395",0.0512534342610342,7.2205373053762,0.0995403644301686,0.758482581093669,0.99988016650531
"ENSG00000129757",0.148818079077984,2.05556830097641,0.0995285958230542,0.758497645125533,0.99988016650531
"ENSG00000140961",0.117467398849192,2.74498139003612,0.0994673930442292,0.758568422047775,0.99988016650531
"ENSG00000054983",-0.062121277325089,4.19914277162513,0.0994535522549378,0.758584286187534,0.99988016650531
"ENSG00000261553",0.153828976939654,1.31417852225079,0.0994505295179141,0.758591356554398,0.99988016650531
"ENSG00000235545",0.291561461598958,0.321133866669176,0.0994422214643053,0.758636387359346,0.99988016650531
"ENSG00000225439",0.123366635682933,3.76005742875968,0.0993242487572992,0.758735765282736,0.99988016650531
"ENSG00000155966",-0.11998010312339,3.38767589901139,0.0992896365447342,0.758776429934253,0.99988016650531
"ENSG00000280776",-0.0791003836096931,4.25457350756733,0.0992390781771912,0.75883548719911,0.99988016650531
"ENSG00000300460",-0.150416438429667,0.736319328216917,0.0992212743403863,0.758866242317573,0.99988016650531
"ENSG00000230305",-0.0869710763448761,2.9264645289655,0.0991615322480282,0.758926670399571,0.99988016650531
"ENSG00000287312",0.140551578257908,1.18182030978172,0.0991476341601423,0.758948335608454,0.99988016650531
"ENSG00000112339",-0.0485767014553723,5.40414336614984,0.0991064888814854,0.758990837893975,0.99988016650531
"ENSG00000196235",0.0440296866121046,5.92203307663691,0.0990827215539022,0.759018710593885,0.99988016650531
"ENSG00000100280",-0.0487675680435736,6.55291326920412,0.0990654571100084,0.759038960277133,0.99988016650531
"ENSG00000246366",-0.152212107559294,1.3702691476494,0.0989891747342807,0.759131925147681,0.99988016650531
"ENSG00000115816",-0.0555374801732389,6.40649918762394,0.0989489978874092,0.759175624048068,0.99988016650531
"ENSG00000115252",0.103847624646074,2.8512657362138,0.0988708418596706,0.75926786684862,0.99988016650531
"ENSG00000061794",-0.0545000434620241,6.47657629292159,0.0988321823994741,0.759312794893699,0.99988016650531
"ENSG00000229348",0.217806452330573,0.208957035644951,0.0988417155447593,0.759329406068861,0.99988016650531
"ENSG00000290951",0.0684686714192359,5.64620599021912,0.0988103915761881,0.75933839634814,0.99988016650531
"ENSG00000146731",0.0456943979809088,8.21137472428366,0.0988003469815143,0.759350191572958,0.99988016650531
"ENSG00000178078",0.276914515967274,0.094197646780928,0.0988067664237392,0.759398469940995,0.99988016650531
"ENSG00000163635",-0.052897685397655,5.64467148109337,0.0987444423762884,0.759415886277605,0.99988016650531
"ENSG00000185112",-0.151687849126432,4.83038970544459,0.0987336187514425,0.759428682597771,0.99988016650531
"ENSG00000240563",0.265353169850798,-0.0185452532673338,0.0987370765872214,0.759476748810141,0.99988016650531
"ENSG00000116747",-0.0515693758439998,5.65634982023855,0.0986384830004327,0.759540448449545,0.99988016650531
"ENSG00000121039",-0.0924256865131361,2.97765940576681,0.0986226395801382,0.759559495825227,0.99988016650531
"ENSG00000088247",-0.0527126773031358,8.01555617318991,0.0984728476242457,0.759735306607643,0.99988016650531
"ENSG00000120008",-0.0668424824485643,4.80340226422873,0.0984620611344319,0.759748080595378,0.99988016650531
"ENSG00000005961",-0.315392877919631,-0.00111748863427083,0.0985107372661856,0.75975668714081,0.99988016650531
"ENSG00000186517",-0.0525281290753739,6.95970522398659,0.0984153477987185,0.759802995878293,0.99988016650531
"ENSG00000134762",-0.346528259059888,0.84620106860853,0.0983459810024773,0.759904077595024,0.99988016650531
"ENSG00000135916",0.173793690510027,5.21882768633326,0.0983096225050133,0.759927589709914,0.99988016650531
"ENSG00000115457",-0.0684458956921224,4.04614810728171,0.098284673386448,0.759957070967017,0.99988016650531
"ENSG00000180900",0.0596379572122586,5.19570007237664,0.098280905971697,0.759961376088631,0.99988016650531
"ENSG00000153982",-0.100699242488026,2.30831800113963,0.0982434897406566,0.760006285029733,0.99988016650531
"ENSG00000077420",0.0531925038378846,7.18524080940371,0.0981886215826892,0.76007011065286,0.99988016650531
"ENSG00000145425",0.0618050380498141,9.75844277729,0.0981805384914335,0.760079639354215,0.99988016650531
"ENSG00000160813",0.0864611356406427,5.09776470174587,0.0981520458560316,0.760113287670418,0.99988016650531
"ENSG00000237149",-0.148175306261131,1.51542342387667,0.09815147202102,0.760116632434747,0.99988016650531
"ENSG00000070087",-0.0801658916040389,4.01721861764701,0.0980816121209105,0.760196438458378,0.99988016650531
"ENSG00000105576",0.0569709804493179,6.080037357915,0.0980225607284967,0.760265972421866,0.99988016650531
"ENSG00000272604",-0.194922019027263,0.195111180008663,0.0980411862387707,0.760293029435356,0.99988016650531
"ENSG00000165695",0.0932523605220795,3.06015615364813,0.0979953020644646,0.760298463806987,0.99988016650531
"ENSG00000228474",-0.0659375839330615,7.47236677772767,0.0979523012959082,0.760348892052537,0.99988016650531
"ENSG00000235159",0.203512605099608,0.312373586529004,0.0979701475570611,0.76036348364995,0.99988016650531
"ENSG00000290546",0.246099998083043,0.536069617126758,0.0979538064290191,0.76036684060185,0.99988016650531
"ENSG00000163347",-0.191263517315522,1.21819611496397,0.0978423134794246,0.760484617900782,0.99988016650531
"ENSG00000213762",0.0629341958706796,3.9237010403182,0.0978302098108199,0.760493211629805,0.99988016650531
"ENSG00000290831",0.12666973348761,2.2801868146565,0.0977781976537149,0.760555515072735,0.99988016650531
"ENSG00000162419",-0.0534227078638735,5.27972576657424,0.0977685015035274,0.76056598230894,0.99988016650531
"ENSG00000113141",-0.0547159903009948,6.71802204557228,0.0977634135392031,0.760571986983735,0.99988016650531
"ENSG00000165689",0.0544121886335389,6.1427815729426,0.0977124788335341,0.760632187991449,0.99988016650531
"ENSG00000234492",-0.131646894394075,2.16948207454977,0.0976303124028512,0.760730333906086,0.99988016650531
"ENSG00000287351",0.186406808598782,1.41256850003553,0.0975804676869201,0.760791259695982,0.99988016650531
"ENSG00000104369",0.122489498495191,2.1855932256995,0.097501634226706,0.76088250799185,0.99988016650531
"ENSG00000136897",-0.0613072371251432,4.91030018069434,0.097451557764211,0.76094090428234,0.99988016650531
"ENSG00000139626",0.154403276557833,2.09632313696494,0.0974472383148588,0.760947340013238,0.99988016650531
"ENSG00000301995",0.229318290938937,0.658518398287579,0.0974543489815454,0.760952539786946,0.99988016650531
"ENSG00000110925",-0.0814546949969627,3.31453745763739,0.0974084851379637,0.760992087886869,0.99988016650531
"ENSG00000308729",0.27850278884836,0.2817532589474,0.0974235518448472,0.761008502150351,0.99988016650531
"ENSG00000233045",0.0998832597069136,3.04595481142485,0.0973045302098497,0.761115400395855,0.99988016650531
"ENSG00000168807",0.114159898034312,2.23651254577235,0.0972447637232386,0.761186644366507,0.99988016650531
"ENSG00000241073",-0.127638724578563,1.76934202923346,0.0970520114858548,0.761416223899525,0.99988016650531
"ENSG00000304625",-0.126663383794045,1.24082102806782,0.0970487358574251,0.761421740314605,0.99988016650531
"ENSG00000150995",0.0596160384775684,7.17839912933834,0.0970090961705427,0.761465290478413,0.99988016650531
"ENSG00000248898",-0.173691281008826,0.258115412634953,0.0970165147105773,0.761486671675493,0.99988016650531
"ENSG00000138660",-0.0541772450685043,4.65991866603894,0.0969877650834871,0.761490694706592,0.99988016650531
"ENSG00000180769",-0.152787148883169,1.24062925578309,0.0969642301257883,0.761522720653568,0.99988016650531
"ENSG00000122986",0.0939884820055981,3.64159526969422,0.0969118574907118,0.761580903106257,0.99988016650531
"ENSG00000249264",-0.0675464602927758,4.40024484957991,0.096909805490433,0.761583263703515,0.99988016650531
"ENSG00000277998",0.0813167997530237,4.22680152694717,0.096852398825443,0.761651453849577,0.99988016650531
"ENSG00000214113",-0.0546603577053754,5.93722954950406,0.0968347191584556,0.761672345857445,0.99988016650531
"ENSG00000226174",0.115534078052796,2.27748843756724,0.0968088958376745,0.761703971373655,0.99988016650531
"ENSG00000168813",0.0622574867486725,4.16810607171953,0.0966193130753806,0.761928514608235,0.99988016650531
"ENSG00000253673",0.182963151510138,1.28193613787122,0.0962485798213477,0.762373720989097,0.99988016650531
"ENSG00000145494",-0.0574609004776932,7.21384105689875,0.0962396421775114,0.762380483609847,0.99988016650531
"ENSG00000244733",-0.163282304204072,0.586337655467154,0.0962077365397563,0.762434505688334,0.99988016650531
"ENSG00000155657",0.246144890726315,1.97043222228,0.0960695157025045,0.762584811247935,0.99988016650531
"ENSG00000173621",0.0659593728111521,4.51595146422763,0.0959687810150078,0.762703707623121,0.99988016650531
"ENSG00000231500",-0.0707429055866916,11.5256456653286,0.095965749002701,0.76270722782586,0.99988016650531
"ENSG00000160179",0.137670168816996,2.94282922863174,0.0959658323603347,0.762707484573666,0.99988016650531
"ENSG00000175354",0.0585203292716286,6.91004335567407,0.0959567220260626,0.762718006287968,0.99988016650531
"ENSG00000277972",0.0586360961700473,6.14434887934407,0.0959419059491491,0.762735699233555,0.99988016650531
"ENSG00000110844",-0.0925446313408357,3.46694046899853,0.0959014310739945,0.762784253076992,0.99988016650531
"ENSG00000130513",0.116749609305463,2.40079501625704,0.0957885973445083,0.762919609150349,0.99988016650531
"ENSG00000293833",0.136715830222601,2.68126808395088,0.0956310923518183,0.763107624155711,0.99988016650531
"ENSG00000144791",-0.0547988047868062,5.28088451762223,0.0955827140211497,0.763165048529594,0.99988016650531
"ENSG00000148481",-0.0467409848062416,5.11832156000809,0.0955695441785133,0.763180808699644,0.99988016650531
"ENSG00000066583",0.0598443538378659,4.22273934237975,0.0955268376514311,0.763232028053928,0.99988016650531
"ENSG00000163444",0.0543576173996989,5.04277716260008,0.0954693409887565,0.763300772326972,0.99988016650531
"ENSG00000227028",0.11583730787571,4.31519424362604,0.09546933872214,0.763300847689558,0.99988016650531
"ENSG00000305675",0.301546712387736,0.646702045599329,0.0954091041578588,0.763385205549812,0.99988016650531
"ENSG00000197111",0.0532237888632793,8.42030222772635,0.0953411339003864,0.76345430239377,0.99988016650531
"ENSG00000184076",0.062172752938021,7.91258484089173,0.0952813077424063,0.763525999496738,0.99988016650531
"ENSG00000169951",0.0822805492998361,3.09468841329069,0.095272189856488,0.763537291855736,0.99988016650531
"ENSG00000111731",0.0536700846943816,5.06358514587506,0.0952015897920657,0.763621586001191,0.99988016650531
"ENSG00000254612",-0.158425691463882,1.66438253958488,0.0951673964927273,0.763664413246465,0.99988016650531
"ENSG00000198551",-0.0830305758970206,3.40584415853018,0.0951621162271786,0.763669162041493,0.99988016650531
"ENSG00000161217",0.0497804829844079,5.13749118366186,0.0950504245413041,0.763802939012931,0.99988016650531
"ENSG00000172725",0.0579829432665446,5.36562337681694,0.095048684559652,0.763805024632913,0.99988016650531
"ENSG00000255036",0.188618438036007,0.396579663884019,0.0950506083749478,0.76382349325342,0.99988016650531
"ENSG00000188316",0.222083079959572,0.609962312433157,0.0949996362888552,0.76388009968964,0.99988016650531
"ENSG00000236548",-0.118265218588004,2.86635292960045,0.0949706414694767,0.763899160179589,0.99988016650531
"ENSG00000150527",-0.0711628375883699,4.58203821185468,0.0949190811435087,0.763960721155296,0.99988016650531
"ENSG00000162415",0.131093562285176,1.8083773886004,0.0948788414981301,0.764010651339988,0.99988016650531
"ENSG00000123342",-0.0795843363122851,2.66031600706229,0.094849759103357,0.764044402896069,0.99988016650531
"ENSG00000287733",-0.21192544248473,0.869756092593875,0.0947809243432646,0.764137176812091,0.99988016650531
"ENSG00000143368",0.0509921441653449,7.48185708134888,0.0947283822934453,0.764189816090628,0.99988016650531
"ENSG00000065413",0.0577732964698194,5.94971482881477,0.0947241770305205,0.764194875728006,0.99988016650531
"ENSG00000153707",-0.12056528768395,2.01017589984381,0.0946836047755525,0.76424497113905,0.99988016650531
"ENSG00000257507",-0.12424074284309,1.6264793276661,0.0945993620585596,0.764347306258621,0.99988016650531
"ENSG00000234851",0.0549113706848031,7.29328182514665,0.0945920984449442,0.764353760303933,0.99988016650531
"ENSG00000125457",0.0876983165791589,4.42660168717702,0.0945830051935801,0.764364826093384,0.99988016650531
"ENSG00000153914",0.0591782519226223,6.43657826866686,0.0945641476216725,0.764387401266309,0.99988016650531
"ENSG00000115207",0.0502474231956285,5.17801127741259,0.0945310316906404,0.764427273174101,0.99988016650531
"ENSG00000234997",-0.136210083345818,1.0646618031216,0.094485846031273,0.764486631823245,0.99988016650531
"ENSG00000132661",-0.0580754979731607,5.33448890135925,0.0944492868919402,0.764525705316939,0.99988016650531
"ENSG00000164823",-0.0550688931011415,5.17169392247785,0.094447164586777,0.764528263176174,0.99988016650531
"ENSG00000232671",0.14308755598324,1.28248776989585,0.0944432711949414,0.764536446275775,0.99988016650531
"ENSG00000281904",-0.15661067430199,0.570079286905982,0.0944600430050878,0.76453690842424,0.99988016650531
"ENSG00000171132",0.0698791274489144,4.70535332533622,0.0944206038838302,0.764560326214874,0.99988016650531
"ENSG00000307651",0.152581937834394,0.653702959143801,0.0943902701942111,0.764613969414352,0.99988016650531
"ENSG00000111142",-0.0498755537046577,6.84809663597482,0.0943724463755798,0.764618267666009,0.99988016650531
"ENSG00000168264",0.0533777254960968,8.66108128415904,0.0943398999813098,0.764657488162947,0.99988016650531
"ENSG00000215458",-0.152657299075866,1.6911299782355,0.0943212267545538,0.764682332092261,0.99988016650531
"ENSG00000142507",-0.050884866240976,5.87081951470682,0.0943046309882508,0.764700003228337,0.99988016650531
"ENSG00000154370",0.0593500669164723,4.84805792189766,0.0942901068357418,0.764717572513248,0.99988016650531
"ENSG00000153956",-0.104294822956371,3.3208389571558,0.0942887717167192,0.764719344600594,0.99988016650531
"ENSG00000108379",0.139267081173021,1.78057159637335,0.0942764401631019,0.76473601827484,0.99988016650531
"ENSG00000113161",-0.0507453896524244,5.18892599850208,0.094249839085824,0.764766069046205,0.99988016650531
"ENSG00000099617",0.270203727754688,0.014567438262757,0.0942536814790432,0.764821972500969,0.99988016650531
"ENSG00000147604",0.055260944321192,10.0683598151864,0.0941922813128627,0.764835476330957,0.99988016650531
"ENSG00000050130",0.0542623093400555,5.35481510179286,0.0941301591256425,0.764910432979059,0.99988016650531
"ENSG00000128463",-0.0726904505701255,5.73749507936854,0.094011144089738,0.765054094320587,0.99988016650531
"ENSG00000306836",-0.142101194914116,1.2069647209083,0.0939449887796318,0.765139703352508,0.99988016650531
"ENSG00000293491",0.14736247928902,1.60513766662103,0.0939282468117284,0.765156681563127,0.99988016650531
"ENSG00000187837",-0.128104022633494,3.54488094280709,0.0938085736416266,0.76529906718565,0.99988016650531
"ENSG00000135678",-0.0800659229357795,8.69764955903416,0.0937839761808083,0.765328584102783,0.99988016650531
"ENSG00000267168",-0.101400007355876,2.28169049302344,0.0937753033814572,0.765339998675678,0.99988016650531
"ENSG00000159377",-0.0523496607042536,8.57074135528634,0.0937669972528047,0.76534911507122,0.99988016650531
"ENSG00000075391",0.0632372588529132,8.53861377824935,0.0937559505941315,0.76536247380815,0.99988016650531
"ENSG00000229344",-0.0488047497138648,6.76309687619336,0.0936858566043008,0.765447259917315,0.99988016650531
"ENSG00000163157",-0.142003991741958,1.24157901181457,0.0936840875838157,0.765453095939258,0.99988016650531
"ENSG00000119929",-0.0621220432209784,4.71093428930041,0.0936590877770011,0.765479733409704,0.99988016650531
"ENSG00000105401",0.0694356847814322,7.16636005506935,0.0935811670080365,0.76557395581018,0.99988016650531
"ENSG00000297424",-0.178713680934989,0.31969449163607,0.0935605151507511,0.765628371004945,0.99988016650531
"ENSG00000310549",-0.178713680934989,0.31969449163607,0.0935605151507511,0.765628371004945,0.99988016650531
"ENSG00000284747",0.148870608608604,1.64633779867553,0.0935212656505957,0.765648341135734,0.99988016650531
"ENSG00000137815",0.0452305788401285,6.20587670636577,0.0934982009458756,0.765674419614802,0.99988016650531
"ENSG00000168679",0.169767707798392,2.34243554251136,0.0934890304063154,0.765686559948063,0.99988016650531
"ENSG00000248874",-0.208025572771026,0.0398832813768516,0.0935187961110196,0.765708245023572,0.99988016650531
"ENSG00000155561",0.0514890844312328,5.85320602507864,0.0934242866156444,0.765763963918942,0.99988016650531
"ENSG00000136536",-0.046317862927571,7.20361472807674,0.0933972433576842,0.76579673131715,0.99988016650531
"ENSG00000162714",-0.0539460383501455,4.39472669027058,0.093379406736788,0.765818446028878,0.99988016650531
"ENSG00000256683",-0.0752860062528711,3.09208905355419,0.0933677799636451,0.765832806024531,0.99988016650531
"ENSG00000196205",-0.0546067355720604,8.36180526786092,0.0932790142033127,0.76594006223001,0.99988016650531
"ENSG00000290835",0.09867469439251,2.72209631404413,0.0932487261431928,0.765977278107383,0.99988016650531
"ENSG00000307137",0.157003367894723,1.24302693443551,0.0932514303998482,0.765977296703113,0.99988016650531
"ENSG00000131089",0.0671032026161877,4.28739813034969,0.0931910410979298,0.766046878660938,0.99988016650531
"ENSG00000146826",-0.0896243220300928,2.80376639912931,0.0931597662148479,0.766085206963071,0.99988016650531
"ENSG00000108106",0.0615505032155124,6.61580247666442,0.0931583932735707,0.766086397647614,0.99988016650531
"ENSG00000285923",0.162151797958417,0.267653312261315,0.0931817664697425,0.766099155595387,0.99988016650531
"ENSG00000147027",-0.224389599376765,0.212926039604993,0.0931716965469542,0.766117303229916,0.99988016650531
"ENSG00000299729",0.187934039757342,2.40195851065061,0.0930261667727527,0.76624783013922,0.99988016650531
"ENSG00000164638",-0.194543245411493,1.55705324772062,0.0929667503752535,0.766322125249533,0.99988016650531
"ENSG00000260018",-0.17211518314476,0.386219477248919,0.0929617254938196,0.766360317049376,0.99988016650531
"ENSG00000231646",0.0896967557457013,3.52286913914239,0.0928283144539113,0.766487583520803,0.99988016650531
"ENSG00000197448",-0.0628061235509941,5.78202569987565,0.0927638871774727,0.76656573541697,0.99988016650531
"ENSG00000166260",0.0790626823935463,3.52524259147082,0.0927206225075157,0.766618598398822,0.99988016650531
"ENSG00000139117",-0.0509016043428602,7.22203392688432,0.0926881747662998,0.766657851464428,0.99988016650531
"ENSG00000086589",-0.0531676227502174,5.94478669635492,0.0926149699336959,0.766746963471676,0.99988016650531
"ENSG00000130812",0.227583613606576,0.894028531275193,0.0925821742048501,0.766793867065804,0.99988016650531
"ENSG00000158258",0.093996074404192,4.19096919952267,0.0924281856906567,0.766974618217616,0.99988016650531
"ENSG00000172889",0.154315042220115,4.59851651748394,0.0923980559204386,0.767011317577978,0.99988016650531
"ENSG00000105705",0.0575317435998219,4.13471619086006,0.0923187212945543,0.767108075920223,0.99988016650531
"ENSG00000228150",-0.21521622425371,0.313704308962216,0.092295554687594,0.76716847693034,0.99988016650531
"ENSG00000258890",0.0555846143966665,4.99783431404857,0.0922688674211937,0.767168820134737,0.99988016650531
"ENSG00000287115",-0.174462292757144,2.32178632248731,0.0922040993193954,0.767248721892774,0.99988016650531
"ENSG00000276644",0.0622128763613738,7.34380379422977,0.0920848226689301,0.767393444371375,0.99988016650531
"ENSG00000101216",0.0632432301260997,3.99863807952439,0.0920831167929585,0.767395658407817,0.99988016650531
"ENSG00000162927",0.0952532125018833,2.80275419694969,0.092001825621561,0.767495290779495,0.99988016650531
"ENSG00000171608",-0.0474784137316899,6.68683005342929,0.0919233739580749,0.76759072881037,0.99988016650531
"ENSG00000198586",0.0552613416985263,5.59803405493061,0.0918772132714692,0.767647174696168,0.99988016650531
"ENSG00000296900",-0.0747543062633228,3.0046562960278,0.0918610836714629,0.767667237551263,0.99988016650531
"ENSG00000083812",-0.0992206595451892,2.72104823311784,0.0917777585036574,0.767769373418124,0.99988016650531
"ENSG00000299185",0.18153598720099,1.66987381018701,0.0917687382377392,0.767782071477052,0.99988016650531
"ENSG00000305746",0.130111926527008,1.22739042224335,0.091688545653404,0.767882300912954,0.99988016650531
"ENSG00000120664",0.154568475841141,1.36732930863547,0.0915860338817266,0.76800701709038,0.99988016650531
"ENSG00000168883",-0.0437846845271981,6.0327088912467,0.0915716186152886,0.768021222536945,0.99988016650531
"ENSG00000306468",0.0943285479805988,4.01691152020997,0.0914991836093439,0.768110107983241,0.99988016650531
"ENSG00000227014",-0.187803648397759,0.90674415099951,0.0914263283453486,0.768206628659432,0.99988016650531
"ENSG00000115806",0.0448048197266984,5.3452534541368,0.0914011658759257,0.768230161262881,0.99988016650531
"ENSG00000196873",-0.0434761014156275,6.28237217049346,0.0913198172278182,0.768329943955994,0.99988016650531
"ENSG00000214485",0.0517679286484647,7.37868364759137,0.0912367916004801,0.768431838952595,0.99988016650531
"ENSG00000173258",0.233784017444436,0.197052948503664,0.0912384074563065,0.768455886607296,0.99988016650531
"ENSG00000204381",-0.375182672085168,0.00778586785434499,0.0912092997282197,0.768502553468148,0.99988016650531
"ENSG00000167680",0.113555091203649,3.29950377769261,0.0911121770985527,0.768585089720497,0.99988016650531
"ENSG00000177613",0.052565033330542,4.53252922782612,0.0911089779020704,0.768588893454868,0.99988016650531
"ENSG00000067248",-0.0511755426594875,5.77937127598868,0.0910576998001605,0.768651814170858,0.99988016650531
"ENSG00000298553",0.159170309173523,0.383535098458091,0.0910504387793178,0.7686864315519,0.99988016650531
"ENSG00000289410",0.166952619845953,0.876224483507509,0.0910027302256625,0.768727211326806,0.99988016650531
"ENSG00000189159",0.0510369208223385,6.83347100748438,0.0908664777441831,0.768886943920149,0.99988016650531
"ENSG00000177156",-0.0540399616268969,8.94034469394935,0.090778338409105,0.76899541347045,0.99988016650531
"ENSG00000103248",-0.0767111552607145,3.35133511030685,0.0906511950932465,0.769152244590763,0.99988016650531
"ENSG00000130449",-0.0543717103571509,6.910001101661,0.0905150599287979,0.769319768533797,0.99988016650531
"ENSG00000288902",-0.158105201755389,1.18207195103369,0.0904753971429603,0.769374636800959,0.99988016650531
"ENSG00000250131",0.0862963678886586,3.01348659488484,0.0904447345879449,0.769406844466014,0.99988016650531
"ENSG00000253133",-0.102663567993359,2.65802642222091,0.09043284275095,0.769421683793581,0.99988016650531
"ENSG00000303891",-0.118773015336347,3.96751140382867,0.0902895648758818,0.769598116672652,0.99988016650531
"ENSG00000285635",0.222222506717082,0.187594654512646,0.0902863165548893,0.769637790901836,0.99988016650531
"ENSG00000261087",0.15996787764767,1.58585662118036,0.0900614786870877,0.769882122309908,0.99988016650531
"ENSG00000025293",-0.0562933941697644,6.8448259772968,0.0900365758477998,0.769910581120243,0.99988016650531
"ENSG00000136827",-0.0536324212857359,5.41415808679482,0.0899855951155814,0.769973638170589,0.99988016650531
"ENSG00000112137",0.0690416806665136,4.15769448578968,0.0899232261950962,0.770050893753729,0.99988016650531
"ENSG00000233251",-0.166862156057179,0.275598130208182,0.0899218831270862,0.770085883455981,0.99988016650531
"ENSG00000235358",-0.106826372030405,2.99294476194274,0.0898756672331073,0.770110105514775,0.99988016650531
"ENSG00000302966",0.0880404441508871,2.60739186938095,0.0898751530917534,0.770110875783798,0.99988016650531
"ENSG00000298934",0.280687905333124,-0.0150828568936023,0.0898995291974329,0.770112867071018,0.99988016650531
"ENSG00000250387",-0.14081466994016,0.906817913821456,0.089811281393912,0.770195250834533,0.99988016650531
"ENSG00000092969",-0.145047217946789,0.827928824300786,0.089809639267969,0.770199553280043,0.99988016650531
"ENSG00000307585",-0.140205154877792,1.23644482393476,0.0897414856996755,0.770279050318398,0.99988016650531
"ENSG00000108424",-0.0462469119774423,8.75546778929935,0.0897374365392729,0.770280821032714,0.99988016650531
"ENSG00000162521",0.0438505646417988,7.05818155269692,0.0897193278046254,0.770303256424909,0.99988016650531
"ENSG00000111266",-0.0781580450422108,3.30175735180239,0.0897073627741939,0.770318316771793,0.99988016650531
"ENSG00000080189",-0.052855478801392,4.84701670528999,0.0896811995589363,0.770350569500509,0.99988016650531
"ENSG00000168028",-0.0534588485239263,9.49910198653989,0.0896254883636724,0.770419551890942,0.99988016650531
"ENSG00000224137",0.098001730088771,3.93898052261211,0.0896249704965455,0.770420305713473,0.99988016650531
"ENSG00000272269",-0.110904068663421,1.8179727175122,0.0896135498915923,0.770435837199277,0.99988016650531
"ENSG00000251363",0.0809725249621105,4.94037714218125,0.0895712204713806,0.770486882773123,0.99988016650531
"ENSG00000198719",-0.147454709116518,3.03102087607104,0.0895654370195461,0.770494326165986,0.99988016650531
"ENSG00000122034",-0.0452110578670627,7.08196255448602,0.0895531307712621,0.770509271776523,0.99988016650531
"ENSG00000066777",-0.0516908356004928,6.55675732531976,0.0895518372814092,0.770510876719791,0.99988016650531
"ENSG00000300022",0.0648780263213177,5.03698850290098,0.0895014820400141,0.770573375707018,0.99988016650531
"ENSG00000296616",0.148963738617874,2.55792926844861,0.0894839591723582,0.770595690796866,0.99988016650531
"ENSG00000080845",-0.0511754046107416,4.47461275732443,0.0894816178551299,0.770598072689604,0.99988016650531
"ENSG00000259135",0.124825797690963,1.34846602684256,0.0894336606509114,0.77066073333691,0.99988016650531
"ENSG00000115310",0.0503367407955152,8.01736594472122,0.0893213372848362,0.770796949559182,0.99988016650531
"ENSG00000074964",0.0639407010898367,5.27292272669743,0.089302126304917,0.770820818161632,0.99988016650531
"ENSG00000242299",-0.0609319514049925,9.25311527108358,0.0892737217573961,0.770856095609062,0.99988016650531
"ENSG00000105127",0.0443236799224744,5.3360519163255,0.0892601617081537,0.770872950369002,0.99988016650531
"ENSG00000064886",0.0712984570575503,3.8526858328391,0.0892162542494643,0.770927615817342,0.99988016650531
"ENSG00000230623",0.157525960755886,1.32690522966143,0.0891965478830723,0.770955385636758,0.99988016650531
"ENSG00000301639",0.244489015163656,0.208643683811906,0.0892061414989386,0.77097554623953,0.99988016650531
"ENSG00000106952",0.219096971274734,0.189558953972981,0.0891701159901389,0.771017362334147,0.99988016650531
"ENSG00000161249",-0.11546867475474,1.3295234186622,0.0891338268141507,0.771033609574801,0.99988016650531
"ENSG00000246090",-0.203047138647035,0.469271477015806,0.0890679787279558,0.771132682417333,0.99988016650531
"ENSG00000072864",-0.0618841398945241,4.38142456188584,0.0890392719771187,0.77114766714922,0.99988016650531
"ENSG00000226471",0.0784259043390431,3.32763023538608,0.0889726800696417,0.771230683340501,0.99988016650531
"ENSG00000185033",0.0724087017578237,3.69050342275571,0.0888688194106642,0.771359908032902,0.99988016650531
"ENSG00000198886",0.0799568437265153,12.2078573963685,0.0888573455150186,0.771374041002951,0.99988016650531
"ENSG00000066032",0.131664669132338,1.72840292606354,0.0888231599582654,0.77141873322768,0.99988016650531
"ENSG00000163634",-0.0448099173589012,6.64164959717971,0.0888130468182142,0.771429225459296,0.99988016650531
"ENSG00000229922",0.210552632999945,0.104626378733706,0.0888173231888779,0.771460939001863,0.99988016650531
"ENSG00000062194",-0.0450256856031599,6.85740342357825,0.0887039835592433,0.771565149649097,0.99988016650531
"ENSG00000178409",0.0978438902945181,2.20158597825496,0.0886943340349918,0.771578117458307,0.99988016650531
"ENSG00000104907",0.060232255258449,4.11047575485773,0.0886914714423242,0.771580869009368,0.99988016650531
"ENSG00000310327",0.203714659138809,1.82632636672913,0.0886065525691941,0.771688630679752,0.99988016650531
"ENSG00000305661",0.120117540947241,3.26331980855122,0.0886022277063087,0.771692363915308,0.99988016650531
"ENSG00000112685",-0.0721991627928355,4.09303351134564,0.0885123216123952,0.771804345507974,0.99988016650531
"ENSG00000123612",-0.130541779788848,1.57407817242617,0.0884508194668156,0.771882901833152,0.99988016650531
"ENSG00000185658",0.0510998937506968,6.19294294827478,0.0883877867692493,0.771959743304803,0.99988016650531
"ENSG00000109572",-0.0559909953552933,5.07851852685512,0.0883650712398353,0.771988128575746,0.99988016650531
"ENSG00000287784",0.193421194784776,2.8936108819883,0.0883473640552256,0.772011469130654,0.99988016650531
"ENSG00000130402",-0.0479732718462819,7.76546166559098,0.0883112391574031,0.772055383649526,0.99988016650531
"ENSG00000167118",0.0531977631880553,5.51143823035833,0.0883051111073749,0.772063048963014,0.99988016650531
"ENSG00000291088",0.171387679396213,0.292475023864039,0.088297538831367,0.772098882537536,0.99988016650531
"ENSG00000100983",-0.0646456528651204,4.19024487998483,0.0882085226498943,0.772183903984464,0.99988016650531
"ENSG00000267677",0.168000476181789,1.03246508468748,0.0882025808439355,0.772198504523914,0.99988016650531
"ENSG00000272668",-0.230105984638543,0.859053982406907,0.0882007373514207,0.772205526581264,0.99988016650531
"ENSG00000260136",0.130921635922898,1.85924602749253,0.0881824629056448,0.772217800739161,0.99988016650531
"ENSG00000157326",-0.0551406798060884,6.27940825563095,0.0881531836318977,0.772253011833303,0.99988016650531
"ENSG00000267179",0.158451269957638,1.21232365793321,0.0881441055911562,0.772268173450002,0.99988016650531
"ENSG00000081923",-0.0502643052889547,5.75000095914392,0.088123753813241,0.772289833330792,0.99988016650531
"ENSG00000189091",0.0452520334448951,6.25924549091189,0.0880498927802086,0.77238226773301,0.99988016650531
"ENSG00000299926",0.135495549950247,1.87979461047868,0.0880294371944774,0.77240950444975,0.99988016650531
"ENSG00000267586",0.118632668687799,2.57516558786097,0.0879914439175621,0.772456018934925,0.99988016650531
"ENSG00000250643",-0.236747857802554,0.819893905274715,0.0877975884291603,0.772709066729419,0.99988016650531
"ENSG00000099364",0.118395696699726,2.35490852965941,0.0877685946409769,0.772735419925464,0.99988016650531
"ENSG00000289956",0.0843129567722734,3.98123302961549,0.0877437117326484,0.772766013546376,0.99988016650531
"ENSG00000180801",-0.184153590009059,0.550205715501513,0.087685876995791,0.772853782622525,0.99988016650531
"ENSG00000296486",0.20761051745754,0.549610224894727,0.0876388465430689,0.772917340051001,0.99988016650531
"ENSG00000154096",-0.149760799242223,1.90104453440429,0.0876151388311853,0.772928786857775,0.99988016650531
"ENSG00000155275",-0.0862547828198551,3.3080512453474,0.0875416614942588,0.773019716041774,0.99988016650531
"ENSG00000114742",-0.070561381976494,4.38561963697608,0.0875259365567704,0.773039306431352,0.99988016650531
"ENSG00000177855",0.0976951172542531,2.67645484115246,0.0875149323270659,0.773053537896418,0.99988016650531
"ENSG00000145649",0.140891060191827,2.6497821124552,0.0874713259006445,0.773108406693991,0.99988016650531
"ENSG00000021762",0.0496977380828205,5.54584929405707,0.0874600489353548,0.773121987069382,0.99988016650531
"ENSG00000188372",-0.106826961094427,3.21742107282627,0.0874480810241465,0.773137285053101,0.99988016650531
"ENSG00000144550",-0.17045077065934,0.786344149819235,0.0874122378050607,0.773192004779154,0.99988016650531
"ENSG00000293630",0.192462099829151,1.37779204542671,0.0873933532481228,0.773209282026398,0.99988016650531
"ENSG00000165832",0.0831364066779232,3.57737045456777,0.087365976640071,0.773240392830225,0.99988016650531
"ENSG00000309112",0.109405820702179,1.77339566576396,0.0872675330020998,0.773365609204308,0.99988016650531
"ENSG00000119953",-0.0435861132267688,5.92176854748326,0.0872601653622566,0.77337327193812,0.99988016650531
"ENSG00000228506",-0.0491070526784004,5.18825963158162,0.0872038927125167,0.773444079306508,0.99988016650531
"ENSG00000085491",-0.054137394934752,5.93905406494996,0.087180914565754,0.773472991514839,0.99988016650531
"ENSG00000294599",-0.167910327966727,1.31781538668492,0.0870781995061099,0.773605645444022,0.99988016650531
"ENSG00000167554",0.152996388563541,0.709937088045444,0.0869714730529507,0.773746994111972,0.99988016650531
"ENSG00000287360",0.212008921164442,0.581376707560364,0.0868383906704583,0.773916586013214,0.99988016650531
"ENSG00000250920",-0.293198021969841,0.192124767818324,0.0868664551239577,0.773922157369346,0.99988016650531
"ENSG00000185774",0.127549051931801,1.42201821197686,0.0868061286308751,0.773947655609244,0.99988016650531
"ENSG00000171227",0.265395012796835,0.449357273733953,0.0868155925644924,0.77396284136633,0.99988016650531
"ENSG00000186665",0.0720585033289944,3.52209745038584,0.086766157702237,0.773995893758209,0.99988016650531
"ENSG00000269226",0.139794458978007,1.13479898407656,0.0867371380466608,0.774038941302345,0.99988016650531
"ENSG00000074755",-0.0541207339124486,4.66514037925459,0.0866738131450285,0.774112319545003,0.99988016650531
"ENSG00000185158",-0.0862838607936953,3.34088179001539,0.0866568131852902,0.774133950069612,0.99988016650531
"ENSG00000309946",0.199764358217291,0.501106475221182,0.0866273190501583,0.774197730020698,0.99988016650531
"ENSG00000184307",0.135901124569458,1.34626767789933,0.0865990593808481,0.774210430918871,0.99988016650531
"ENSG00000127922",-0.0482878206722449,7.86644557911636,0.0865909035925414,0.774216952886498,0.99988016650531
"ENSG00000105738",0.0522786041869725,7.21271805070853,0.0865776852084511,0.774233652373675,0.99988016650531
"ENSG00000198354",-0.0984288864520235,2.02713024685396,0.0865777461961327,0.774234832392186,0.99988016650531
"ENSG00000139514",0.0580506503687408,6.13973083373648,0.0865678938774197,0.77424602515157,0.99988016650531
"ENSG00000225411",-0.139015093859786,1.15214417224746,0.0865694283434657,0.77424922327243,0.99988016650531
"ENSG00000112655",0.141143207152924,1.78141047983169,0.0865308380763685,0.774294494088057,0.99988016650531
"ENSG00000007047",-0.0465553542878736,5.36360849705743,0.0864965872127145,0.774336143491224,0.99988016650531
"ENSG00000116459",-0.0524827377858543,8.33903776701526,0.0864902253683722,0.774344177975351,0.99988016650531
"ENSG00000258913",-0.186232608695689,0.28978572306066,0.0865033698859502,0.774355287716126,0.99988016650531
"ENSG00000299119",0.20431127973191,0.932619077545613,0.0864678208460417,0.774379366116679,0.99988016650531
"ENSG00000188610",-0.0674989801300389,4.30902938594109,0.0864380223923925,0.774410278131664,0.99988016650531
"ENSG00000234322",0.141753723010597,0.897919844769197,0.086434667870019,0.774421476070152,0.99988016650531
"ENSG00000296225",0.124835897929903,1.03328862614542,0.086416490780896,0.774448042126221,0.99988016650531
"ENSG00000109339",0.114845044627357,2.0248602796997,0.0863502750634354,0.774522205195741,0.99988016650531
"ENSG00000258317",0.113728301610779,5.73760338033905,0.0863003568442756,0.774584336999279,0.99988016650531
"ENSG00000172534",-0.0479653144257984,6.27366372605717,0.08628563447151,0.774602967662356,0.99988016650531
"ENSG00000124587",0.0640884506862893,4.60009949310668,0.0862845896785805,0.774604374614053,0.99988016650531
"ENSG00000160410",0.0572363711278423,5.07851542002647,0.0862820184883998,0.774607559465023,0.99988016650531
"ENSG00000256995",-0.217049878304533,0.643629574983997,0.0862707865291322,0.7746328692397,0.99988016650531
"ENSG00000145431",-0.0814651960722222,3.33052123366148,0.08625204352167,0.774645737031799,0.99988016650531
"ENSG00000171889",0.235972196757503,1.6246732003762,0.0861899607985745,0.77472644421408,0.99988016650531
"ENSG00000286263",0.392500519658588,2.49866076966969,0.0860934254418302,0.774847158561716,0.99988016650531
"ENSG00000296867",-0.217843711972189,2.21248990718136,0.0860910222280794,0.774850570789687,0.99988016650531
"ENSG00000144848",0.0575931257783608,5.76411446109318,0.086035553802312,0.774919753528748,0.99988016650531
"ENSG00000289901",0.0834922082472901,6.54851266628455,0.0860249490574059,0.774933195139049,0.99988016650531
"ENSG00000253368",0.16904419185456,1.13402499116449,0.0860129997346783,0.774952707932467,0.99988016650531
"ENSG00000293269",-0.122998390107472,1.93782135959198,0.0859985241918986,0.774968098905899,0.99988016650531
"ENSG00000272822",-0.0686805232468487,3.98590272785523,0.0859258333922467,0.775059017762909,0.99988016650531
"ENSG00000177054",-0.0578193167418813,4.41952184246322,0.0859174893596469,0.775069570041224,0.99988016650531
"ENSG00000303020",0.194145702490046,0.0332905980989692,0.0859098275848359,0.77512258325441,0.99988016650531
"ENSG00000279608",0.182890762255511,0.159970173546396,0.0858130392351208,0.775230020609393,0.99988016650531
"ENSG00000289960",0.24086768698432,0.183128336324677,0.0858214367174741,0.77524087973465,0.99988016650531
"ENSG00000100097",-0.0764849783906966,10.827723098083,0.0857464379354713,0.77528660784236,0.99988016650531
"ENSG00000079974",-0.068086410931557,3.79207265323336,0.0857415153974733,0.775293025297166,0.99988016650531
"ENSG00000108821",0.120959113992567,3.92610518559451,0.0857034705747591,0.775341342736719,0.99988016650531
"ENSG00000265784",0.24576875332872,0.854234307137474,0.0857135536909215,0.775352716009405,0.99988016650531
"ENSG00000085831",-0.184984702982884,1.04156002100089,0.0855794866957123,0.775503516073201,0.99988016650531
"ENSG00000236439",-0.0526691489463956,6.93776033294253,0.0855045790735085,0.775594022859148,0.99988016650531
"ENSG00000171435",-0.195213348964894,0.249708357025201,0.085507131203507,0.775617613361301,0.99988016650531
"ENSG00000115464",0.0460478225556182,7.06186597039054,0.0854482867469049,0.775665640861582,0.99988016650531
"ENSG00000122691",-0.0638585571654341,4.57387936577294,0.0854441421977217,0.77567100110213,0.99988016650531
"ENSG00000198804",-0.0684018834908644,11.1633527275981,0.0853781201695121,0.775754946262503,0.99988016650531
"ENSG00000071537",0.0594153380591289,4.90913422646321,0.0853607541592297,0.775777119983461,0.99988016650531
"ENSG00000290545",-0.176139291801405,0.891435218180167,0.0852967813113518,0.775867060616489,0.99988016650531
"ENSG00000182492",-0.178478755602133,1.04930922069647,0.0852885200661298,0.775876340295048,0.99988016650531
"ENSG00000116199",0.0620981052123211,5.06641740732542,0.0852381801903923,0.775933215468565,0.99988016650531
"ENSG00000185019",0.0960056366074895,2.58689776189213,0.0852109230736603,0.775968481614663,0.99988016650531
"ENSG00000149289",0.0650117013158812,4.69175279479347,0.0851784610360407,0.776009361056695,0.99988016650531
"ENSG00000140526",-0.0514942225781622,5.34525385796529,0.0851675104318265,0.776023253987726,0.99988016650531
"ENSG00000174807",-0.22203982394095,0.556963395500335,0.0851698539521021,0.776034806832278,0.99988016650531
"ENSG00000178460",0.168214910852333,1.03364369346963,0.0851311450532382,0.776075235380998,0.99988016650531
"ENSG00000122545",-0.0442219740100122,7.30112210778041,0.0850358598494976,0.776191142015488,0.99988016650531
"ENSG00000124225",0.14199517705355,2.0336762046711,0.0849853636035248,0.776256769565664,0.99988016650531
"ENSG00000257097",-0.233667001725529,0.208309634131531,0.0849223147733063,0.776367716543536,0.99988016650531
"ENSG00000071243",-0.0733605773524652,4.65053484738661,0.0848277171594264,0.776456962214146,0.99988016650531
"ENSG00000171311",0.0567034635744455,5.43155264444936,0.0847867771593442,0.776509196761576,0.99988016650531
"ENSG00000130830",-0.0539027131399599,5.37367183783258,0.0847665359070774,0.776535065615324,0.99988016650531
"ENSG00000244694",0.106145878272196,2.0357873280128,0.0847161523130062,0.77660057290869,0.99988016650531
"ENSG00000183018",-0.128234115109314,2.45818727393732,0.0846870991340917,0.776637459066931,0.99988016650531
"ENSG00000117266",0.0777589399849416,3.43371010171716,0.0846712709442764,0.776657047150949,0.99988016650531
"ENSG00000255182",-0.13927877293749,1.64813888591879,0.0846576553840391,0.776677101157733,0.99988016650531
"ENSG00000102024",0.0472031101700257,4.78324338623645,0.0846434060952626,0.77669256074879,0.99988016650531
"ENSG00000169181",-0.159717658266149,1.26476614553415,0.0846018045324857,0.776749110474981,0.99988016650531
"ENSG00000130363",-0.058207583698072,4.49194264830528,0.0845000422144516,0.776876034460095,0.99988016650531
"ENSG00000145819",0.0502766837794247,7.94579187193121,0.0844720972065483,0.776911726987529,0.99988016650531
"ENSG00000274922",-0.145150078785256,2.10099537051611,0.0844431283207117,0.776950095953347,0.99988016650531
"ENSG00000132467",0.0471393118929365,5.52001451695534,0.0843839111933197,0.777024686961652,0.99988016650531
"ENSG00000125810",-0.0521854886900047,6.267009563196,0.0843585741134904,0.777057148036521,0.99988016650531
"ENSG00000259684",-0.151334223127822,1.40826939888732,0.0842502820976206,0.777199208041105,0.99988016650531
"ENSG00000233672",0.123639188834808,2.21167829551098,0.0841177946396719,0.777367009845986,0.99988016650531
"ENSG00000198961",-0.0525818487229543,5.44386819300046,0.0840993469147227,0.777389614942942,0.99988016650531
"ENSG00000096093",0.0999441570226103,3.10349527630173,0.0840887951271384,0.777403461364371,0.99988016650531
"ENSG00000009307",-0.0455501843578409,9.34078052162554,0.084080195980025,0.77741419173676,0.99988016650531
"ENSG00000035681",-0.0486152595822189,7.08489449151234,0.0839439906331771,0.777589123328345,0.99988016650531
"ENSG00000156521",0.0847682210683095,2.75345871598565,0.0838421592565367,0.777720504239972,0.99988016650531
"ENSG00000176928",0.200389416039961,0.902104210536347,0.0838075014965157,0.777770975311386,0.99988016650531
"ENSG00000215244",-0.154625644633676,1.14548054489477,0.0837881427993935,0.77779467209496,0.99988016650531
"ENSG00000298564",0.146139023313873,2.32705174571462,0.0837823919154034,0.777798161587383,0.99988016650531
"ENSG00000119685",0.0600399676791295,5.5993965471787,0.083567616423065,0.778073318872415,0.99988016650531
"ENSG00000173262",-0.214806442451605,1.22183789841324,0.0835169148104137,0.778148470744875,0.99988016650531
"ENSG00000136960",0.153715500830121,1.26185904720289,0.0835107685615576,0.778149363769629,0.99988016650531
"ENSG00000237128",0.20061505634189,0.294239023677461,0.0834594023173634,0.778241469168252,0.99988016650531
"ENSG00000160392",-0.0808916670514892,3.90288273011879,0.0834301663198846,0.778250569685005,0.99988016650531
"ENSG00000258378",0.13524200892559,1.59491727052455,0.08338964573933,0.77830528091029,0.99988016650531
"ENSG00000119682",-0.053067575930526,5.07950762038782,0.0833762798493201,0.778319927062184,0.99988016650531
"ENSG00000169228",0.124761296716829,1.37305983794953,0.0833524601507077,0.778353926719596,0.99988016650531
"ENSG00000291201",0.0541410879603583,4.29344823486257,0.0833342893564947,0.778374170920723,0.99988016650531
"ENSG00000103495",0.223627466233879,0.150210828982489,0.0833459986381946,0.778408239785445,0.99988016650531
"ENSG00000181789",-0.0481938551846297,5.66160325833844,0.083280256171018,0.778443797249702,0.99988016650531
"ENSG00000141867",-0.0429273499400757,7.36754663610687,0.0832773207218002,0.778447580885311,0.99988016650531
"ENSG00000068400",-0.0546504508799394,5.57172069475241,0.0832581115735853,0.77847237635647,0.99988016650531
"ENSG00000154920",-0.121487234347124,1.94327202726313,0.0832120524005994,0.778533603317169,0.99988016650531
"ENSG00000107164",0.049573921415975,5.62673094685823,0.0832097868965681,0.778534756291743,0.99988016650531
"ENSG00000228053",0.0963210897680771,2.22403227414125,0.0832105098299857,0.778534890793225,0.99988016650531
"ENSG00000166971",-0.134464293160368,1.73710232395691,0.083136803821215,0.778630900731702,0.99988016650531
"ENSG00000081059",-0.115933552456638,2.22095776792028,0.0830369370342313,0.778759002703405,0.99988016650531
"ENSG00000083520",-0.0503494077438332,5.57936256573669,0.0830089270340415,0.778794248876216,0.99988016650531
"ENSG00000177058",-0.0593135966477229,5.13598446550163,0.0829615881650722,0.778855460332936,0.99988016650531
"ENSG00000134376",-0.170861833058651,1.16609502225322,0.082958462844289,0.778863300195936,0.99988016650531
"ENSG00000293183",-0.149529700845858,1.60878291221663,0.0829492765248873,0.778873907974583,0.99988016650531
"ENSG00000301281",-0.152535548767796,1.94449095417777,0.0829473126068084,0.778875350043233,0.99988016650531
"ENSG00000115649",0.0548908816387374,4.2714087030127,0.0829318384338766,0.778894027959661,0.99988016650531
"ENSG00000230590",-0.0516120457262179,8.49689821655116,0.0828825576918532,0.778957676366034,0.99988016650531
"ENSG00000196730",-0.0719959840108004,6.03199970073956,0.0828633776113875,0.778982496238979,0.99988016650531
"ENSG00000305168",-0.140098372920607,1.13939343236396,0.0827095209245477,0.779187049004742,0.99988016650531
"ENSG00000299413",0.131691236897908,2.80133443174269,0.0825706233230109,0.779362162796958,0.99988016650531
"ENSG00000284770",0.161788786687561,0.961922819782102,0.0825659944481221,0.779374159735121,0.99988016650531
"ENSG00000271860",-0.143875446616632,1.45225671102674,0.0825550829372897,0.779384559231706,0.99988016650531
"ENSG00000184226",0.128178068825563,1.83615925694861,0.0825303357590561,0.779415681227212,0.99988016650531
"ENSG00000263731",0.119119267108739,2.78453452905742,0.0825166365347063,0.779432309326419,0.99988016650531
"ENSG00000163877",-0.0550375977034055,4.03206748914756,0.0824627035698874,0.779501761453721,0.99988016650531
"ENSG00000141349",0.0760468081399412,4.72957165901859,0.0824489745368387,0.779519544046076,0.99988016650531
"ENSG00000100503",0.0521630966535547,6.38959355845432,0.082357084369569,0.779638730716492,0.99988016650531
"ENSG00000240652",-0.0791479503544931,3.6068823645152,0.0823045464690553,0.779707138934008,0.99988016650531
"ENSG00000269720",0.0798550575727049,3.68720569127939,0.0822070098083098,0.779833824422054,0.99988016650531
"ENSG00000197568",0.11132303822014,2.35919790310554,0.0821391621276232,0.779922576372576,0.99988016650531
"ENSG00000135390",0.0502538315800073,8.26226213263183,0.0821235430419489,0.779942175779253,0.99988016650531
"ENSG00000149679",0.077918342337662,3.31651371457831,0.0820069358467234,0.78009415657896,0.99988016650531
"ENSG00000011295",0.0569822273577029,4.41137061768015,0.0819050716677034,0.780226555993375,0.99988016650531
"ENSG00000169217",-0.0483172446479153,5.42334970943056,0.0818073431128868,0.780353780408908,0.99988016650531
"ENSG00000299773",0.0710409134497738,3.10211784804983,0.0817830508055426,0.780385745912271,0.99988016650531
"ENSG00000140057",-0.138969544268265,0.669185227389564,0.0817042501194924,0.780500284575098,0.99988016650531
"ENSG00000042781",0.198263376639842,0.275307639938433,0.0817043256343367,0.780509435635828,0.99988016650531
"ENSG00000128606",-0.150688124991356,1.85568681413404,0.0816667448384166,0.780539068018565,0.99988016650531
"ENSG00000231365",0.0571192384629235,6.35127700834993,0.0816413505604141,0.780570193721399,0.99988016650531
"ENSG00000011198",0.0671727367963705,3.80371776062215,0.081519659623031,0.780729156624139,0.99988016650531
"ENSG00000106993",0.059573356523427,4.13307706202811,0.0815032874472229,0.78075048246827,0.99988016650531
"ENSG00000168137",-0.0480896408322514,7.30625635863059,0.081497845567986,0.780757485558457,0.99988016650531
"ENSG00000302420",0.281525249740971,0.404053348080496,0.0815035899453397,0.780758098508953,0.99988016650531
"ENSG00000227008",-0.0490277108837773,6.8983978906707,0.0814548951921002,0.780813576978047,0.99988016650531
"ENSG00000172113",0.0687346594636752,3.50858479848987,0.0813674053018323,0.780928080966145,0.99988016650531
"ENSG00000137776",-0.0478904283272008,7.29834313603317,0.0813456000987225,0.780956382570476,0.99988016650531
"ENSG00000239559",-0.0696179877736078,4.95729642111371,0.0813217453962051,0.780987631871812,0.99988016650531
"ENSG00000234616",0.0666214946682133,3.59057712927906,0.0812673092941466,0.781058932470858,0.99988016650531
"ENSG00000122490",0.0518352417238726,5.28697747875348,0.081190749855051,0.781158898495517,0.99988016650531
"ENSG00000221874",0.162688929179455,0.824810670042861,0.081196954731238,0.781159098074376,0.99988016650531
"ENSG00000143486",-0.0524402662620721,4.67083935143649,0.0811295663859983,0.781239044903039,0.99988016650531
"ENSG00000164574",0.0515866581104959,4.65449558813372,0.0810787111805828,0.781305621246451,0.99988016650531
"ENSG00000239300",0.122336091688308,1.36838241467949,0.0809804475445696,0.781437082686195,0.99988016650531
"ENSG00000221978",-0.0424969670864206,5.63751498146433,0.0809478293021849,0.781477002059443,0.99988016650531
"ENSG00000157106",-0.0471046656439101,6.36905282492452,0.0808332360406641,0.781627240003015,0.99988016650531
"ENSG00000011566",-0.0538337046515164,5.31563742809603,0.0808313161228427,0.781629764226942,0.99988016650531
"ENSG00000119705",0.0564613914083822,8.0968571347866,0.0808154000091707,0.781650633428468,0.99988016650531
"ENSG00000146535",-0.0432957644487947,6.70658905945081,0.0807150129782833,0.781782361073601,0.99988016650531
"ENSG00000116874",-0.0522393882530779,5.18758050263599,0.0806957244327286,0.781807689810064,0.99988016650531
"ENSG00000166669",-0.0436431142130018,5.83983179129826,0.0806762912485825,0.781833197876164,0.99988016650531
"ENSG00000288795",0.107183148649442,2.51679516322127,0.080661854273269,0.781852814751768,0.99988016650531
"ENSG00000163520",0.250678185590225,0.0991814888731196,0.0806247418239426,0.781948981787416,0.99988016650531
"ENSG00000141540",0.10305586743427,1.7962854130792,0.0804919054199255,0.78207702207477,0.99988016650531
"ENSG00000005483",-0.04350917380177,6.97011077576947,0.0804806358006875,0.782090255368044,0.99988016650531
"ENSG00000227057",-0.0511291389260018,5.16037159702844,0.0804556975002805,0.782123065203883,0.99988016650531
"ENSG00000213237",0.160197824198877,3.08145157191088,0.0803904697693374,0.782209379927045,0.99988016650531
"ENSG00000121933",-0.111378081098609,1.94087292171929,0.0803748811816762,0.782230638877404,0.99988016650531
"ENSG00000287562",-0.133492248658435,1.80401894777939,0.0803552016152276,0.782256750255486,0.99988016650531
"ENSG00000198113",0.0433747139093236,5.89255690327132,0.0803080662506257,0.782317269629509,0.99988016650531
"ENSG00000307107",0.152718967620793,4.7216408869143,0.0803032872906903,0.78232362029409,0.99988016650531
"ENSG00000306223",0.315475088845926,0.322352580743083,0.0802223005081969,0.782363148508358,0.99988016650531
"ENSG00000261083",0.0734878326990878,4.32974874224141,0.0802637886310671,0.782375644889795,0.99988016650531
"ENSG00000108654",-0.0549789188001846,9.25140940481538,0.0802467349966509,0.782398009788578,0.99988016650531
"ENSG00000299307",-0.119174006379825,1.52992566058975,0.0802460168240959,0.782401350532447,0.99988016650531
"ENSG00000072818",-0.142169389399365,1.50058383237703,0.080243750129126,0.782404374307629,0.99988016650531
"ENSG00000147853",0.0504669881961364,5.24162935628761,0.0802318761758594,0.7824175865371,0.99988016650531
"ENSG00000198556",-0.0476421577785339,5.49409705812189,0.0801515370783775,0.782523412174442,0.99988016650531
"ENSG00000299714",0.12390700633913,1.0602330691449,0.0801551857986344,0.782527827329104,0.99988016650531
"ENSG00000183864",-0.0555798117697617,5.33235821043922,0.0801299650139731,0.782551840380103,0.99988016650531
"ENSG00000121310",0.0482419939365839,5.89525799962969,0.0800849492008721,0.782611168507811,0.99988016650531
"ENSG00000104894",0.0575236242198169,7.39377142621856,0.0799122889422067,0.782838906173477,0.99988016650531
"ENSG00000197345",0.0547367512246695,5.81037630197506,0.0798922068740243,0.78286541576135,0.99988016650531
"ENSG00000169570",-0.0740658162916477,4.7702373580701,0.079890229980709,0.782868099250412,0.99988016650531
"ENSG00000159210",0.0544886617180325,6.80823592640447,0.0798832409039844,0.782877247624601,0.99988016650531
"ENSG00000296939",-0.126478099787105,0.942195359150682,0.0798645517333926,0.782907479303415,0.99988016650531
"ENSG00000279058",-0.153154877980323,0.570569436269254,0.0798222587086066,0.782969743194189,0.99988016650531
"ENSG00000236792",0.134940948177851,1.16792615269655,0.0797520527769658,0.783053994031746,0.99988016650531
"ENSG00000147996",-0.0405356492415052,6.05553446147245,0.0797472955893522,0.783056786366058,0.99988016650531
"ENSG00000151687",0.063093797835325,4.13836177666706,0.0797077484252522,0.783109147560609,0.99988016650531
"ENSG00000148303",0.0569492331171036,10.2471007772798,0.0796969393671608,0.783123329052066,0.99988016650531
"ENSG00000251602",0.169548329520875,0.770779966407025,0.0795749987846485,0.783295541912926,0.99988016650531
"ENSG00000176476",0.0624262346245428,3.72452860494761,0.0795281139490594,0.783346763148241,0.99988016650531
"ENSG00000065665",0.0771177564732998,2.81736863766589,0.0795205501940893,0.783357068867829,0.99988016650531
"ENSG00000253395",-0.173251065418459,0.661116795151673,0.0794970099679008,0.78340017796948,0.99988016650531
"ENSG00000259146",-0.160383433548523,1.36814173295151,0.0794892749332196,0.78340090875089,0.99988016650531
"ENSG00000183780",0.133100258770427,2.59509963701914,0.0794272855401152,0.783480608140229,0.99988016650531
"ENSG00000133466",-0.153501836895916,0.554573629266266,0.0793653140358591,0.783580863941582,0.99988016650531
"ENSG00000177707",0.0966779265037921,2.07969153539516,0.0793341304836267,0.78360446034349,0.99988016650531
"ENSG00000176386",-0.0501649260871741,5.04170363650967,0.0793273001781808,0.783612541148252,0.99988016650531
"ENSG00000228502",-0.0480380847878276,7.99687763663943,0.0793013823247611,0.783646851877912,0.99988016650531
"ENSG00000265994",-0.173659652902944,0.272197917576312,0.079311608584049,0.783669674408703,0.99988016650531
"ENSG00000065457",0.161482398484323,1.1065634922035,0.0792336794119706,0.78374049953504,0.99988016650531
"ENSG00000120053",0.0713739295457987,3.7024578269241,0.0792274840406522,0.783744974309636,0.99988016650531
"ENSG00000249378",0.0483341300286543,4.49240085388743,0.0791862226727487,0.783799616222514,0.99988016650531
"ENSG00000283232",0.0871186101637148,2.18085491565457,0.0791469666995126,0.783852506949983,0.99988016650531
"ENSG00000173611",0.0681279615165419,4.58342413971589,0.0791187408631827,0.783889140054275,0.99988016650531
"ENSG00000148341",0.0590487755048483,4.38785727759458,0.079118034869497,0.783890087477227,0.99988016650531
"ENSG00000122085",-0.0473389852890633,4.61994113689946,0.0790603550523188,0.783966628711258,0.99988016650531
"ENSG00000302830",-0.0592044731091616,4.07920654607096,0.0790048340861965,0.784040373404475,0.99988016650531
"ENSG00000236975",-0.208254603630991,1.31752564331323,0.0789640931460801,0.78409781537503,0.99988016650531
"ENSG00000225450",-0.0930367437229084,2.64155831106081,0.0788171749199579,0.784290099705075,0.99988016650531
"ENSG00000275674",0.108048337813819,2.31683030396109,0.078792169053271,0.784323702475392,0.99988016650531
"ENSG00000183011",0.0676899980361918,5.62440980719926,0.0787863337778495,0.784330658143817,0.99988016650531
"ENSG00000223546",0.0606700175388282,4.51449209411642,0.0787741683192893,0.7843469174472,0.99988016650531
"ENSG00000210154",-0.165833576165512,1.00131031151313,0.0787558216399754,0.78437982178584,0.99988016650531
"ENSG00000180044",-0.11677342161531,2.611954063439,0.0787056319219105,0.784438676943179,0.99988016650531
"ENSG00000162873",-0.191801864742417,0.0343319732042988,0.0787273836625635,0.784470245048618,0.99988016650531
"ENSG00000140382",-0.0422258318407671,5.89652501782076,0.078658758363137,0.784500404499282,0.99988016650531
"ENSG00000116406",0.045957064008247,6.4924055995878,0.0786515509599817,0.784509997328694,0.99988016650531
"ENSG00000230043",-0.175268746105447,0.171256761678336,0.0786055697697144,0.784603511668324,0.99988016650531
"ENSG00000109111",-0.0416329751697458,5.81986341386867,0.078520333807047,0.784684759049535,0.99988016650531
"ENSG00000108799",-0.0874973067337876,3.18621927279572,0.0785150098621337,0.784692119245499,0.99988016650531
"ENSG00000164972",0.143958740807735,0.3272368787014,0.0784663375234277,0.784776091809732,0.99988016650531
"ENSG00000152413",0.0611293293931068,4.41183002012701,0.0784141352467852,0.78482639485751,0.99988016650531
"ENSG00000231312",0.0814138653911652,3.23619315799491,0.0783688562640918,0.784886964078171,0.99988016650531
"ENSG00000087903",0.0459076639018295,6.15600846330127,0.078333153414769,0.78493432535696,0.99988016650531
"ENSG00000228570",-0.176499901786118,1.17165467373285,0.0782969238201471,0.784987858642095,0.99988016650531
"ENSG00000226121",-0.103482104613648,2.33926514745371,0.0781774575034115,0.785142874638217,0.99988016650531
"ENSG00000291125",0.13802211796896,0.624065704670558,0.0781778708039398,0.785154882079938,0.99988016650531
"ENSG00000304423",-0.111920900168803,2.13957087366962,0.078147459556783,0.78518314490119,0.99988016650531
"ENSG00000163794",0.134811875869403,1.81015878400229,0.0781447667310556,0.785187480233167,0.99988016650531
"ENSG00000008988",-0.0606592316987958,11.3265301103693,0.0781286277938743,0.785207387340235,0.99988016650531
"ENSG00000230773",-0.068754261868869,4.69406015665865,0.078089655682801,0.785259526329132,0.99988016650531
"ENSG00000244040",-0.100895820944863,2.98128691965433,0.0780319032810553,0.785337024027439,0.99988016650531
"ENSG00000168769",-0.0563743733181001,6.35539332115588,0.0779531046197996,0.785442041267372,0.99988016650531
"ENSG00000204922",-0.0559482577740185,4.16808182086195,0.0779425697282868,0.785456242232753,0.99988016650531
"ENSG00000271601",-0.0461267279286899,5.31643205122839,0.0778906450302018,0.785525616932824,0.99988016650531
"ENSG00000105976",-0.169226375696654,1.80456671243042,0.077873272271111,0.785550445497626,0.99988016650531
"ENSG00000167107",0.114418494375482,3.61431825086721,0.0778467431936661,0.785584533186716,0.99988016650531
"ENSG00000167674",-0.0418936200500207,6.02315143053174,0.0778419359051256,0.785590809303705,0.99988016650531
"ENSG00000065548",-0.0475329020950239,7.13544110467659,0.0778330321893549,0.785602726842437,0.99988016650531
"ENSG00000124155",-0.0595884319395363,4.49835869194016,0.0777747787959451,0.785680817505056,0.99988016650531
"ENSG00000165752",0.0707811155795054,3.96083715179114,0.0777698840009086,0.785687432772302,0.99988016650531
"ENSG00000299445",-0.124685345759136,1.40890183797691,0.0777688570960896,0.785690989916236,0.99988016650531
"ENSG00000261369",0.155466407637794,1.30933254402909,0.0777557107884688,0.785709838009758,0.99988016650531
"ENSG00000145687",0.0574546752367532,5.04347820414782,0.0777473690337357,0.785717483675718,0.99988016650531
"ENSG00000176903",-0.0693885930519061,3.55454072505959,0.0777447941788021,0.785721093310619,0.99988016650531
"ENSG00000131773",0.122037718252935,1.3807803421421,0.0777131475898905,0.785766329724739,0.99988016650531
"ENSG00000297244",-0.143804212549245,0.505596674102833,0.0776825354960734,0.785820979565942,0.99988016650531
"ENSG00000141002",0.0746533845309519,5.72857316330845,0.0776509889862973,0.785846606033988,0.99988016650531
"ENSG00000250173",0.15485849659701,2.26068327843519,0.0776331241096271,0.785871816495089,0.99988016650531
"ENSG00000166233",-0.0400700549448001,6.45905579736261,0.0775836979946785,0.78593682865079,0.99988016650531
"ENSG00000003987",-0.148727115321607,0.49208257736807,0.077588998632812,0.785951859827182,0.99988016650531
"ENSG00000125844",0.0571340042148151,4.99924706834875,0.0775516997835416,0.785979771317612,0.99988016650531
"ENSG00000170236",0.133245130989378,1.10155361102841,0.0775144375585692,0.78603399906921,0.99988016650531
"ENSG00000012061",0.0629971198193139,5.50646624349506,0.0774819256081804,0.7860733730757,0.99988016650531
"ENSG00000100767",-0.139428896891871,2.53839562013013,0.0774167696230204,0.786161561063938,0.99988016650531
"ENSG00000204310",0.0509557066929312,5.82698087495257,0.0774110529281159,0.78616851172873,0.99988016650531
"ENSG00000293497",0.0832486764459714,3.36631061771532,0.0773678350896967,0.786226777210588,0.99988016650531
"ENSG00000115085",0.242580273266882,0.325672764315832,0.0773122738052379,0.786336496518677,0.99988016650531
"ENSG00000221867",0.349709936303091,0.0216778014840951,0.0773060598359209,0.78635387322484,0.99988016650531
"ENSG00000286061",0.173852420745041,1.04645399241451,0.0772736429051121,0.786358074867657,0.99988016650531
"ENSG00000091732",-0.0510200188978433,4.40742649260561,0.0772655747809935,0.786364038067235,0.99988016650531
"ENSG00000184612",-0.122731166254172,1.04161678764285,0.0772682314974917,0.786366900413175,0.99988016650531
"ENSG00000162650",-0.103306116461215,2.62390146284849,0.0772615385856286,0.786369921215547,0.99988016650531
"ENSG00000294126",-0.171662086277405,0.250792761015757,0.0772448995466737,0.786412646498004,0.99988016650531
"ENSG00000298401",0.2690749249577,-0.353467860713806,0.0770370937911536,0.786416270581349,0.99988016650531
"ENSG00000188690",0.049200325232649,5.48968442678952,0.077162297632371,0.78650282443284,0.99988016650531
"ENSG00000168522",-0.0441089430805554,5.63438172601593,0.0771594939516605,0.786506594399753,0.99988016650531
"ENSG00000263887",-0.125311908384459,1.366851906748,0.0771086031306181,0.786577947739877,0.99988016650531
"ENSG00000044459",0.0678484162831044,6.69777475537436,0.0770698821551924,0.786627167637798,0.99988016650531
"ENSG00000224839",-0.179765768241166,0.100624099799165,0.0770139186627344,0.786752403239309,0.99988016650531
"ENSG00000214832",-0.1460016417153,0.720205890231833,0.0769547798572427,0.78679236461908,0.99988016650531
"ENSG00000273611",0.0520431273735963,4.50385258229121,0.0767894278544558,0.787005110064822,0.99988016650531
"ENSG00000215769",0.051757707931101,5.51567907677497,0.0767785536449672,0.787019695942474,0.99988016650531
"ENSG00000234572",-0.0547064734522419,4.22284739189457,0.0767696683702507,0.787031769399727,0.99988016650531
"ENSG00000140262",-0.0505467623730779,8.35682618830678,0.0767118629138215,0.787109660300622,0.99988016650531
"ENSG00000168806",-0.0542955131467955,4.01390247288326,0.0766323968638664,0.787217037261843,0.99988016650531
"ENSG00000158106",-0.146484453742778,1.72057877017732,0.0766113542375311,0.787248323723137,0.99988016650531
"ENSG00000064313",0.0429833781381253,6.41704540406043,0.0765887038858277,0.787275922053614,0.99988016650531
"ENSG00000101166",0.0536714167379137,5.34675297280835,0.0765121038541783,0.787379408575799,0.99988016650531
"ENSG00000183308",0.0775847550559789,2.81205813034154,0.0764871446845565,0.787413529203065,0.99988016650531
"ENSG00000236753",0.16395982059839,0.864112849716244,0.0764094018396926,0.787524094050453,0.99988016650531
"ENSG00000185010",-0.0983365723017268,2.24159936388808,0.0763932444605593,0.787540900772827,0.99988016650531
"ENSG00000174171",-0.184071150864433,0.223552703255528,0.0763121017126533,0.787684289215283,0.99988016650531
"ENSG00000159692",0.0395472452230435,6.59608865113685,0.0762711480042606,0.787705280059464,0.99988016650531
"ENSG00000182901",0.151738784208452,0.321355270472106,0.0762191047656145,0.787798194280585,0.99988016650531
"ENSG00000279851",-0.161633002024853,0.528590904370669,0.0760867336305368,0.787973379062914,0.99988016650531
"ENSG00000116285",0.109338671814842,2.74208328612444,0.0760152330986157,0.788052425880357,0.99988016650531
"ENSG00000160799",-0.0404034782214886,5.48668026656638,0.0760041045956508,0.78806709658733,0.99988016650531
"ENSG00000261326",0.103419222234775,1.84906758414117,0.0759811556496298,0.788099864886507,0.99988016650531
"ENSG00000172262",0.0432610773769447,6.17755326199567,0.0758956838780581,0.788214185790478,0.99988016650531
"ENSG00000227681",-0.149255953860559,0.599733025578376,0.0759049720548304,0.788214868689647,0.99988016650531
"ENSG00000253123",0.236875842155473,1.75997300550466,0.0758782133532588,0.788239272523889,0.99988016650531
"ENSG00000131149",0.0664737752897382,6.21905919831892,0.0758548905242866,0.78826955936832,0.99988016650531
"ENSG00000114353",-0.0474095992498381,9.60811081405613,0.0758215639610549,0.788314806719589,0.99988016650531
"ENSG00000170469",-0.117933878908535,1.87911205122993,0.0758171137750057,0.788322395999051,0.99988016650531
"ENSG00000249042",-0.0759561641074277,3.76911119322334,0.0757760879333024,0.788376714712859,0.99988016650531
"ENSG00000179820",0.163159177688489,5.43238184457034,0.0757470384317418,0.788416071650458,0.99988016650531
"ENSG00000188897",0.101663764310689,1.68272221668301,0.0757004888794309,0.78848082404087,0.99988016650531
"ENSG00000171174",-0.13326464903041,1.9008044946502,0.0756774228124822,0.788513204825731,0.99988016650531
"ENSG00000158220",0.239542733728192,0.749498543917982,0.0756676638351431,0.788538567206282,0.99988016650531
"ENSG00000306078",-0.0808223903888569,3.41914281206149,0.0755353888869992,0.788704006445981,0.99988016650531
"ENSG00000105072",0.104867636809784,1.82478565935253,0.0755112079484952,0.788738563576614,0.99988016650531
"ENSG00000074800",-0.0501690664306974,10.6598011483479,0.0754803448143664,0.788778724747672,0.99988016650531
"ENSG00000174891",-0.0523015304287344,7.58293779314772,0.0754746490378769,0.788786478598634,0.99988016650531
"ENSG00000232212",-0.0469013613638779,7.7621223080081,0.0754679134238609,0.788795647985546,0.99988016650531
"ENSG00000198369",-0.0444728958413527,6.24436205153591,0.0754590890712847,0.788807663282299,0.99988016650531
"ENSG00000132950",0.0440988075501865,4.74597509990376,0.0753738730461213,0.788923784766963,0.99988016650531
"ENSG00000134291",0.0755350786133449,3.91311912812166,0.0753694676679784,0.788929879522978,0.99988016650531
"ENSG00000177788",-0.126281164317943,1.38750199961869,0.075359000141167,0.78894709455975,0.99988016650531
"ENSG00000130699",0.0504529594161032,4.61778806201175,0.0753379176454702,0.788972783343006,0.99988016650531
"ENSG00000289746",0.159982232695208,1.48916096779661,0.0752881398372046,0.789043332539612,0.99988016650531
"ENSG00000119402",-0.0437366538866095,4.9323618602264,0.0752479631571215,0.789095361771674,0.99988016650531
"ENSG00000133114",0.047363636993271,4.77431555934652,0.0751988458194535,0.789162377774212,0.99988016650531
"ENSG00000219274",-0.0541375042909455,5.68601742305223,0.0751876805577407,0.789177537962148,0.99988016650531
"ENSG00000154473",-0.0399192153564004,6.25678818598497,0.0751209479433195,0.789268587881307,0.99988016650531
"ENSG00000120451",-0.0498617848332594,6.09614562577741,0.075117312043147,0.789273550238948,0.99988016650531
"ENSG00000286153",0.165413576209962,3.61185586302466,0.0749501691055779,0.789501987547696,0.99988016650531
"ENSG00000241155",0.127735096595838,0.567301544324771,0.0749562289241119,0.789505200242682,0.99988016650531
"ENSG00000155849",-0.0561279763094973,7.69518268517136,0.0749301256028514,0.789529193387957,0.99988016650531
"ENSG00000262468",-0.123311995450146,1.89025926696477,0.0748932428710346,0.789580917353928,0.99988016650531
"ENSG00000125735",0.126072677941873,3.17243138965509,0.0748622553300007,0.789622266582438,0.99988016650531
"ENSG00000196810",-0.103673925745124,3.12564951111662,0.0748096519321721,0.789694196187381,0.99988016650531
"ENSG00000230387",0.325822851021489,0.932688800451054,0.0747779382596072,0.789745089015762,0.99988016650531
"ENSG00000136044",0.075145225496058,3.20338254504492,0.0747711415522718,0.789746840553642,0.99988016650531
"ENSG00000176896",-0.120906394369786,1.19836797698825,0.0747542896356108,0.789773595988204,0.99988016650531
"ENSG00000196453",0.0636432452417669,3.67275366656454,0.0746954820370369,0.789850298954585,0.99988016650531
"ENSG00000162458",0.151912509829642,0.591074195871902,0.0746041288079984,0.789986524033861,0.99988016650531
"ENSG00000109919",0.0411553104839094,6.42870955226629,0.0745908494347351,0.789993434629316,0.99988016650531
"ENSG00000168172",-0.047209248796316,6.17545472168907,0.0744265271010689,0.790218691544692,0.99988016650531
"ENSG00000125445",0.0440962064161112,5.83707201111354,0.0743032573046682,0.790387850947376,0.99988016650531
"ENSG00000172748",0.128691901040565,1.68503309673755,0.074302463323124,0.790390760367252,0.99988016650531
"ENSG00000104879",-0.0918550397788779,3.21682956589667,0.0742175200361755,0.790505883471501,0.99988016650531
"ENSG00000168564",-0.0563675958338631,4.09176485209144,0.0741038593207656,0.790661896396564,0.99988016650531
"ENSG00000072121",0.0838573372680446,3.85459537991678,0.0740972712924469,0.790670979137848,0.99988016650531
"ENSG00000304830",0.122546273784428,2.03751034861881,0.074020335901522,0.79077827919807,0.99988016650531
"ENSG00000172840",-0.0798496068866605,3.2219808247139,0.0739903748164437,0.7908181357419,0.99988016650531
"ENSG00000198876",0.0412160096488408,6.77269242063375,0.0739744284317188,0.790839827599622,0.99988016650531
"ENSG00000277481",-0.131088145634563,1.05053773781225,0.0739277140803211,0.790912532954673,0.99988016650531
"ENSG00000163508",0.164170859838777,0.856581317722087,0.0739017757061182,0.790946666921162,0.99988016650531
"ENSG00000133135",0.0662099185048106,3.51694478262813,0.0738896578684806,0.790956715094507,0.99988016650531
"ENSG00000146707",-0.0668365668696793,3.72807184372871,0.073887498798126,0.790959646494297,0.99988016650531
"ENSG00000104825",-0.055898328359898,5.34622449680499,0.0738537606356164,0.791005964800658,0.99988016650531
"ENSG00000104881",0.126358521173809,1.39305141629134,0.0738408146922559,0.791026651449616,0.99988016650531
"ENSG00000257453",0.291774026571634,1.37995471880382,0.0737884554968285,0.79109698254873,0.99988016650531
"ENSG00000183117",-0.0718610452039885,4.12673812827185,0.073779591357243,0.791108262959178,0.99988016650531
"ENSG00000054148",0.0732369979109228,5.34315059067581,0.0737676534840536,0.791124605255255,0.99988016650531
"ENSG00000295839",0.105070236308429,2.62490066432875,0.073759674114669,0.791136123802912,0.99988016650531
"ENSG00000102226",0.0563724848171847,4.0387681999997,0.0737337672142914,0.791171407376828,0.99988016650531
"ENSG00000296294",-0.0589720004480889,3.74671535585441,0.0737013740358633,0.791216115888901,0.99988016650531
"ENSG00000162076",0.0562323969752217,5.07269090046403,0.0736494460533092,0.791287621162444,0.99988016650531
"ENSG00000124562",-0.0468998026788946,7.82805209117585,0.0736470341682857,0.791290913890518,0.99988016650531
"ENSG00000085760",0.0532586630412351,5.41487022752148,0.0736285812944409,0.791316376660255,0.99988016650531
"ENSG00000228237",0.136182572364681,2.49253016112401,0.0736226851867489,0.791325112539757,0.99988016650531
"ENSG00000144228",0.0492387524390329,4.92809745086816,0.0736038657838152,0.791350532520848,0.99988016650531
"ENSG00000178057",0.0581481837576648,6.1759786683253,0.0735771203090203,0.79138738460009,0.99988016650531
"ENSG00000250988",0.078717306403356,2.65023204216969,0.0735430113717009,0.7914350243247,0.99988016650531
"ENSG00000166783",-0.0454568555946135,5.12124726163503,0.0735244845507964,0.791460051313464,0.99988016650531
"ENSG00000235448",0.155909693367249,1.65733918162821,0.0735259397197643,0.791460645566663,0.99988016650531
"ENSG00000286163",0.107750563927352,2.15619421633902,0.0733926369200119,0.791643240079447,0.99988016650531
"ENSG00000126088",0.050787546911017,5.08270533351964,0.0732722975814642,0.791808603647654,0.99988016650531
"ENSG00000283208",-0.158049853256154,0.715478734200854,0.073275809523296,0.791821523930694,0.99988016650531
"ENSG00000152942",0.0673792944897035,4.13368501938207,0.0732321719517628,0.791864170893753,0.99988016650531
"ENSG00000145439",0.0406034393262403,5.23555786227616,0.0731850981326932,0.791929227489982,0.99988016650531
"ENSG00000155744",-0.0501441822441772,5.2459535375548,0.0731465736535058,0.791982559041986,0.99988016650531
"ENSG00000103187",-0.0466742945946309,9.685922047723,0.0729851792953563,0.792206142752775,0.99988016650531
"ENSG00000122008",-0.0450666331162056,5.57889555077519,0.0729749102826759,0.79222038311514,0.99988016650531
"ENSG00000213793",-0.101342032499491,2.41755802741042,0.0729384196042619,0.792271677833844,0.99988016650531
"ENSG00000249249",0.111349098688803,1.84329749146768,0.0729181733613139,0.792300582534582,0.99988016650531
"ENSG00000165915",-0.0510512573395944,4.84438350942925,0.0729048902413832,0.792317521632216,0.99988016650531
"ENSG00000116922",0.0562851642662887,3.92659014837341,0.0728869940993327,0.792342417358531,0.99988016650531
"ENSG00000296791",-0.209441945752065,0.295028592925953,0.0729028006011697,0.792342832252717,0.99988016650531
"ENSG00000163636",-0.0403585598719787,5.57993177392816,0.0728610805108693,0.792378253036923,0.99988016650531
"ENSG00000196437",0.100507099712567,2.79813725292842,0.0728086624461006,0.792451523959493,0.99988016650531
"ENSG00000304514",-0.17263458943226,0.682227679878607,0.0727987124773593,0.792476425751211,0.99988016650531
"ENSG00000117425",0.129007489404976,1.51104093651423,0.0727720354204528,0.792504742086611,0.99988016650531
"ENSG00000131067",0.0784760716603299,3.19889143681164,0.0727595879709169,0.792519363233028,0.99988016650531
"ENSG00000163029",0.0566027354975753,5.20813942528447,0.0727139924783756,0.79258244864406,0.99988016650531
"ENSG00000154359",0.0468158287042611,4.7207871756044,0.0726882183151557,0.792618311343597,0.99988016650531
"ENSG00000164741",-0.134106778965108,1.17456932741269,0.072513663982668,0.792865737463089,0.99988016650531
"ENSG00000165238",-0.142750194450017,2.40889315216966,0.0724135105597699,0.793000959383202,0.99988016650531
"ENSG00000126603",-0.24320461857319,0.548988461801686,0.072401604270809,0.793031018596965,0.99988016650531
"ENSG00000291194",0.14541717108954,0.900065351083361,0.0723832995324305,0.7930486728094,0.99988016650531
"ENSG00000147437",-0.201529198192779,0.274739442572073,0.0723517804371622,0.793119074418586,0.99988016650531
"ENSG00000128191",-0.0488221363669581,4.18007483032244,0.0723122580013492,0.793141375831663,0.99988016650531
"ENSG00000198783",0.0480043531489947,4.2936261719031,0.07227403432476,0.793194624700564,0.99988016650531
"ENSG00000119979",-0.0489008918996806,5.81894783742687,0.0721861971961575,0.793316985867879,0.99988016650531
"ENSG00000293222",-0.097089547059919,1.89900417035447,0.0721804230964053,0.793326353208512,0.99988016650531
"ENSG00000288696",-0.172407085547589,0.54428106354488,0.0721795410062759,0.793351847516152,0.99988016650531
"ENSG00000166928",-0.0678254066170914,4.73460261112,0.0721487911545891,0.793369198206379,0.99988016650531
"ENSG00000169026",-0.158799257704028,0.724496786697546,0.0721336809441933,0.793402867035966,0.99988016650531
"ENSG00000254806",0.206259553065251,0.593476833597881,0.0720984101856094,0.793450507812684,0.99988016650531
"ENSG00000283445",-0.115746536660448,2.40347648599942,0.0720837583159971,0.793460623046066,0.99988016650531
"ENSG00000156239",0.0820528820746706,2.51372188596453,0.0720579203504811,0.793496494888165,0.99988016650531
"ENSG00000307789",0.113625358648314,2.29397445598889,0.0720491007250716,0.793508988857939,0.99988016650531
"ENSG00000055118",-0.0830905948528397,2.36918752198566,0.0719884160402886,0.793593589588078,0.99988016650531
"ENSG00000213979",-0.115861307377681,1.15976179697019,0.0719763920306618,0.793615183025328,0.99988016650531
"ENSG00000220583",-0.061093604622697,3.80740300223963,0.0719624935914444,0.793629343450713,0.99988016650531
"ENSG00000165275",-0.0429135665791339,4.7965001831367,0.0719509214806132,0.793645419879425,0.99988016650531
"ENSG00000139211",0.13461032905309,1.50123264935801,0.0719170775331356,0.793694698076956,0.99988016650531
"ENSG00000167604",0.0481000288120757,4.40352355593268,0.0719097081487731,0.793703015846323,0.99988016650531
"ENSG00000204382",-0.0586238097260726,9.16653720970024,0.0718602278707157,0.793772086752574,0.99988016650531
"ENSG00000273812",-0.217804591362306,0.4183123332091,0.0718600818716571,0.793795499489524,0.99988016650531
"ENSG00000112640",-0.0555564329008835,4.06324749831983,0.0718318071358353,0.793811920892373,0.99988016650531
"ENSG00000185305",-0.0506311021178487,7.01668239293442,0.0717075647268699,0.793985611920043,0.99988016650531
"ENSG00000253706",-0.150613146675052,0.597590930278683,0.0716865078201428,0.794030793301826,0.99988016650531
"ENSG00000076067",0.0537640380854358,4.54464986814894,0.0716494569991133,0.794067027338824,0.99988016650531
"ENSG00000270011",-0.106710669565283,2.10107551219863,0.0715748478789007,0.794172431677527,0.99988016650531
"ENSG00000151923",0.0389018485177946,6.55634614396989,0.0715677921700317,0.79418132252231,0.99988016650531
"ENSG00000049860",-0.0504843973829217,6.87071353284558,0.0715469884194003,0.79421046911788,0.99988016650531
"ENSG00000067955",0.0407820172572445,6.71765927531302,0.0715241277664654,0.794242503566318,0.99988016650531
"ENSG00000073584",0.109857835081903,1.09716014582344,0.0714989735059878,0.794282258497761,0.99988016650531
"ENSG00000144909",-0.0509183628929389,4.45774927618993,0.0714932938337911,0.79428579605958,0.99988016650531
"ENSG00000284773",0.146723384440888,1.05868232009916,0.0714569015539749,0.794341442839568,0.99988016650531
"ENSG00000230806",-0.0613713817863237,4.98836867818966,0.0714090708143359,0.794403851872647,0.99988016650531
"ENSG00000251209",0.0744341598052356,3.84567171378147,0.0713762969956352,0.794449927902142,0.99988016650531
"ENSG00000156467",-0.0477059165782648,9.18425171232357,0.0713630345224355,0.794468395674608,0.99988016650531
"ENSG00000120159",-0.0494268348780516,5.29509892134373,0.0713409067625766,0.794499453835612,0.99988016650531
"ENSG00000259002",-0.148636564515427,0.36513898993606,0.0713317958782046,0.794530265576869,0.99988016650531
"ENSG00000129518",-0.0450236979477292,5.16540223085945,0.0713104928315556,0.794542141553358,0.99988016650531
"ENSG00000091490",-0.0567042913996081,4.3687872607984,0.0712547019679104,0.794620547942988,0.99988016650531
"ENSG00000177694",0.0591109335191442,5.38230326273572,0.0712027581420833,0.79469342606703,0.99988016650531
"ENSG00000308497",0.19163089024378,0.291724019545812,0.0711472892845521,0.794797089944039,0.99988016650531
"ENSG00000169413",-0.0660247015971883,3.53214987554482,0.071109056286069,0.794825261327732,0.99988016650531
"ENSG00000243819",-0.178693947157335,-0.045166109859552,0.0711116084329935,0.794856571885659,0.99988016650531
"ENSG00000278771",-0.11464790996262,1.67205701293196,0.071060869243358,0.794894610228389,0.99988016650531
"ENSG00000197483",0.0887039167666225,2.56283583856872,0.0710513892364007,0.79490673739488,0.99988016650531
"ENSG00000163467",0.123840156260487,1.78352168820739,0.0710323888858901,0.794934354008907,0.99988016650531
"ENSG00000110955",-0.0445634181522094,8.1430587819101,0.0710102086690808,0.794964107976581,0.99988016650531
"ENSG00000229809",-0.127202694036984,2.76643366278037,0.0709590051645045,0.795036563850055,0.99988016650531
"ENSG00000306654",0.237354360567867,0.0168291310694847,0.070929651136286,0.795050180299995,0.99988016650531
"ENSG00000145495",-0.0371311560078799,6.65223951583079,0.0709419676102811,0.795060139115121,0.99988016650531
"ENSG00000167491",-0.0384263320006991,6.82060837696147,0.0708445233555721,0.795197350511628,0.99988016650531
"ENSG00000132952",0.0569821647105008,4.82133185366146,0.0707513668696119,0.795328683937194,0.99988016650531
"ENSG00000114062",-0.04400884682694,6.48225364260398,0.0707336831439543,0.795353549265291,0.99988016650531
"ENSG00000295852",-0.1515608978563,0.436260333235833,0.0705818612031126,0.795587740348277,0.99988016650531
"ENSG00000175315",-0.191877715151242,0.37503586578789,0.0705794492179589,0.795592411919342,0.99988016650531
"ENSG00000178295",0.0654993171358263,4.20695917716257,0.070539514171216,0.795627586094207,0.99988016650531
"ENSG00000120156",0.218150279453497,0.449555037030377,0.0704567209256469,0.795767861597944,0.99988016650531
"ENSG00000080986",0.0589272163071688,3.88885766760415,0.0704345490298609,0.795775883151108,0.99988016650531
"ENSG00000255435",0.204259884670886,1.47480235364254,0.0704072581930081,0.795817730782409,0.99988016650531
"ENSG00000203780",0.198880378286676,0.048197631928729,0.0704298900924148,0.795826011951879,0.99988016650531
"ENSG00000134684",-0.0380000326438365,6.22605008521137,0.070373142084629,0.795862544964263,0.99988016650531
"ENSG00000140395",0.0432976900643049,5.45036391004762,0.0703553241663334,0.795887740489936,0.99988016650531
"ENSG00000102962",-0.0696956770366161,5.12774204005141,0.0702478110244252,0.796039817038078,0.99988016650531
"ENSG00000232593",-0.0635908045924299,4.10245467305453,0.0702384249234972,0.79605319137362,0.99988016650531
"ENSG00000164853",0.225816498885441,0.400482576273025,0.0702217230985398,0.796102636297176,0.99988016650531
"ENSG00000105677",0.0519819728118242,6.21041150454255,0.0701899889204111,0.796121649933175,0.99988016650531
"ENSG00000073282",-0.0972801273056828,2.00436520955693,0.0701455062900078,0.79618566756303,0.99988016650531
"ENSG00000291132",0.118385809233443,2.61025690266571,0.0701351078564509,0.79619992368083,0.99988016650531
"ENSG00000166337",-0.125624915486591,1.32258463581689,0.0701326269266387,0.796205890285486,0.99988016650531
"ENSG00000296380",0.0708257405480872,2.69283474396172,0.0701084816983734,0.79623751427325,0.99988016650531
"ENSG00000170949",0.0578537416099355,4.0422836949904,0.0699861725793077,0.796410510521245,0.99988016650531
"ENSG00000300956",-0.233210310628656,0.0944767744281794,0.0700084917894982,0.796422852365024,0.99988016650531
"ENSG00000111530",-0.0385624640524677,5.89803577459725,0.0699703206262201,0.796432893587615,0.99988016650531
"ENSG00000185386",-0.128862115782035,1.5423829235358,0.0698693478001835,0.796578094385612,0.99988016650531
"ENSG00000166471",-0.0471336124923679,5.08802097548253,0.0698568511220402,0.796593884411156,0.99988016650531
"ENSG00000010539",-0.0495675023005246,4.33101137796344,0.0698285620550901,0.796634109191932,0.99988016650531
"ENSG00000090857",-0.0569771596672842,4.64657048275032,0.0698023828934874,0.796671267146378,0.99988016650531
"ENSG00000261435",0.129197265717277,3.35492330346464,0.0698002253159326,0.79667448022898,0.99988016650531
"ENSG00000196460",0.058688651350418,4.99326698809915,0.0697771887657236,0.796707002377188,0.99988016650531
"ENSG00000146872",-0.044577033253522,6.28590491866726,0.0697636555392144,0.796726191151807,0.99988016650531
"ENSG00000121064",0.0798249150531238,4.63426473622104,0.0697579532169313,0.796734364936003,0.99988016650531
"ENSG00000156639",-0.0434611775577705,8.81883458631041,0.0697444635990404,0.79675345031968,0.99988016650531
"ENSG00000154518",0.0441456139407999,9.11474488499237,0.0697042642545142,0.796810563945849,0.99988016650531
"ENSG00000145623",-0.102487661130277,2.15121296957999,0.0696937728549756,0.796826424463443,0.99988016650531
"ENSG00000251230",0.271373921527513,-0.0418641252351871,0.0697008607545806,0.796859835794068,0.99988016650531
"ENSG00000163659",-0.0418237867213469,5.81061798061887,0.0696074884889015,0.796948135139111,0.99988016650531
"ENSG00000243156",0.0557692992819045,4.6420917165355,0.0694829167711539,0.797125431759323,0.99988016650531
"ENSG00000301406",-0.191070961960432,0.337643524039045,0.0694876879686564,0.797143745017197,0.99988016650531
"ENSG00000230629",-0.0424452504332111,7.90162527927815,0.0693917561018648,0.797255168811682,0.99988016650531
"ENSG00000141337",-0.118117857579228,1.40464433278574,0.0693493817857845,0.797318513731466,0.99988016650531
"ENSG00000143190",0.0442206446279303,6.1124716964808,0.0693425518922001,0.797325271730149,0.99988016650531
"ENSG00000168061",0.0531540086275963,4.54556511279391,0.0693412049680932,0.797327271499815,0.99988016650531
"ENSG00000153993",0.168226883150308,0.86765707790908,0.0693049207969535,0.797387939779325,0.99988016650531
"ENSG00000115966",0.0383892459949086,5.54866751098292,0.0692975494453566,0.797389412602558,0.99988016650531
"ENSG00000152128",-0.0964412129577882,2.21136184091366,0.0692745224132625,0.797422991686492,0.99988016650531
"ENSG00000155545",-0.0591486539276504,3.53690320441931,0.0692187888877466,0.797501885504821,0.99988016650531
"ENSG00000247708",0.0778817144864197,2.8957694088268,0.0692177167114528,0.797503564743372,0.99988016650531
"ENSG00000288033",-0.109853924877176,1.73480234696279,0.0691738345488523,0.797567353947023,0.99988016650531
"ENSG00000197535",-0.0425959355109092,5.62273966746132,0.0691153498701811,0.797649313719263,0.99988016650531
"ENSG00000157734",0.161517161863205,1.27215170658994,0.0690796305447019,0.797710699186893,0.99988016650531
"ENSG00000168427",0.279495076902707,0.308490577451888,0.0690906647364435,0.797719625890563,0.99988016650531
"ENSG00000184500",0.0647787455151041,4.22986227122467,0.0690352953455446,0.797763716790684,0.99988016650531
"ENSG00000155016",-0.109770224539709,2.15572201449735,0.0689099274825205,0.797943763518232,0.99988016650531
"ENSG00000166311",0.085337616954451,2.4554518007999,0.0687625880043127,0.798154137206043,0.99988016650531
"ENSG00000131725",-0.0452240127576308,4.56860590448872,0.0687366683300096,0.798190742260252,0.99988016650531
"ENSG00000204394",0.0462319186946739,6.26073228432494,0.0686998907741699,0.798243331260321,0.99988016650531
"ENSG00000260086",0.123475189231055,1.99278987204559,0.0686800054526581,0.798272852463111,0.99988016650531
"ENSG00000305113",0.120231642481297,2.64383478989698,0.0686374135947413,0.798333409102358,0.99988016650531
"ENSG00000196510",-0.0421166837268253,4.86452506733044,0.0686162215984313,0.798363252747117,0.99988016650531
"ENSG00000162585",-0.0557895412049362,5.15949756537063,0.0686128918071822,0.798367983480158,0.99988016650531
"ENSG00000131748",0.0517462158074703,4.5131072347691,0.0686041679907125,0.798380546532818,0.99988016650531
"ENSG00000242732",-0.124070989759323,1.69194809810581,0.0685384756951616,0.79847611291829,0.99988016650531
"ENSG00000269743",-0.0786728176705386,3.28750088136577,0.0685279381663506,0.79848997395844,0.99988016650531
"ENSG00000067646",-0.0731140285001948,4.7366608953464,0.0684895608232857,0.798544859945865,0.99988016650531
"ENSG00000174177",0.0472533440873676,4.57690819182329,0.068421617912075,0.798642358823466,0.99988016650531
"ENSG00000142453",-0.0439010031329593,5.28931284697193,0.0684128323098454,0.798654899322945,0.99988016650531
"ENSG00000286626",0.264256018963317,0.95856804222739,0.0683919866213995,0.798698482436281,0.99988016650531
"ENSG00000065518",-0.0572150652414042,7.7079357744833,0.0683567684523804,0.798735379951551,0.99988016650531
"ENSG00000129636",0.0482295706538528,6.6646496889754,0.0682653632907076,0.798866682951731,0.99988016650531
"ENSG00000127914",-0.0510057348397261,6.98033303353784,0.0681670638299312,0.799007993681447,0.99988016650531
"ENSG00000186230",-0.162739596848141,0.513131028537033,0.0681496969471596,0.799049476865959,0.99988016650531
"ENSG00000151092",0.0449705636826003,4.95192616043257,0.0680664910301825,0.799152733372882,0.99988016650531
"ENSG00000154930",0.0930080588207473,2.1680876809261,0.068050950193141,0.799176200780644,0.99988016650531
"ENSG00000066697",-0.109050338114892,1.64025141858451,0.0680419440015513,0.799189636663306,0.99988016650531
"ENSG00000162881",-0.118336965054242,1.557472331675,0.0679999938568161,0.799250319067533,0.99988016650531
"ENSG00000244604",0.12813768563633,0.619717173674571,0.0679785074171501,0.799291119784399,0.99988016650531
"ENSG00000112304",-0.0572743364017519,5.53235946762626,0.0679450165295626,0.799327607229256,0.99988016650531
"ENSG00000128694",0.0617022196492441,3.49407159462341,0.067932913375961,0.799345229441789,0.99988016650531
"ENSG00000223813",-0.10435163476262,2.14685946587909,0.0678992801875136,0.799394493327353,0.99988016650531
"ENSG00000299322",-0.132932307756093,1.42060176331862,0.0678944325254957,0.799406209046216,0.99988016650531
"ENSG00000105048",0.0867232450482795,6.16292775782669,0.0678263563822816,0.799498630810011,0.99988016650531
"ENSG00000184574",0.184560004465938,1.53459026662035,0.0678134412568843,0.799520157591076,0.99988016650531
"ENSG00000126858",-0.0372585856683486,6.0646028109527,0.0677824287861862,0.799561984930301,0.99988016650531
"ENSG00000183597",0.0528621879611119,4.79448058788432,0.0677073173659807,0.799670426888481,0.99988016650531
"ENSG00000149292",-0.122635325838445,1.47952360569383,0.0676836838849003,0.799707454123578,0.99988016650531
"ENSG00000127920",0.123694108702185,1.73443439224469,0.0676705384437924,0.799725137988988,0.99988016650531
"ENSG00000139726",0.0374284461592296,5.82905869841481,0.0676586030443008,0.79974069115363,0.99988016650531
"ENSG00000163428",-0.0473503438880863,5.81587751636393,0.0676502893721648,0.799752695962966,0.99988016650531
"ENSG00000169629",0.0569920146518358,3.56029152540917,0.0675232244490481,0.799936425097949,0.99988016650531
"ENSG00000082258",-0.0608249889061588,5.4198203661105,0.067466922257361,0.800017673493445,0.99988016650531
"ENSG00000204231",-0.0664668498163054,4.51094441728496,0.0674371084035877,0.800060866328882,0.99988016650531
"ENSG00000144426",0.0479082173921275,4.94681042103698,0.0674363883673204,0.800061845223581,0.99988016650531
"ENSG00000085978",0.0498029028661578,4.27141570100204,0.0673982926483452,0.800117025534844,0.99988016650531
"ENSG00000228696",-0.0402526909845488,5.85271463633136,0.0673307847049236,0.800214646907924,0.99988016650531
"ENSG00000160439",0.100042580132193,1.70138700984768,0.0672808973659828,0.800288416323757,0.99988016650531
"ENSG00000105497",-0.0741853732002021,2.7886165307642,0.06725862999073,0.800319540396864,0.99988016650531
"ENSG00000160271",0.0531218708782821,4.16707455403396,0.0672196268176351,0.80037572617888,0.99988016650531
"ENSG00000227953",0.155472305604081,1.68229548477291,0.0671707190483647,0.800448296258162,0.99988016650531
"ENSG00000175581",-0.0483784158848703,4.52251062922218,0.0671276170161802,0.800509082987525,0.99988016650531
"ENSG00000007129",0.202209733630537,1.27653749524879,0.0670849691051244,0.800573693017452,0.99988016650531
"ENSG00000228350",0.178409235762081,-0.023908608747638,0.0670987048235776,0.800583546731963,0.99988016650531
"ENSG00000266074",-0.0419877117948529,5.67431217308537,0.0670211995874097,0.800663381506407,0.99988016650531
"ENSG00000269243",0.0501450020329595,4.88587939996229,0.0669796546055421,0.800723754193315,0.99988016650531
"ENSG00000182240",-0.132463736778581,0.739279652088178,0.0669304059071956,0.800808954609724,0.99988016650531
"ENSG00000095066",-0.0605125670729805,4.06066462458406,0.0668701499350356,0.800882817519221,0.99988016650531
"ENSG00000075043",0.136906646361421,0.187468043537753,0.066883054865186,0.800907935830709,0.99988016650531
"ENSG00000233558",0.185806755082284,0.124313353510478,0.066842393368684,0.800954349868951,0.99988016650531
"ENSG00000271966",0.128220746182768,1.09355773588721,0.0667877734909284,0.801006451420377,0.99988016650531
"ENSG00000167904",-0.0471266893024896,4.64973552687328,0.0666855006134831,0.801151287026977,0.99988016650531
"ENSG00000132879",0.0947095250211361,3.53654614262327,0.0666795688037053,0.801160007721047,0.99988016650531
"ENSG00000166454",0.0466815286691669,4.73001207114739,0.0666678644356145,0.801176950263238,0.99988016650531
"ENSG00000285868",0.229036222575669,-0.365404483464192,0.0662767226555262,0.801191344358955,0.99988016650531
"ENSG00000303748",0.210312906357175,-0.0682516505675477,0.066603012298557,0.801309480554852,0.99988016650531
"ENSG00000236700",-0.118178194807794,2.37273407348529,0.0665731759056945,0.801315417120485,0.99988016650531
"ENSG00000204379",-0.0564665416017525,9.16514477723199,0.0665245464761623,0.801385587063531,0.99988016650531
"ENSG00000196152",0.0911757991596615,6.26193778056649,0.0665120898393874,0.801403740097578,0.99988016650531
"ENSG00000295520",-0.105443948943172,1.49179597215552,0.066476418802493,0.801457880510522,0.99988016650531
"ENSG00000230613",-0.184112766640677,0.923547649728528,0.0664255822499109,0.801540428665009,0.99988016650531
"ENSG00000179938",0.0851820900411792,2.72739567716746,0.0663920796290386,0.80157924549422,0.99988016650531
"ENSG00000272666",-0.141750016392614,0.590294819833308,0.0663885860413236,0.801597420285709,0.99988016650531
"ENSG00000234545",0.0448738826791949,5.79656974555047,0.0663754636849114,0.801602943997147,0.99988016650531
"ENSG00000048707",0.0437555872755498,5.52224385915729,0.0663251223521135,0.801676399117396,0.99988016650531
"ENSG00000164715",0.0680288800813472,3.302256616846,0.066271338669201,0.801755122150543,0.99988016650531
"ENSG00000113649",0.0415980472179344,7.25274852358111,0.066203749937751,0.80185361301134,0.99988016650531
"ENSG00000147676",0.152337977869488,1.16427298810641,0.0661675895720539,0.801910934450872,0.99988016650531
"ENSG00000310113",-0.0507734786193177,4.51268692878572,0.0661640633300378,0.801911674694646,0.99988016650531
"ENSG00000196998",0.0858536384235562,2.81691111277689,0.0661281548521554,0.801964427253064,0.99988016650531
"ENSG00000288880",0.0985192511896091,2.06866427138854,0.0661278164705098,0.801965461305605,0.99988016650531
"ENSG00000182557",0.161755980637563,1.91859663655756,0.0661031649020707,0.802004042826932,0.99988016650531
"ENSG00000148985",-0.0517233645688316,4.8571988185605,0.0660781403576782,0.80203726098425,0.99988016650531
"ENSG00000160888",0.051197363854168,5.4609481671673,0.0659410044674259,0.802237856233524,0.99988016650531
"ENSG00000177830",-0.0431533837112106,5.17271674275325,0.0659274723931091,0.802257681878033,0.99988016650531
"ENSG00000108395",0.0532320746468052,4.18462219985558,0.0659198672406536,0.802268884743659,0.99988016650531
"ENSG00000205269",0.0623677167114563,4.21228035407901,0.0659079537472496,0.802286333171921,0.99988016650531
"ENSG00000184117",0.0969987880513917,3.41562685626723,0.0658934061584226,0.802307733007159,0.99988016650531
"ENSG00000106344",-0.0408948472250213,5.22190997087445,0.0657841364320065,0.8024676534276,0.99988016650531
"ENSG00000294020",-0.148597223575923,0.699246049865924,0.065715689979398,0.802575734625128,0.99988016650531
"ENSG00000173706",-0.0531713573867753,3.82039103946447,0.0656919925342032,0.80260288334373,0.99988016650531
"ENSG00000291068",0.0673063482201778,3.24056319807403,0.0655806573438957,0.802766377647804,0.99988016650531
"ENSG00000082397",-0.0559661442184052,5.86496171274494,0.0655718412285825,0.802779105622229,0.99988016650531
"ENSG00000267493",-0.141972820963589,1.19998488803638,0.0655589993359553,0.802801625226055,0.99988016650531
"ENSG00000263272",0.0747117317475969,2.66725108925791,0.0655523566244463,0.80280817062341,0.99988016650531
"ENSG00000197386",0.0496531638549072,6.15814892463254,0.0655452709147468,0.802818124094281,0.99988016650531
"ENSG00000074266",-0.0457826820876364,4.82698937789101,0.0655057056677871,0.80287630829206,0.99988016650531
"ENSG00000279232",0.134385555860427,0.888346221321595,0.0654474722231687,0.802966985353184,0.99988016650531
"ENSG00000255745",0.0917864400571649,1.81583443118792,0.065424164750949,0.802997277315109,0.99988016650531
"ENSG00000152795",0.0396768665584633,8.35961990860369,0.0654014876895102,0.803029418760822,0.99988016650531
"ENSG00000160209",-0.0369368323657425,7.36609998217209,0.0653868906738623,0.803050883991447,0.99988016650531
"ENSG00000138430",0.0404519440553578,7.84497660945506,0.0653329270787381,0.803130259684214,0.99988016650531
"ENSG00000243055",0.177795349380281,0.866116616311714,0.065334860539573,0.803136223513267,0.99988016650531
"ENSG00000134987",-0.0438211312587075,5.61247996869819,0.0653064517435688,0.803169220206456,0.99988016650531
"ENSG00000148358",-0.0384865161414474,5.29389225057441,0.0652490051041729,0.803253778252833,0.99988016650531
"ENSG00000110723",-0.130259845676385,0.998293019150982,0.0652262575889711,0.803292553641616,0.99988016650531
"ENSG00000163104",0.0378704088081285,5.35948721090048,0.0651904433291306,0.803340016365713,0.99988016650531
"ENSG00000123066",-0.0397429774430806,8.20177226786449,0.0651295452965326,0.803429732904075,0.99988016650531
"ENSG00000303750",0.131739306294718,0.751100534442058,0.0650810916261251,0.803512286382614,0.99988016650531
"ENSG00000126091",0.0805603310965848,2.75449176679564,0.0650042097927305,0.803615199383211,0.99988016650531
"ENSG00000299543",-0.0782302969966032,2.56384240237664,0.0649828313953759,0.803646596361429,0.99988016650531
"ENSG00000090266",0.0445571530181815,6.90448812860607,0.064870223798405,0.803812303610584,0.99988016650531
"ENSG00000257551",0.0843293459864492,2.68196063519374,0.064827464920961,0.803875843324244,0.99988016650531
"ENSG00000128573",-0.0522621239181429,8.24833203627905,0.0647935261502131,0.803925609598724,0.99988016650531
"ENSG00000304998",-0.168741015508782,-0.00577475442062496,0.0647794631259404,0.803994855741639,0.99988016650531
"ENSG00000163803",-0.051903858290891,5.43324318382093,0.0646851701304041,0.804085816263841,0.99988016650531
"ENSG00000228124",-0.0868057512251406,2.68829727034642,0.0645643108016442,0.804265084560848,0.99988016650531
"ENSG00000253230",0.180079304788341,1.22957753021187,0.0645407894329926,0.804302497191125,0.99988016650531
"ENSG00000005889",0.0440526548433257,5.47475474741822,0.0644875338232339,0.804378378632629,0.99988016650531
"ENSG00000235703",-0.0660974727712808,4.02683831357372,0.0644453225635799,0.804441014955544,0.99988016650531
"ENSG00000151466",-0.0616874585655086,6.94187054695894,0.0644278046399393,0.804466886578901,0.99988016650531
"ENSG00000168291",0.0467901485313337,4.76981855557771,0.0643480591384125,0.804585199384529,0.99988016650531
"ENSG00000215841",0.156559392526483,0.97851153707615,0.0643479330028454,0.804594895516095,0.99988016650531
"ENSG00000287110",0.146024607532825,0.927233753251615,0.0642938810120458,0.804670673954829,0.99988016650531
"ENSG00000104365",0.0400676798765944,6.12417741006014,0.0642751907515475,0.804693246243428,0.99988016650531
"ENSG00000169981",0.0888864147928381,2.45664539176066,0.0642331779102648,0.804756203419224,0.99988016650531
"ENSG00000305592",0.160084849575207,0.703027398299931,0.0642375381650387,0.80475861976191,0.99988016650531
"ENSG00000179603",0.155664020755945,0.808048999153703,0.0642344744081366,0.804761137124279,0.99988016650531
"ENSG00000122512",-0.0655202051313001,3.52695496727361,0.0642254714599874,0.804767214408495,0.99988016650531
"ENSG00000286848",0.268171325785966,0.88016598055032,0.0641573107840773,0.80487601473248,0.99988016650531
"ENSG00000184156",-0.0573697955297659,8.8006131060807,0.0641393455121736,0.804894972952467,0.99988016650531
"ENSG00000234608",-0.0811607611228819,2.99045130534179,0.0640809975298443,0.804982012673237,0.99988016650531
"ENSG00000164404",-0.152220354027104,0.338717133338009,0.0640318202445733,0.805083883029149,0.99988016650531
"ENSG00000183154",0.145426482692972,0.309112735205379,0.0640119358852651,0.805110671650364,0.99988016650531
"ENSG00000197170",-0.0357560512928513,6.16777880252071,0.0639814443728533,0.805129744060984,0.99988016650531
"ENSG00000145390",-0.0786300059807971,4.32835644280676,0.0639692674299191,0.805147937910615,0.99988016650531
"ENSG00000298905",0.136556739495637,1.3369464376478,0.0639537602481983,0.805173600323769,0.99988016650531
"ENSG00000260135",-0.0754938672832475,5.00666354057994,0.0639100699016564,0.805235973214992,0.99988016650531
"ENSG00000155463",0.0457099061177267,5.66885036229394,0.0639038079709412,0.80524529084741,0.99988016650531
"ENSG00000115286",0.0521785047101307,6.32729218342241,0.0639001428924953,0.80525074450225,0.99988016650531
"ENSG00000223695",0.155656600996435,3.57662810903151,0.0638870391147868,0.805270405810021,0.99988016650531
"ENSG00000114867",-0.0411896847917941,7.78917891285726,0.0638557829003521,0.805316798362327,0.99988016650531
"ENSG00000133055",0.121399398145969,1.10984739462896,0.0638481561954871,0.80533220401592,0.99988016650531
"ENSG00000170289",-0.167889308944491,0.876331816473707,0.0638295251939003,0.805367514448409,0.99988016650531
"ENSG00000197077",0.159354599078172,0.495771415928546,0.063830614704387,0.805368308811223,0.99988016650531
"ENSG00000198646",0.0443014953381411,5.53455380083114,0.063800189666866,0.805399620419381,0.99988016650531
"ENSG00000246851",-0.163864665279579,0.624615594180127,0.0637541482683563,0.80548239380895,0.99988016650531
"ENSG00000138081",-0.0436480782246474,7.60072864990714,0.063740029210648,0.805489280438826,0.99988016650531
"ENSG00000125779",-0.0426764808456138,5.09294827938779,0.0636779525109305,0.805581867220461,0.99988016650531
"ENSG00000130270",0.0856665820712857,3.56986073984827,0.0635847975639697,0.805721096774504,0.99988016650531
"ENSG00000163577",0.0539458427309352,3.87960084354861,0.0635782032783972,0.805730810691636,0.99988016650531
"ENSG00000196553",-0.142190810993333,0.682950648042266,0.0635473603556503,0.805786959402834,0.99988016650531
"ENSG00000247728",0.0598037582393417,3.92829660192858,0.0634664428643896,0.805897752475152,0.99988016650531
"ENSG00000137970",0.0443420302278257,7.82080711524369,0.0634251319117538,0.805959351175467,0.99988016650531
"ENSG00000290046",-0.12535823441782,0.80097838731143,0.0634191014226522,0.805975864429712,0.99988016650531
"ENSG00000131037",0.116150217837161,2.04291896124558,0.0633763506182715,0.806033388737509,0.99988016650531
"ENSG00000004142",-0.039574230531569,5.78867265392512,0.0632968264218206,0.806151243733641,0.99988016650531
"ENSG00000100473",-0.0470083905161942,4.36883240016969,0.0632807086909738,0.806175438159604,0.99988016650531
"ENSG00000040531",0.0809429383427512,2.70925845785865,0.0632174745046698,0.806270438890819,0.99988016650531
"ENSG00000138138",0.036749538983648,5.65014588716217,0.0631946547537963,0.806304196945715,0.99988016650531
"ENSG00000227227",-0.107603697595131,1.49324555983516,0.0631734882001447,0.806338218969294,0.99988016650531
"ENSG00000072657",0.0371174743218113,5.87826970089216,0.0631344898641029,0.806394325805511,0.99988016650531
"ENSG00000110871",0.0552622520254547,4.24057050564741,0.0631166269872641,0.806421177350384,0.99988016650531
"ENSG00000254409",-0.143451914309518,0.642537973617449,0.0631193890303105,0.806427200130168,0.99988016650531
"ENSG00000031691",0.0596736256527901,3.57878546903456,0.0630752937459153,0.806483225384356,0.99988016650531
"ENSG00000198624",-0.0603830682122307,4.31210262201036,0.0629341975161005,0.806694779556868,0.99988016650531
"ENSG00000055609",-0.0411766896502893,7.76339169154419,0.0628445098468245,0.806829370711876,0.99988016650531
"ENSG00000155304",-0.0516368047869693,4.20769127680289,0.0627990484434266,0.806897758283748,0.99988016650531
"ENSG00000287626",-0.110466030899113,0.852740205373505,0.0627523539172822,0.80697410586368,0.99988016650531
"ENSG00000287299",0.107205608720523,2.54893920179256,0.0627460720617824,0.806977823597387,0.99988016650531
"ENSG00000166451",0.0489086270689497,3.8777649019258,0.0627166178860062,0.80702171598213,0.99988016650531
"ENSG00000261573",0.123809614744853,2.65140800042007,0.0626873022552517,0.807066182230351,0.99988016650531
"ENSG00000119403",-0.0398750827054497,5.48546395148143,0.0626647135717637,0.807099658318776,0.99988016650531
"ENSG00000055147",0.0526458101257918,3.61676694103547,0.062657274940435,0.807110997032264,0.99988016650531
"ENSG00000310067",-0.149665519957062,1.74124356922147,0.062617772343982,0.807171953658166,0.99988016650531
"ENSG00000164241",-0.0718938397217809,2.70117998709126,0.0625803084523645,0.807227159318121,0.99988016650531
"ENSG00000130382",-0.0472566226761165,5.36040243068452,0.0624952894573386,0.807354728233946,0.99988016650531
"ENSG00000186280",-0.158786602544894,0.335958790818266,0.0624102995814384,0.807501361627233,0.99988016650531
"ENSG00000230379",0.0756952125843037,3.38476918982782,0.0623805928651023,0.807527788780229,0.99988016650531
"ENSG00000185721",0.0361742073749991,5.70072911121626,0.0623669712090775,0.8075481548003,0.99988016650531
"ENSG00000160781",0.12283740401777,1.82689169838196,0.0623556344810048,0.807566380303508,0.99988016650531
"ENSG00000185811",-0.0432855672594397,7.3352922860606,0.062336195370916,0.807594574588156,0.99988016650531
"ENSG00000257319",0.175036029314948,0.528337500740945,0.0623290461215601,0.807623117341624,0.99988016650531
"ENSG00000172292",-0.0507810668168229,8.18299341217656,0.0622730920977441,0.807689800528239,0.99988016650531
"ENSG00000274769",-0.132881706299355,1.18449017018602,0.0622653713405085,0.807705750696114,0.99988016650531
"ENSG00000163472",0.0897504009660899,2.22550689293042,0.0622577548507443,0.807713738435425,0.99988016650531
"ENSG00000182134",0.0939714150260766,1.59855242026287,0.0622294778535655,0.807757800480307,0.99988016650531
"ENSG00000131653",0.0522065029061863,5.82168897964522,0.062227499609172,0.807758637636498,0.99988016650531
"ENSG00000186834",0.0430395843090255,5.0218329454881,0.062196669770925,0.807805217239542,0.99988016650531
"ENSG00000198087",0.0390671269552414,5.40736380824262,0.0621642661853579,0.80785415134508,0.99988016650531
"ENSG00000112234",0.0426451238238355,4.6590177337927,0.0620746148939218,0.807989718912471,0.99988016650531
"ENSG00000231028",-0.12968574100549,1.24229974497115,0.0620382946598781,0.808047624269814,0.99988016650531
"ENSG00000079257",0.184698696376082,0.469608220438979,0.0619392868876763,0.808215495241035,0.99988016650531
"ENSG00000178150",0.109461369131262,1.6100306053238,0.0619035678678002,0.808250818540739,0.99988016650531
"ENSG00000165792",-0.0402190747156347,5.2371326153641,0.0618542570116385,0.808323163411564,0.99988016650531
"ENSG00000197756",-0.0506298635706009,10.4814530729745,0.0618215350250113,0.808372732467858,0.99988016650531
"ENSG00000079246",0.0375611679522808,7.75585778976334,0.0618012255753199,0.808403511050088,0.99988016650531
"ENSG00000205765",-0.0563562059905832,3.95933756619632,0.0617995607045899,0.808406138578451,0.99988016650531
"ENSG00000165983",0.0420703409913936,6.08455060632931,0.0617249197747542,0.808519200511486,0.99988016650531
"ENSG00000111684",0.0555987047584146,3.7762983550959,0.0617123671316647,0.808538376000985,0.99988016650531
"ENSG00000096872",-0.0595153419773752,4.66093078774547,0.061702020029099,0.808554002130079,0.99988016650531
"ENSG00000166833",0.130372618775886,1.20627111577283,0.0616668614562464,0.808610854775595,0.99988016650531
"ENSG00000130304",0.112363558772452,3.83587458075277,0.0616317173062868,0.808660730126953,0.99988016650531
"ENSG00000130653",-0.0827724439149581,1.9455749508688,0.0615999319310441,0.808710100942811,0.99988016650531
"ENSG00000180089",-0.136298796160756,1.01246448035502,0.0615247491703867,0.808828986501311,0.99988016650531
"ENSG00000170881",0.0553493429849659,3.95367711918313,0.0615024983577854,0.808856961448164,0.99988016650531
"ENSG00000196295",0.0469306050286362,5.41901293070804,0.0614494278789833,0.808937514042863,0.99988016650531
"ENSG00000158092",0.0480751973695848,4.98856126270828,0.0614341624816423,0.808960732502318,0.99988016650531
"ENSG00000101752",-0.0398420449509078,6.35949723291301,0.0614102477248093,0.808997082631542,0.99988016650531
"ENSG00000298027",-0.163183348292501,0.0394030753606207,0.0614191130839736,0.809022895944425,0.99988016650531
"ENSG00000303368",0.050421049993747,4.22026887924125,0.0613919112807231,0.809025056261116,0.99988016650531
"ENSG00000197324",0.0525223419100105,5.97608735180002,0.0613857612079454,0.809034325191337,0.99988016650531
"ENSG00000303740",0.0794311645887456,3.49250212118651,0.0613856156879456,0.809034696106915,0.99988016650531
"ENSG00000116120",0.0449283761155003,5.55574440658981,0.0613807740777861,0.809041913700998,0.99988016650531
"ENSG00000203724",-0.0750225903282428,2.4948533066648,0.0612689386183684,0.809212686635007,0.99988016650531
"ENSG00000065883",0.0355562777888635,6.97442439772075,0.0612473181375084,0.809245031065499,0.99988016650531
"ENSG00000198455",-0.0939164096224598,2.02807672916075,0.0611614427399093,0.809376897051946,0.99988016650531
"ENSG00000229638",-0.0402770644153768,7.10166644065416,0.0611027405027257,0.809465346870788,0.99988016650531
"ENSG00000155034",0.0481668609106264,4.38339129295907,0.0610697049781522,0.80951580394822,0.99988016650531
"ENSG00000134825",-0.0498962449429716,8.31190360563924,0.0610669308787509,0.809519958081394,0.99988016650531
"ENSG00000214106",-0.0655770384437789,2.59080479099604,0.0610609697313897,0.809529468967614,0.99988016650531
"ENSG00000070778",-0.127651019019816,0.943555289854575,0.0610305199941088,0.80958169700746,0.99988016650531
"ENSG00000132196",-0.0698757216009164,3.05048469988134,0.0609644307520557,0.809676640495476,0.99988016650531
"ENSG00000225886",0.151049253412128,0.369989100253291,0.0609550224632912,0.809713757076082,0.99988016650531
"ENSG00000213398",-0.106987085782204,1.1360163583188,0.0609377997968931,0.809720266049526,0.99988016650531
"ENSG00000188994",-0.040828316385578,7.32915324870779,0.0609140070311466,0.809753368378988,0.99988016650531
"ENSG00000100142",-0.0454158851843847,6.3036695595515,0.0608786769475732,0.809807339167152,0.99988016650531
"ENSG00000303066",0.227025353545349,1.32971987410288,0.060811704062562,0.80991294597916,0.99988016650531
"ENSG00000233797",0.0505359770526841,3.98366306622877,0.0607974630518048,0.809931562446906,0.99988016650531
"ENSG00000123191",-0.151917660076569,0.669118764412628,0.0607988483928238,0.809940742874198,0.99988016650531
"ENSG00000276529",0.0858556984166377,2.31297712170868,0.060759210696273,0.809990620906597,0.99988016650531
"ENSG00000225057",-0.0446809696165265,4.90450915251478,0.0607328197660153,0.810030377388075,0.99988016650531
"ENSG00000248333",0.0483961740153703,6.18475303775337,0.0607252438621376,0.810041913356246,0.99988016650531
"ENSG00000001036",-0.0452277493566623,6.10190027572406,0.0606366352205232,0.810177525990736,0.99988016650531
"ENSG00000248873",0.13743550319295,1.65272155929399,0.060496879360842,0.810393356108443,0.99988016650531
"ENSG00000226525",-0.114768215885095,0.862977201526975,0.0604797521203301,0.810426649753905,0.99988016650531
"ENSG00000107625",-0.0372610418803506,5.72727180099609,0.0604454549762013,0.810470481312006,0.99988016650531
"ENSG00000152217",0.081074291082925,2.63213357251682,0.0604450997895696,0.810471485088367,0.99988016650531
"ENSG00000239653",0.0885243121263551,2.3092126581836,0.0604010155237385,0.810539365521722,0.99988016650531
"ENSG00000189190",-0.0496606898348528,3.73005645819257,0.0603470393603691,0.810621613578886,0.99988016650531
"ENSG00000137266",-0.0902727226701628,1.74101221552675,0.0603397154838677,0.810634130793951,0.99988016650531
"ENSG00000165434",0.07628725498825,2.46589573542549,0.0603363800752042,0.810638421414595,0.99988016650531
"ENSG00000112893",0.0414041308437006,6.4422977766192,0.0603132337954706,0.810673376348208,0.99988016650531
"ENSG00000132522",-0.0712566387327773,8.83762380917664,0.060302828074775,0.810689352881182,0.99988016650531
"ENSG00000088833",-0.0543692669212245,4.90027087408821,0.0602718745125966,0.810736945121901,0.99988016650531
"ENSG00000298154",-0.122463918484533,3.02568889610387,0.0602411216751109,0.810784402768328,0.99988016650531
"ENSG00000289378",-0.146080737668201,0.365014395756817,0.060244447288815,0.810797288076119,0.99988016650531
"ENSG00000167110",-0.038563202399198,5.36750555152745,0.0602295729131794,0.8108018835681,0.99988016650531
"ENSG00000163785",0.0402779667110131,5.6039433415734,0.0601145621045237,0.810978693028772,0.99988016650531
"ENSG00000104969",0.037603342925644,5.22199258809185,0.0600880160347265,0.811019532547309,0.99988016650531
"ENSG00000164209",0.0417492724213568,5.70792115415989,0.0600431336482628,0.811088593240618,0.99988016650531
"ENSG00000099999",0.0718063738935682,3.0098621153427,0.060012387511463,0.811136189683358,0.99988016650531
"ENSG00000164292",-0.0620805419033453,4.12371769039259,0.0598607981159062,0.811369535176268,0.99988016650531
"ENSG00000236287",0.0452966066528546,4.98070644590113,0.0598546449271978,0.811378972460709,0.99988016650531
"ENSG00000078401",0.181162089647272,1.35018707661961,0.0597788268871989,0.811499599918826,0.99988016650531
"ENSG00000267318",-0.121231349835134,0.950471271073425,0.0597455556195328,0.811551874197682,0.99988016650531
"ENSG00000291110",-0.0940291670944081,2.83061212080282,0.0596101160274025,0.811756645001747,0.99988016650531
"ENSG00000144681",-0.0800701069420615,3.23723785650697,0.0596094297387534,0.811757631201205,0.99988016650531
"ENSG00000134480",-0.0396964520352728,6.46548682736586,0.0595839136257233,0.811796822269828,0.99988016650531
"ENSG00000112167",-0.0461497789258393,4.67521567483223,0.0595787775719787,0.811804826787191,0.99988016650531
"ENSG00000122692",-0.0353307250221129,5.49417055285629,0.0594507068851143,0.81200280762422,0.99988016650531
"ENSG00000285413",-0.148417533495453,0.418619513541755,0.0594507413150067,0.812019800749817,0.99988016650531
"ENSG00000176101",0.0394928144858883,6.0184030067625,0.0594396207814847,0.812019958741135,0.99988016650531
"ENSG00000113300",0.0391470223599528,5.44035462464124,0.0594373981711481,0.812023401417213,0.99988016650531
"ENSG00000074621",-0.0834288569352383,2.75325094644818,0.059427125985991,0.812039671111993,0.99988016650531
"ENSG00000295982",0.211557388924425,0.325643275412045,0.0593878179618207,0.812114103967764,0.99988016650531
"ENSG00000104408",0.0377650489126649,8.42289858507733,0.0593430350997216,0.812169477817826,0.99988016650531
"ENSG00000181222",-0.0443018447985708,6.38262764679018,0.0593416150007626,0.812171678642681,0.99988016650531
"ENSG00000184100",0.063380430964518,2.95446037295094,0.05933642619489,0.812180007349056,0.99988016650531
"ENSG00000198730",0.0364698764081406,5.4942389708806,0.0592923273577972,0.812248033966304,0.99988016650531
"ENSG00000169194",-0.167878982709513,0.233461993685726,0.0592473840450221,0.812343960599894,0.99988016650531
"ENSG00000214401",-0.11905276802639,1.1109380600123,0.0592315455532207,0.812346039275302,0.99988016650531
"ENSG00000137869",-0.227732046233629,1.92819751708429,0.0591829524372088,0.812419863592733,0.99988016650531
"ENSG00000161203",0.0410751295284387,6.07173569117491,0.0591757897235539,0.812428694952114,0.99988016650531
"ENSG00000139531",0.0723145756046916,2.51808217250095,0.059130905293522,0.812498864720984,0.99988016650531
"ENSG00000205822",0.141488876897576,2.2288480506105,0.0591238382438272,0.812510128285444,0.99988016650531
"ENSG00000130313",0.0492094580130757,6.08185456915113,0.0591230345293155,0.812510541871897,0.99988016650531
"ENSG00000131013",-0.048031992254366,4.75870517992857,0.0590869217363704,0.812566653466558,0.99988016650531
"ENSG00000270800",-0.0850157206231549,2.24946849667679,0.0590048143925512,0.812694822783952,0.99988016650531
"ENSG00000275895",0.0379985260215304,7.25830203250497,0.0589557714444831,0.812770295255981,0.99988016650531
"ENSG00000185129",-0.0358030899229691,6.15286333343687,0.0589507836591059,0.81277804891805,0.99988016650531
"ENSG00000183520",0.0527502920913644,5.02404764212427,0.0589171338273935,0.812830385500705,0.99988016650531
"ENSG00000205622",0.0598123375390232,3.61089520205529,0.0588605632638516,0.81291845766621,0.99988016650531
"ENSG00000198496",-0.0429600585326205,4.2930047969964,0.0588550734819929,0.81292694537574,0.99988016650531
"ENSG00000105617",-0.0545343808088208,3.47412970514946,0.0588491502696921,0.812936247594164,0.99988016650531
"ENSG00000261620",-0.145736128292965,0.353365339982684,0.0588543121312935,0.81295087090178,0.99988016650531
"ENSG00000089847",0.119117249907377,1.34919424373486,0.0588076037325349,0.813003227542669,0.99988016650531
"ENSG00000149115",0.099109057414578,3.29288166829972,0.0587903599576875,0.813027760991539,0.99988016650531
"ENSG00000037897",0.140125834265271,0.395932837118443,0.0587883462300403,0.813046052959205,0.99988016650531
"ENSG00000232606",0.145463577434198,1.1518015929766,0.0587237638914958,0.813134918357169,0.99988016650531
"ENSG00000186395",0.0561100581948581,6.61400849254554,0.0586884739616256,0.813186218238399,0.99988016650531
"ENSG00000124783",-0.0368004403935008,5.97757112865253,0.0586754854584557,0.813206456009567,0.99988016650531
"ENSG00000294133",0.119585181012256,2.47063855553872,0.0586601665290879,0.813230857754766,0.99988016650531
"ENSG00000150712",-0.0503589123296731,3.91783780660603,0.0586254655003649,0.813284515980695,0.99988016650531
"ENSG00000261220",0.16070395045571,0.791209936055204,0.0586131783245713,0.813308961257024,0.99988016650531
"ENSG00000134333",-0.0389715060832308,8.44404908323474,0.0586064176334059,0.813314101205908,0.99988016650531
"ENSG00000185955",-0.136054377507252,1.78297693443265,0.0586070183855824,0.813314413241496,0.99988016650531
"ENSG00000285851",-0.0456051304738565,5.01529115116005,0.0585633420913853,0.813381281585864,0.99988016650531
"ENSG00000288725",0.13608735371527,0.660287634390073,0.0585669139426725,0.813384752492027,0.99988016650531
"ENSG00000143514",-0.0368142435640944,5.93352567983982,0.0585061141977504,0.813470554990222,0.99988016650531
"ENSG00000101544",0.0425221510067465,6.51124597886598,0.0584235295061667,0.813599474905715,0.99988016650531
"ENSG00000145423",-0.120244246600119,0.438276550899041,0.0584294012190405,0.813606950199654,0.99988016650531
"ENSG00000121579",0.0361639024562429,6.55905656265823,0.0584045014419292,0.813629192877752,0.99988016650531
"ENSG00000100138",0.0418829655221619,7.171023808919,0.058371304707324,0.813681051187218,0.99988016650531
"ENSG00000300051",-0.0928571798741148,1.62472591033146,0.0583394519153753,0.813732512410765,0.99988016650531
"ENSG00000121957",-0.0509744685744112,4.00637045266259,0.0583252476032395,0.813753136498203,0.99988016650531
"ENSG00000063587",0.0533180980670533,3.69838198296492,0.0583238671438042,0.81375532844744,0.99988016650531
"ENSG00000182552",0.044217008325816,4.73271101633056,0.058308515415974,0.813779246940605,0.99988016650531
"ENSG00000231993",0.10715426284958,3.08407661236588,0.0582255020589059,0.813909306635081,0.99988016650531
"ENSG00000251675",-0.0834717643190804,3.5838067204416,0.0581757442675869,0.813987027980602,0.99988016650531
"ENSG00000116729",0.119857656535677,2.86250807408112,0.05814498783998,0.814035339738336,0.99988016650531
"ENSG00000205937",0.0369791371285696,7.1305263322174,0.0581439873449022,0.814036581896609,0.99988016650531
"ENSG00000260290",0.215631229335781,0.075721776719203,0.0581038379779861,0.814121630895501,0.99988016650531
"ENSG00000285253",-0.0635619022373752,3.40036261059404,0.0580300691590287,0.814215222256885,0.99988016650531
"ENSG00000197555",-0.0414298246616832,6.05597941640586,0.0579497391303761,0.8143409790143,0.99988016650531
"ENSG00000131409",0.155570889054642,3.51544831397853,0.0578522602546164,0.814494096116774,0.99988016650531
"ENSG00000111058",0.0997477708479537,2.81917594508552,0.0578503720413517,0.814497280167436,0.99988016650531
"ENSG00000165006",-0.0373011452353268,5.88577126967643,0.0578367445407783,0.814518296943489,0.99988016650531
"ENSG00000009413",0.0409798761670405,6.40622266058347,0.0578294450712997,0.814529756524224,0.99988016650531
"ENSG00000236559",0.108640425108882,2.8506719460666,0.0577829364822869,0.814603114176964,0.99988016650531
"ENSG00000253968",0.107132915456992,4.44775920405204,0.0577313479533244,0.814683922967114,0.99988016650531
"ENSG00000170364",-0.0600786470117659,3.02495126728415,0.0577020592445416,0.814730216140397,0.99988016650531
"ENSG00000215450",-0.0809078462012717,2.10375794047762,0.0576844061063871,0.814758598581552,0.99988016650531
"ENSG00000135426",0.192980496012008,1.28195807466927,0.0576455185202381,0.814821179595223,0.99988016650531
"ENSG00000226086",-0.139090904720359,0.648644207659899,0.0576402303350693,0.814837184306715,0.99988016650531
"ENSG00000142686",0.0813649179921097,2.48656791398857,0.0576339162685749,0.81483764266218,0.99988016650531
"ENSG00000104691",-0.040933212867592,4.50007518912333,0.0575343125765652,0.814993865993882,0.99988016650531
"ENSG00000108175",-0.0364754301874105,7.5094508329819,0.0574858818027818,0.815070063193231,0.99988016650531
"ENSG00000182180",0.0375178830498609,6.5695161877706,0.0574722625140911,0.815091518017969,0.99988016650531
"ENSG00000169967",-0.0384214782330645,6.6574030930631,0.0574582433213897,0.815113604230481,0.99988016650531
"ENSG00000289520",-0.140493435511076,0.925888512592563,0.0573970877446178,0.81521549315925,0.99988016650531
"ENSG00000184857",-0.0730149050685669,2.8606696258727,0.0572976161982424,0.815367237027336,0.99988016650531
"ENSG00000047365",0.0883339111144915,2.18202820065427,0.0572549479548698,0.815434907750246,0.99988016650531
"ENSG00000102054",0.0387137964236426,6.11596944708069,0.0571772212317782,0.815556948019537,0.99988016650531
"ENSG00000151304",-0.0523170564143178,5.58524237046733,0.0571725356824292,0.815564351843846,0.99988016650531
"ENSG00000257923",-0.0422044531771649,8.70854508146275,0.0570076846883021,0.81582496745298,0.99988016650531
"ENSG00000018869",0.13119685839517,0.571523986483771,0.0569830062354313,0.815879010265817,0.99988016650531
"ENSG00000114204",0.0740373327091291,3.84507236825238,0.0569664218250229,0.815890491177178,0.99988016650531
"ENSG00000140548",0.0494686046112051,6.92575356481842,0.0569653641819246,0.815891938903381,0.99988016650531
"ENSG00000179455",-0.0655365542628525,3.15904229027318,0.056956493215571,0.815906221348601,0.99988016650531
"ENSG00000277007",0.125421305850246,0.243576561797193,0.0568906354073456,0.816035476843337,0.99988016650531
"ENSG00000255476",-0.132819384926354,0.466790209135437,0.0568351077129285,0.81611602129823,0.99988016650531
"ENSG00000171148",0.053346232452985,6.52433625511955,0.0567833852350431,0.816180216886823,0.99988016650531
"ENSG00000244055",0.0576534986875378,3.81025080548468,0.0567664196713651,0.816207233548926,0.99988016650531
"ENSG00000139826",-0.0460146477162958,4.21898619123344,0.056760757322273,0.816216173722486,0.99988016650531
"ENSG00000261889",-0.102528103607915,1.52629841170094,0.0567568663462226,0.816224167087191,0.99988016650531
"ENSG00000161671",0.043463271135852,6.22289574040866,0.0567085861918698,0.816298850874365,0.99988016650531
"ENSG00000134594",0.0560779702494167,3.63195380787603,0.0567053884632007,0.816304093241493,0.99988016650531
"ENSG00000137124",-0.0406673741010811,6.04068554015086,0.0567021438924193,0.81630907267958,0.99988016650531
"ENSG00000011304",0.0387862119305103,7.45980948947235,0.056692662797106,0.816324114903871,0.99988016650531
"ENSG00000167984",-0.192783351542252,0.892079046084595,0.0567080282846474,0.816325435276201,0.99988016650531
"ENSG00000108561",-0.0435788652263274,6.2665207193832,0.0566660979461042,0.816366275311884,0.99988016650531
"ENSG00000290717",0.164004445767541,0.21709438622521,0.0566723193055211,0.816391473414299,0.99988016650531
"ENSG00000269749",-0.0634147747732676,2.83184649818318,0.0566490182180756,0.816393729270048,0.99988016650531
"ENSG00000198146",0.0497891995806261,4.85798032341091,0.0565648062964893,0.816527175059935,0.99988016650531
"ENSG00000015171",0.0397973492000357,4.87429905224285,0.0564972559752982,0.816634528842077,0.99988016650531
"ENSG00000223519",0.165029748124883,0.354176955142974,0.0564723735983753,0.816704239692386,0.99988016650531
"ENSG00000048405",-0.0538972879305177,5.48405641844556,0.0564082837986262,0.81677597993686,0.99988016650531
"ENSG00000299317",0.10701032492775,2.26814623551631,0.056347951337695,0.816872806792999,0.99988016650531
"ENSG00000101577",-0.0584224659419595,5.04854357371421,0.0561805663016621,0.817138684488791,0.99988016650531
"ENSG00000099341",-0.0426020032746426,6.90053366251406,0.0561627540473699,0.817167079820903,0.99988016650531
"ENSG00000260025",0.17593999584871,0.100164523959127,0.0561765200077057,0.817174324047616,0.99988016650531
"ENSG00000296013",-0.142687533883638,0.168478880986336,0.0561551832672718,0.817205150600146,0.99988016650531
"ENSG00000141424",0.0394597638420011,5.04603623521193,0.0561203438231458,0.817234756851034,0.99988016650531
"ENSG00000123815",0.0844103513191521,2.12849470004048,0.0561061812649514,0.817258152356876,0.99988016650531
"ENSG00000137806",-0.0466647298078997,4.3194102958617,0.0560759350123069,0.817305666289223,0.99988016650531
"ENSG00000136100",-0.0752359457099813,4.76546379361805,0.0560656960434061,0.817321989921583,0.99988016650531
"ENSG00000173933",-0.057774319312311,3.4078526368352,0.0560274183348445,0.817383237875455,0.99988016650531
"ENSG00000301356",0.0987228106598812,2.00259633290039,0.056017580223795,0.817399604094765,0.99988016650531
"ENSG00000164975",0.038432918947101,5.09879513539179,0.055967962659585,0.817478023051423,0.99988016650531
"ENSG00000274629",0.150760957097544,0.407201880632555,0.0559632142057469,0.817504882882522,0.99988016650531
"ENSG00000224043",-0.0682585628026686,2.84310581810907,0.0559202048723066,0.817554659002069,0.99988016650531
"ENSG00000242553",0.091263920522022,1.94466329336659,0.0558011406285763,0.81774610647826,0.99988016650531
"ENSG00000100147",0.055952689277318,3.48665308918946,0.0557853123933743,0.8177702496095,0.99988016650531
"ENSG00000006638",0.203191528913591,0.915734528031874,0.0557124103128441,0.817891940211667,0.99988016650531
"ENSG00000089154",-0.0404542000198842,5.51804701853443,0.055664955483247,0.817962821396739,0.99988016650531
"ENSG00000298152",0.10184184889449,1.82183366676855,0.0556534668957399,0.817982651531498,0.99988016650531
"ENSG00000242741",0.233983303200069,1.5295387812296,0.0556346756590528,0.818013148217157,0.99988016650531
"ENSG00000115042",-0.0673493515142689,2.83966679571013,0.0556173487847334,0.818039480040347,0.99988016650531
"ENSG00000105640",-0.0638609411420633,10.0603029168351,0.0555802602713769,0.818098577686271,0.99988016650531
"ENSG00000125743",-0.0493986655275734,8.50397516631067,0.0555366399683432,0.818168541368292,0.99988016650531
"ENSG00000187091",0.161019460935061,1.02557646079545,0.0554987776753482,0.818233842220805,0.99988016650531
"ENSG00000138131",-0.163032152858597,0.953231472704115,0.0554986604654926,0.818236115462409,0.99988016650531
"ENSG00000289202",0.14481553188298,0.833879936806612,0.0554383315863698,0.818333362673898,0.99988016650531
"ENSG00000101109",-0.0351038639251791,6.81310686554912,0.0554111958457363,0.818369907271196,0.99988016650531
"ENSG00000196369",-0.0433909329214565,7.87952488457987,0.0553911297161631,0.818402139639072,0.99988016650531
"ENSG00000169918",0.0655950501332414,3.23604036951274,0.0553300672241894,0.818500496933161,0.99988016650531
"ENSG00000110697",0.0821071881145246,2.80821484338671,0.0552362654481254,0.818651462284777,0.99988016650531
"ENSG00000136261",-0.0429057354730823,6.78261901036956,0.05517139411928,0.818755515317221,0.99988016650531
"ENSG00000129226",0.0707813637486728,3.68301776166443,0.0551476851352714,0.818793823760911,0.99988016650531
"ENSG00000233006",0.19142372712553,0.609510948463445,0.0551315085667911,0.81883703738679,0.99988016650531
"ENSG00000172006",0.116809802451178,1.29368055723562,0.0551180377255142,0.818844363252266,0.99988016650531
"ENSG00000147606",-0.132146109381048,1.05731382781944,0.0550883355160827,0.818892897799706,0.99988016650531
"ENSG00000073169",0.0493666312973865,4.88653681499026,0.0550469820381897,0.818955965406954,0.99988016650531
"ENSG00000173406",-0.0646442153179533,2.87014666045885,0.0549973201364211,0.819036310178105,0.99988016650531
"ENSG00000286791",0.174338008553051,0.446325855001439,0.0549722012532037,0.819088775691435,0.99988016650531
"ENSG00000138413",0.0348398576897802,5.30897094348499,0.05496420088579,0.819089410087317,0.99988016650531
"ENSG00000066933",-0.0494268112794635,5.73649000361854,0.0549401506651123,0.819128206254255,0.99988016650531
"ENSG00000173409",-0.053414528426794,4.52400529214302,0.0549388004661201,0.819130451791549,0.99988016650531
"ENSG00000261097",0.0895078752333817,2.54320320911373,0.0549281177604343,0.819148123317759,0.99988016650531
"ENSG00000175564",-0.18624632250084,0.193214917111475,0.054810111391403,0.819373462671234,0.99988016650531
"ENSG00000181790",0.128282640449348,1.09200954721989,0.0547814623923445,0.819389823463062,0.99988016650531
"ENSG00000143303",0.0530943897379153,4.12905731079803,0.0547700625456307,0.819402944983128,0.99988016650531
"ENSG00000052841",0.0436793306677148,7.05470487067449,0.054759495809482,0.819419937956465,0.99988016650531
"ENSG00000123179",0.0389945691966999,6.449499697767,0.0546851967625228,0.819540070478029,0.99988016650531
"ENSG00000121552",-0.0418801892627851,7.64234871444311,0.0546028417142093,0.819673327280573,0.99988016650531
"ENSG00000127125",-0.0384159654980132,7.38385228246289,0.0545957707712143,0.81968477382212,0.99988016650531
"ENSG00000138326",-0.0438950224271283,10.7788565453666,0.054573129271343,0.819721430636479,0.99988016650531
"ENSG00000085276",0.163023568281062,1.99747916706,0.0545464662309574,0.819766154511361,0.99988016650531
"ENSG00000090372",-0.0518522619245118,4.48810039286515,0.054504497873291,0.819832665745926,0.99988016650531
"ENSG00000258738",0.086982666643485,2.49993349135848,0.0544701105065019,0.819888807044082,0.99988016650531
"ENSG00000181472",0.064579245238574,3.74378798672027,0.0544685004914253,0.819891059515485,0.99988016650531
"ENSG00000172888",-0.0739568290761308,3.18328757211399,0.0544653837769379,0.819896206571564,0.99988016650531
"ENSG00000141298",0.0400169497345852,7.78963312113019,0.0544463598797225,0.819926822964327,0.99988016650531
"ENSG00000290936",-0.101877395780009,2.34423867671158,0.0544459465611215,0.81992810384907,0.99988016650531
"ENSG00000272767",-0.060685130986781,4.14235363098324,0.0544441012195926,0.81993059434601,0.99988016650531
"ENSG00000129680",0.045402042716643,4.64431455677396,0.0544411095691051,0.81993539667508,0.99988016650531
"ENSG00000169018",0.0397955575972348,4.96078127081656,0.0543980335561255,0.820005230498377,0.99988016650531
"ENSG00000224411",0.0625256661385034,3.76607003193949,0.054391726709044,0.820015540220523,0.99988016650531
"ENSG00000237126",0.136012466232497,0.764154381499498,0.0543703922347368,0.820058072890048,0.99988016650531
"ENSG00000309803",0.110984422087486,1.50278459130962,0.0543303008054114,0.820117587931557,0.99988016650531
"ENSG00000287092",0.110262175008443,1.19700793003852,0.0541995378064384,0.820330379108218,0.99988016650531
"ENSG00000204920",-0.0664397822278981,4.53211019536384,0.0541926946261337,0.820338640708476,0.99988016650531
"ENSG00000117859",-0.0363759886016688,5.97122924256543,0.0541819779745372,0.82035599416834,0.99988016650531
"ENSG00000283103",-0.0715459025237313,3.4921413346498,0.0541408608434906,0.82042299438061,0.99988016650531
"ENSG00000103018",-0.0423373252499511,6.43107894713688,0.0541216670031921,0.820454050360826,0.99988016650531
"ENSG00000249236",-0.0959262473507708,1.69612061654337,0.0540863608217496,0.820512918626247,0.99988016650531
"ENSG00000187735",-0.0335956212456083,7.1152561069821,0.0540755798946657,0.820529020018065,0.99988016650531
"ENSG00000160551",-0.0341638578179038,7.45538094856798,0.0540714876813987,0.82053567825957,0.99988016650531
"ENSG00000286874",-0.137003723075006,0.964735934120864,0.0540030775875754,0.820652236765364,0.99988016650531
"ENSG00000272841",-0.146004069708648,0.00585413164756071,0.05395801424176,0.82075437315289,0.99988016650531
"ENSG00000174010",-0.0499202361752642,3.56186894442238,0.0539048447976788,0.820807212904367,0.99988016650531
"ENSG00000171757",0.0655196948592169,3.02406395051588,0.053904608866477,0.820807744015765,0.99988016650531
"ENSG00000133740",-0.0729541565569209,2.81216769492449,0.0538388180325864,0.820915028188964,0.99988016650531
"ENSG00000132837",-0.0876093179513446,1.96713672361724,0.053811855767502,0.820959677380774,0.99988016650531
"ENSG00000254858",-0.0641353423351642,3.66750835884614,0.0537997062496924,0.820978631024094,0.99988016650531
"ENSG00000055044",0.0345852417068508,7.48518109567303,0.0537463130679187,0.82106562879492,0.99988016650531
"ENSG00000295665",0.0868051610601173,2.33483779148444,0.0536752188883647,0.821182396055994,0.99988016650531
"ENSG00000182899",-0.0463628433912417,10.1746171732127,0.0536671812030597,0.821194849515844,0.99988016650531
"ENSG00000163625",-0.0407425787196988,6.84095998660202,0.0536629954182982,0.821201688360312,0.99988016650531
"ENSG00000295927",0.143733284112827,0.0631933211993515,0.0536158764843123,0.821308754040152,0.99988016650531
"ENSG00000163482",0.103187930896923,1.73599520555408,0.0535907187920977,0.821321271804379,0.99988016650531
"ENSG00000250137",-0.156288436563199,0.497000608541557,0.0535351186551631,0.821420905114835,0.99988016650531
"ENSG00000258969",-0.0578065308736872,3.0573953731525,0.0535016194297677,0.821465803196542,0.99988016650531
"ENSG00000297733",-0.174449191138138,0.807248538339776,0.0534989146696112,0.821476363903007,0.99988016650531
"ENSG00000138180",0.0565967683320991,3.98527676444719,0.0534738891420003,0.821511029272224,0.99988016650531
"ENSG00000136206",-0.129708902400699,1.28812494762573,0.0534729147739981,0.821515542294078,0.99988016650531
"ENSG00000100938",0.0516842599861168,4.80920266977703,0.0534280649909847,0.821585999064272,0.99988016650531
"ENSG00000144747",-0.0503163803249224,5.64000508670799,0.0534158528344389,0.821605938508066,0.99988016650531
"ENSG00000101266",0.0326461728057378,7.10993411812521,0.0533694882916988,0.821681882996604,0.99988016650531
"ENSG00000117054",0.0438482580960418,4.87665159854091,0.0533036243345285,0.821789889981,0.99988016650531
"ENSG00000286650",-0.100203665751018,1.70950277827173,0.0532953204046321,0.821805082726917,0.99988016650531
"ENSG00000168591",-0.0440716368321561,3.95997481374486,0.0532414119466257,0.821891958698071,0.99988016650531
"ENSG00000127952",0.0462070591456159,5.23729616235943,0.0532408448085916,0.821892797896321,0.99988016650531
"ENSG00000072518",-0.032665683192248,6.2334807230831,0.0532290819992257,0.821912091200864,0.99988016650531
"ENSG00000269235",-0.109677975867452,1.25967045712752,0.0532167152629257,0.821935472755351,0.99988016650531
"ENSG00000237821",0.113406624970095,0.957294683718885,0.0531768335522698,0.822002012302673,0.99988016650531
"ENSG00000102174",-0.157036938670568,0.504059373768279,0.0531636248339734,0.822036692780231,0.99988016650531
"ENSG00000126934",0.0420442209790477,6.28183059006125,0.0531376955353538,0.822062098989462,0.99988016650531
"ENSG00000131408",-0.0414218804006465,4.84099391334934,0.0531013032949918,0.822121928516911,0.99988016650531
"ENSG00000288922",-0.0443359634284904,4.42113542935611,0.0531001360859421,0.822123856690763,0.99988016650531
"ENSG00000136122",-0.0426355052689704,4.52390100366216,0.0530793708895088,0.822157975238138,0.99988016650531
"ENSG00000225465",-0.0530603111212813,4.14717233977391,0.0530323194491802,0.822235319813669,0.99988016650531
"ENSG00000272023",0.107203201385256,1.10885719676206,0.053025252909577,0.822251318906056,0.99988016650531
"ENSG00000251165",-0.13123150686405,0.501604540466684,0.0530251556944732,0.822268219705613,0.99988016650531
"ENSG00000124228",-0.0402842776190154,5.631584180796,0.0529972746375278,0.822292863652282,0.99988016650531
"ENSG00000297883",-0.123426704167612,1.37653015045129,0.0529723758824014,0.822336152470542,0.99988016650531
"ENSG00000104324",0.0350552408286108,7.64573186758492,0.0529107743761976,0.822435171967294,0.99988016650531
"ENSG00000141503",0.0523290210380979,4.04728826910906,0.0529028430256884,0.822448312997027,0.99988016650531
"ENSG00000293037",-0.0565454838281278,3.61972062940612,0.0528991935990359,0.822454378664127,0.99988016650531
"ENSG00000087076",-0.127588474129943,0.915784092406132,0.0528908804186755,0.822473958249429,0.99988016650531
"ENSG00000291074",-0.0535093647797777,5.31047328213526,0.0528410796211301,0.822549931154455,0.99988016650531
"ENSG00000229272",-0.111472501487642,0.931537335709855,0.0527928882072342,0.822633748403512,0.99988016650531
"ENSG00000158859",0.458570033472239,0.840762114448959,0.0526638864611618,0.822785736690327,0.99988016650531
"ENSG00000143498",-0.0561704499615491,3.13774384195682,0.0526930357075508,0.822794164507153,0.99988016650531
"ENSG00000173113",-0.0440627993592209,7.00201710655928,0.0526727877811549,0.822827349357537,0.99988016650531
"ENSG00000172123",0.0718964600610094,2.68644088533057,0.0526526253005579,0.822860970472521,0.99988016650531
"ENSG00000153815",0.0358623535324709,7.47606904561853,0.0526338308357156,0.822891635135187,0.99988016650531
"ENSG00000182446",-0.0348738378522557,6.02529676063523,0.0526231284231243,0.822909302445056,0.99988016650531
"ENSG00000251600",0.133814825465494,0.813985518047405,0.0526213819720186,0.822919167824757,0.99988016650531
"ENSG00000153283",-0.125145474177126,1.7128831895845,0.0525829059031751,0.82297731003744,0.99988016650531
"ENSG00000117528",-0.03869192515531,4.87163150351263,0.0525809125164125,0.822979056786428,0.99988016650531
"ENSG00000289318",-0.147636678083073,1.83274679517911,0.0525405877032796,0.823046721777292,0.99988016650531
"ENSG00000177733",0.0356664757501514,6.68086346389662,0.0524761778997102,0.82315204945436,0.99988016650531
"ENSG00000286129",0.0569419483273406,3.71014812288994,0.0524662376885059,0.823168608127848,0.99988016650531
"ENSG00000205571",0.0366323137745648,5.68238767117521,0.0524298953346622,0.823228581051569,0.99988016650531
"ENSG00000151743",-0.0667175492256261,4.13088304102993,0.0523202828355901,0.823410042479931,0.99988016650531
"ENSG00000075151",0.0379362380388282,8.36892881017816,0.0522692837874396,0.823494427607562,0.99988016650531
"ENSG00000116679",-0.0372595375763373,6.36654085543918,0.0522351736105462,0.82355094495773,0.99988016650531
"ENSG00000198951",-0.0489729598136818,6.16246417302967,0.0522056879329413,0.823599815273693,0.99988016650531
"ENSG00000102309",-0.035234212678358,5.48930885995031,0.0521791410897266,0.823643829854081,0.99988016650531
"ENSG00000184083",0.0597937554982812,3.38191877995992,0.0521744037443111,0.823651855986655,0.99988016650531
"ENSG00000257764",-0.0738061913940631,5.59007993018789,0.0521553152459525,0.823683361754811,0.99988016650531
"ENSG00000257342",0.157524311097432,1.9269796871604,0.0521450256684539,0.823701597049029,0.99988016650531
"ENSG00000288649",-0.120784426931453,0.697020576767809,0.0521471192346451,0.823707855734461,0.99988016650531
"ENSG00000298162",0.141721754760136,2.85297777494702,0.0521254065290929,0.823733333993182,0.99988016650531
"ENSG00000155428",-0.132981915273368,1.27989941022534,0.0521012640866638,0.823775815202291,0.99988016650531
"ENSG00000134982",0.0475529226561111,5.0528202024752,0.052089250590018,0.82379294766839,0.99988016650531
"ENSG00000136444",0.0610607703509167,3.41454874682659,0.052079942513378,0.823808578404062,0.99988016650531
"ENSG00000204348",-0.0785530146251156,2.81393003716285,0.0520342653058029,0.82388461959008,0.99988016650531
"ENSG00000058799",-0.041464053541308,4.69055147828889,0.0520199764843543,0.823908009231708,0.99988016650531
"ENSG00000143727",0.0355027141226269,5.82907525893434,0.0519930204812188,0.823952724189109,0.99988016650531
"ENSG00000140950",0.0830413468885258,3.45754310108874,0.0519459373591534,0.824031106169955,0.99988016650531
"ENSG00000301027",0.149100922510308,1.12715395324022,0.0519401122394589,0.82404427375148,0.99988016650531
"ENSG00000230532",0.111860395231102,0.80411518154548,0.0518932846736224,0.82412722746011,0.99988016650531
"ENSG00000257390",-0.180795153350898,0.430347228572186,0.0518931028851519,0.824136855282274,0.99988016650531
"ENSG00000257704",-0.0952325454921895,2.36326510304539,0.0518737674496644,0.82415160832851,0.99988016650531
"ENSG00000123415",-0.0536514433050152,4.39483229363831,0.0518343994767062,0.824216510416275,0.99988016650531
"ENSG00000188582",-0.14106167793463,0.14145310724889,0.0518454035731732,0.824222593139448,0.99988016650531
"ENSG00000119912",0.0405404200132501,4.93299403510581,0.0517777589687984,0.824310745821961,0.99988016650531
"ENSG00000253716",0.110450684675307,1.87182933860606,0.0517738741604486,0.824318606773881,0.99988016650531
"ENSG00000254986",-0.0804499553807782,2.00678830852427,0.0516981301156713,0.824444366093568,0.99988016650531
"ENSG00000166086",0.149317119067905,0.738114668574569,0.0516956693011981,0.824461222224438,0.99988016650531
"ENSG00000130741",-0.034711425580438,7.76302864247719,0.0516824781480905,0.824469418450838,0.99988016650531
"ENSG00000135905",-0.0555843728002113,7.34413414354664,0.0515722608875744,0.824653198235801,0.99988016650531
"ENSG00000226706",-0.159652590887246,0.124192172831253,0.0515846310471809,0.824665146272536,0.99988016650531
"ENSG00000156675",0.0426908415595185,5.83000680503699,0.0515398001069385,0.824707366615107,0.99988016650531
"ENSG00000168724",0.037542801771119,6.32836106010385,0.0515270519496226,0.8247286421586,0.99988016650531
"ENSG00000119636",-0.109317197165971,1.51770600658299,0.0515001792528996,0.824775425304841,0.99988016650531
"ENSG00000286239",-0.0835887208417016,2.04276804831203,0.0514723625006447,0.824820892066359,0.99988016650531
"ENSG00000295208",0.114856866193544,0.783145018550698,0.0514607219562111,0.824845829097313,0.99988016650531
"ENSG00000042429",0.0931624856853089,1.73792628366438,0.0514414497318838,0.824872842462274,0.99988016650531
"ENSG00000164405",-0.0483680467454534,7.83531063393422,0.0513623196460072,0.825003835235087,0.99988016650531
"ENSG00000177106",0.149680541840071,0.788384035738557,0.0513600380358708,0.82501910434979,0.99988016650531
"ENSG00000289609",-0.156404311085586,1.35252708893574,0.0513504136493045,0.825025692083766,0.99988016650531
"ENSG00000258957",-0.151282104617262,-0.00291077772230988,0.0513622375861454,0.825039919335957,0.99988016650531
"ENSG00000167077",0.0955377256857405,3.23815820905174,0.0513149795868249,0.825083198589425,0.99988016650531
"ENSG00000163605",-0.0322853139023263,6.50263784616802,0.0513053274933059,0.825099153186837,0.99988016650531
"ENSG00000225031",-0.101156663485407,1.15542115067633,0.051288150193741,0.825131809162113,0.99988016650531
"ENSG00000153157",-0.0635317038144668,3.09802683735357,0.0512494345795296,0.8251929870293,0.99988016650531
"ENSG00000270084",0.205547553681267,0.0742518638534064,0.0512538692581387,0.825227136185688,0.99988016650531
"ENSG00000105298",-0.0439469338026759,4.48458129286772,0.0511661029547797,0.82533230337404,0.99988016650531
"ENSG00000197561",0.0471094142542261,7.27686370134679,0.0511467874189034,0.825364599821369,0.99988016650531
"ENSG00000156976",-0.0317029228281637,7.26803603270563,0.0511462162101464,0.825365555710377,0.99988016650531
"ENSG00000152219",-0.0406179219931452,4.63641786775608,0.0511139315258677,0.825419728277391,0.99988016650531
"ENSG00000290387",0.049131405969985,4.1695295973283,0.0510860904878056,0.825466424881526,0.99988016650531
"ENSG00000184068",-0.153424444147235,0.288997747282611,0.0510085116440621,0.825618561306812,0.99988016650531
"ENSG00000173077",0.0721047219587618,2.60077408292674,0.0509784324399956,0.825647391746286,0.99988016650531
"ENSG00000142676",-0.0538104896914681,11.1743953522107,0.0509774779372179,0.825648555595116,0.99988016650531
"ENSG00000156853",0.0507200990699184,3.83531065180409,0.0509613650185606,0.825675723890797,0.99988016650531
"ENSG00000184786",0.177333873138919,0.0861121168896248,0.0509531518753875,0.825721666768954,0.99988016650531
"ENSG00000073910",-0.0434106259067096,9.12907972613107,0.0509283977092992,0.825730963579698,0.99988016650531
"ENSG00000131398",0.0671499363254734,2.56575899645404,0.0508547872567357,0.825855057109578,0.99988016650531
"ENSG00000187229",-0.118642346368879,1.77679221402003,0.0508251079328206,0.825906074101259,0.99988016650531
"ENSG00000102390",-0.0391050970384177,5.62411373620931,0.0506999683724799,0.826115063614427,0.99988016650531
"ENSG00000149548",0.0991354970621047,2.27702753979181,0.0506406662653048,0.826215817415578,0.99988016650531
"ENSG00000124789",-0.0385345356066901,4.9847411136666,0.0505970517245889,0.826288442691554,0.99988016650531
"ENSG00000205643",0.0790283749667151,2.52070835335206,0.0505972018634742,0.82628870037755,0.99988016650531
"ENSG00000101084",-0.0466778063978027,6.64264624392507,0.0505613611752963,0.826348568810122,0.99988016650531
"ENSG00000168040",-0.0503853568374741,4.33670932558892,0.0505228327609158,0.826413609231472,0.99988016650531
"ENSG00000172159",0.0575249801670402,3.89542371563489,0.0505072395404197,0.826439959147334,0.99988016650531
"ENSG00000177963",-0.0370270468533886,5.02310090894282,0.0504934700795938,0.826463094916462,0.99988016650531
"ENSG00000023516",0.0392690611427028,5.29054792294374,0.0503117574820333,0.826769928726552,0.99988016650531
"ENSG00000197956",0.0529853134572368,9.72617430427195,0.0502851598854853,0.82681488676436,0.99988016650531
"ENSG00000233098",-0.0407452401054389,8.57642686015745,0.0502260258126537,0.826914900089518,0.99988016650531
"ENSG00000310525",0.107314627974906,1.3195905201906,0.0501895628964732,0.826978944092931,0.99988016650531
"ENSG00000180815",0.101562872973851,1.21318697800113,0.0501082864039772,0.827117726885486,0.99988016650531
"ENSG00000141161",0.376510482545955,-0.389195889193802,0.0499837228344333,0.827220357090534,0.99988016650531
"ENSG00000116761",-0.134858233624476,0.231315940763627,0.0500181157480209,0.827302098402054,0.99988016650531
"ENSG00000226499",0.0410636972831664,7.67615174050687,0.0499792254481124,0.827332984835214,0.99988016650531
"ENSG00000299702",0.210958465626825,1.8059603297238,0.0499804252536699,0.827333817787878,0.99988016650531
"ENSG00000158715",-0.118761375950903,1.11612316989723,0.0499524319885122,0.827382649287916,0.99988016650531
"ENSG00000117174",0.04766437798863,5.02586298342464,0.0499499081928481,0.827382743390359,0.99988016650531
"ENSG00000178761",0.063280173609182,3.29224321291886,0.0498846036007957,0.827493752067092,0.99988016650531
"ENSG00000305828",0.115372344090191,0.953129812595658,0.0498806992577691,0.827504833554565,0.99988016650531
"ENSG00000197744",-0.0419858318083594,4.22349977948287,0.0498665408724822,0.827524314416202,0.99988016650531
"ENSG00000241860",-0.116022956458893,0.563449740673362,0.0498313719486047,0.827595053545293,0.99988016650531
"ENSG00000241429",-0.040959188379153,5.08117364469742,0.0497982262721459,0.827640321866139,0.99988016650531
"ENSG00000291063",0.0641409135639771,4.39903077364683,0.0497885992656812,0.827656725914059,0.99988016650531
"ENSG00000170439",0.059907303406167,4.46967048028504,0.0497838496076169,0.827664800369241,0.99988016650531
"ENSG00000163681",0.0361650127439734,6.34187507774753,0.0497520272872296,0.827718827297894,0.99988016650531
"ENSG00000270605",0.0854544393929272,1.58182328014483,0.0497527699284511,0.827719333412125,0.99988016650531
"ENSG00000128908",-0.0394221801133438,6.00937159366486,0.0497168080983344,0.827778722550875,0.99988016650531
"ENSG00000064726",-0.0371725951188407,4.7569991771739,0.0497116172757184,0.827787610224567,0.99988016650531
"ENSG00000289904",0.172560965546103,0.580343709325116,0.0497190563911192,0.827791947415167,0.99988016650531
"ENSG00000265334",-0.061446668376475,2.77197841396437,0.0496705471481324,0.827857725859096,0.99988016650531
"ENSG00000068971",0.0580882634543803,2.97759439022383,0.0496469373899567,0.827897847966312,0.99988016650531
"ENSG00000170802",-0.0384483400509768,6.73031561254637,0.0496383647112649,0.82791220369943,0.99988016650531
"ENSG00000125991",-0.0373707888370363,6.43621606119421,0.0496102274527103,0.827960111043116,0.99988016650531
"ENSG00000178252",0.0454596875002933,4.03073692531389,0.0495989713980886,0.827979374007132,0.99988016650531
"ENSG00000125356",-0.0436159266807235,6.5792445778231,0.0495732724195114,0.828023052290165,0.99988016650531
"ENSG00000185189",0.14698106987284,0.936869082274258,0.0495621812214839,0.828047713544577,0.99988016650531
"ENSG00000152291",-0.0341608073590171,7.36701180974901,0.0495576089536891,0.828049736915541,0.99988016650531
"ENSG00000284772",0.107669371440453,1.06009635720222,0.049551782983017,0.828063069741488,0.99988016650531
"ENSG00000296046",-0.138114433886476,0.31699905524874,0.049549856561089,0.828084315103655,0.99988016650531
"ENSG00000176974",-0.0572585072413464,3.51228745849595,0.0495334760605473,0.828091043164414,0.99988016650531
"ENSG00000072310",0.0404339667878268,5.31242763939288,0.0495216853303242,0.828110961479381,0.99988016650531
"ENSG00000095587",-0.145425891444022,0.63475648907463,0.0494900954482694,0.828172915242418,0.99988016650531
"ENSG00000139329",0.0567731783476287,4.57694697195224,0.0494673486220783,0.828203658585906,0.99988016650531
"ENSG00000088035",0.0647225051867052,3.20369125937476,0.0493774441232084,0.828357210195709,0.99988016650531
"ENSG00000261609",0.0491427659668869,4.11373600022633,0.0493672080897832,0.828374553482611,0.99988016650531
"ENSG00000104047",0.0377765073097234,5.0288577106654,0.049336011891811,0.828427765516507,0.99988016650531
"ENSG00000102032",-0.0603443527717492,2.91950681795254,0.049328832847515,0.82844026325941,0.99988016650531
"ENSG00000104313",0.148872661379063,0.565455202104427,0.0492930575167295,0.828509678158617,0.99988016650531
"ENSG00000116096",-0.0527935043393704,3.56157452197776,0.0492660700439759,0.828547404941027,0.99988016650531
"ENSG00000005801",-0.0402188408782072,5.32168944354486,0.0492544899992053,0.828567035891168,0.99988016650531
"ENSG00000014216",0.0396816197240048,5.36355420926308,0.0492514346412361,0.828572258353863,0.99988016650531
"ENSG00000147650",0.0468524029690574,4.94729903427833,0.0492487195479985,0.828576913297802,0.99988016650531
"ENSG00000235958",0.127619546666253,0.598710656642146,0.0491876146547216,0.828690782076875,0.99988016650531
"ENSG00000131495",0.0385045646801153,6.15292276925761,0.0490883167228089,0.828851329236646,0.99988016650531
"ENSG00000100003",-0.172087035369656,0.17419832065329,0.049052797867143,0.828934879555429,0.99988016650531
"ENSG00000126903",-0.0546826705396116,4.04734100043794,0.0490139456441179,0.828978832588181,0.99988016650531
"ENSG00000303481",-0.0792096110237554,2.2787694469144,0.048980970567492,0.829035881098518,0.99988016650531
"ENSG00000303600",-0.1797313520608,0.137188562020248,0.0489926181047483,0.829047383492916,0.99988016650531
"ENSG00000230825",-0.113259133025381,0.393279177372832,0.0489515549601927,0.829104022383371,0.99988016650531
"ENSG00000144724",0.0397222346255134,7.17888376910354,0.0489403771950162,0.829104856937455,0.99988016650531
"ENSG00000090530",-0.0767985138732502,2.15362775641956,0.0489339880159916,0.829116589407977,0.99988016650531
"ENSG00000178177",-0.0446171663450605,6.32388979725073,0.0489168216635822,0.829145263320912,0.99988016650531
"ENSG00000112679",0.0546326036501535,3.32332685616134,0.0488864836531841,0.829197480484072,0.99988016650531
"ENSG00000186106",-0.046020200793741,4.19034315807844,0.0488536308111323,0.829253782917005,0.99988016650531
"ENSG00000140470",-0.0877985657557563,2.29670941944373,0.048835687225034,0.829285284800978,0.99988016650531
"ENSG00000224152",-0.0416939512927768,4.29669012595249,0.0488086590343452,0.829331006748629,0.99988016650531
"ENSG00000181374",-0.0737839028042115,2.93405560607227,0.0487857922498621,0.829370477420127,0.99988016650531
"ENSG00000290867",0.0350572516480629,5.2263344247651,0.0487433320089562,0.82944317430695,0.99988016650531
"ENSG00000100462",0.0318480598375431,6.06776114322935,0.0487350387879252,0.829457424570723,0.99988016650531
"ENSG00000106397",0.041121550730022,5.26892649345664,0.0486915834125441,0.829532141977933,0.99988016650531
"ENSG00000112144",-0.0755556205633631,2.49307309389754,0.0486143857735367,0.829665497887441,0.99988016650531
"ENSG00000111652",-0.0528640992079509,3.79779276359929,0.0485429486995296,0.829788069328698,0.99988016650531
"ENSG00000285852",0.113199928280418,1.91958062232775,0.0485397193353817,0.829794715574542,0.99988016650531
"ENSG00000105341",0.051273343299406,4.47365341544935,0.04853663328183,0.829798894514675,0.99988016650531
"ENSG00000134001",-0.0347046980126056,6.57617251278192,0.0485147453052953,0.829836537717879,0.99988016650531
"ENSG00000166479",-0.0337624995831708,6.10218772509356,0.0484925079861913,0.829874858260612,0.99988016650531
"ENSG00000178741",-0.0357223176092301,8.17571155776786,0.0484701919584484,0.829913321019974,0.99988016650531
"ENSG00000310246",0.138438971109852,0.868005171695407,0.0484270347004566,0.829997814463525,0.99988016650531
"ENSG00000180071",0.0424379445466513,5.00747564588157,0.0484066463696155,0.830022946139107,0.99988016650531
"ENSG00000186130",-0.063133839121596,2.77491253844599,0.0484020125390176,0.83003123954388,0.99988016650531
"ENSG00000121766",-0.0356163106704037,5.26008773078519,0.0483890148179448,0.830053326220478,0.99988016650531
"ENSG00000171421",-0.0500580195610214,4.93587845136624,0.0483853909923814,0.830059621209248,0.99988016650531
"ENSG00000290943",-0.245887789748253,-0.153504148047928,0.0482285488940547,0.830329067865543,0.99988016650531
"ENSG00000188976",0.032427767089702,6.75317369569433,0.0482133020942983,0.830356778033852,0.99988016650531
"ENSG00000066557",-0.0409166580355487,4.28121271961554,0.048193528896334,0.830391036476025,0.99988016650531
"ENSG00000285793",-0.0736265619698237,2.03957158598561,0.0481464189318662,0.830473463273617,0.99988016650531
"ENSG00000186472",0.0654183835135868,3.49758654510055,0.0480962911935999,0.830559333443763,0.99988016650531
"ENSG00000287625",0.129596575955422,1.8324594544889,0.0480966145197103,0.830559712785842,0.99988016650531
"ENSG00000164761",-0.175569694329127,0.210405199024992,0.0480922290714356,0.830592569667278,0.99988016650531
"ENSG00000100360",0.0760308829529444,3.9732680173987,0.0480668184770986,0.830610296668739,0.99988016650531
"ENSG00000124733",0.0403506473081442,5.09750439443296,0.0480445679787305,0.830648754070458,0.99988016650531
"ENSG00000133030",-0.0417835608292023,5.51016229450969,0.0480387752346113,0.830658768627219,0.99988016650531
"ENSG00000232134",-0.0921463828294142,1.47095583147853,0.0480117648139272,0.830707776154959,0.99988016650531
"ENSG00000171163",0.0588258340501219,4.19874798229834,0.0480097914792439,0.830709047929818,0.99988016650531
"ENSG00000255966",-0.134880598110302,0.611503304391609,0.0480056634164696,0.830732085554729,0.99988016650531
"ENSG00000239523",0.0629484428485833,3.29538579344525,0.047992290364787,0.830739484154275,0.99988016650531
"ENSG00000294850",-0.0551290741042475,4.68646600909948,0.0479857380625157,0.830750712581378,0.99988016650531
"ENSG00000181873",0.0834746000388973,2.82924631402157,0.0479446723131647,0.830822140497817,0.99988016650531
"ENSG00000134030",0.0691888550889184,4.77061206848354,0.0479422443899141,0.830826089316967,0.99988016650531
"ENSG00000188026",0.119001590698184,1.6773274295001,0.0479341470245984,0.830841369294054,0.99988016650531
"ENSG00000159335",0.0459495805348645,5.54075234445071,0.0478913254291455,0.830914353925868,0.99988016650531
"ENSG00000184903",0.0469548751403804,7.61300515141754,0.0478873657922373,0.830921218530397,0.99988016650531
"ENSG00000103160",0.0620219692973092,3.06499904548267,0.0478837087441763,0.830927796727885,0.99988016650531
"ENSG00000165288",0.0403033457529548,5.56928195476815,0.0477674152116794,0.83112945548122,0.99988016650531
"ENSG00000120332",-0.0660080768797326,3.11277871967733,0.0477553702897822,0.831150620749099,0.99988016650531
"ENSG00000141971",-0.0494943910506839,4.33847030539953,0.0477537662812054,0.83115323380282,0.99988016650531
"ENSG00000158813",-0.115460744585353,1.28334449736018,0.047688836601338,0.831268709607093,0.99988016650531
"ENSG00000286185",-0.0602602863270293,2.85986464740408,0.0476206340916095,0.831384905285599,0.99988016650531
"ENSG00000108556",-0.0583102941350511,2.92553293589619,0.0476015297504305,0.831418136167198,0.99988016650531
"ENSG00000257181",-0.116932006358945,1.18306338377427,0.0475281330153713,0.831548659554354,0.99988016650531
"ENSG00000072682",-0.070850835263541,4.09625792715049,0.0474949551385611,0.831603545023906,0.99988016650531
"ENSG00000245910",-0.043634865931136,8.73740920443509,0.0474776404250447,0.831633636313601,0.99988016650531
"ENSG00000111412",-0.0368161671932952,4.75180586281162,0.0473499539835061,0.831856368796107,0.99988016650531
"ENSG00000227888",0.0401982213393899,5.24862030513353,0.0473141899496315,0.831918746867343,0.99988016650531
"ENSG00000143546",0.0461859334412955,8.93374525535482,0.047309614526899,0.831926729136869,0.99988016650531
"ENSG00000105676",-0.0392894238870837,4.87801519310601,0.0472868527000533,0.831966517122398,0.99988016650531
"ENSG00000008394",0.0467430412768047,7.1785730062603,0.0472775954400812,0.831982643545677,0.99988016650531
"ENSG00000183111",0.137732893950107,1.04034692328071,0.0471707022201964,0.832173097815746,0.99988016650531
"ENSG00000100441",0.0492659625820409,3.93389387313256,0.0471644673721288,0.832180454431792,0.99988016650531
"ENSG00000196230",0.0380940651746738,9.03165659116373,0.0471595021032144,0.832189038189084,0.99988016650531
"ENSG00000166225",0.0396235476951316,5.29195340243218,0.0471506872900633,0.832204460754269,0.99988016650531
"ENSG00000175309",-0.0346773291581508,5.95247765361741,0.0471315691753857,0.832237899338021,0.99988016650531
"ENSG00000278376",-0.135365149708488,0.312589469243564,0.0471230800010912,0.832283747642265,0.99988016650531
"ENSG00000177666",0.037105278909737,5.32770271121762,0.047080379120553,0.832327481807533,0.99988016650531
"ENSG00000140259",0.0440534262564306,5.08015902310377,0.0470673305462756,0.8323503260809,0.99988016650531
"ENSG00000254887",0.0699526018399502,3.08945707208045,0.047064873130021,0.832354829264342,0.99988016650531
"ENSG00000117010",0.0368771365185488,6.23851843699944,0.0470131673318856,0.832445170523591,0.99988016650531
"ENSG00000105701",-0.0501643296039393,6.12703074874815,0.0470128367593548,0.832445750004759,0.99988016650531
"ENSG00000284922",0.140749149282734,0.738597280049559,0.0469944788754786,0.832488444436924,0.99988016650531
"ENSG00000025708",-0.0408105718635732,6.38021104655907,0.0469476785089363,0.832559931349187,0.99988016650531
"ENSG00000235522",-0.165497783311736,0.418546257037933,0.0469461586205018,0.832582797566687,0.99988016650531
"ENSG00000293324",0.0614950229124051,2.8802740710398,0.0469073978246813,0.832630820761155,0.99988016650531
"ENSG00000104375",0.039305689958555,7.06842191511695,0.0468978069280796,0.83264738100473,0.99988016650531
"ENSG00000158796",0.043046507981526,4.60293505746942,0.0468886191634132,0.832663558519667,0.99988016650531
"ENSG00000181163",0.0357416996557874,9.10514947830652,0.0467896482508024,0.832837206053901,0.99988016650531
"ENSG00000297851",-0.137056184489153,0.666052415082811,0.0467675729882333,0.832887286830654,0.99988016650531
"ENSG00000143799",-0.0349197814963485,7.98273867092589,0.0467360139016481,0.832931423471657,0.99988016650531
"ENSG00000157833",-0.0485705182363281,4.07874661378345,0.0467216068540789,0.83295682770679,0.99988016650531
"ENSG00000115459",0.0478199808704519,4.59998222100015,0.0466781532237759,0.833033190184831,0.99988016650531
"ENSG00000162607",0.0380078440248925,5.69026718507738,0.046624430959414,0.833127622910068,0.99988016650531
"ENSG00000276136",0.0650865429252875,2.29223952199494,0.0466230788428075,0.833130562985607,0.99988016650531
"ENSG00000110619",-0.036652437483437,5.13321908055328,0.0466007408236153,0.833169312270223,0.99988016650531
"ENSG00000114473",0.0846881612378759,5.2820559831944,0.0465774806339537,0.833210251441223,0.99988016650531
"ENSG00000104413",-0.134728452001499,0.819021276921059,0.0465163552052639,0.833331759232264,0.99988016650531
"ENSG00000151500",0.0479630061242529,4.91793821668874,0.0464555588342302,0.83342506830855,0.99988016650531
"ENSG00000183337",0.0364661757169886,6.18936068362426,0.046444215611972,0.833445013412379,0.99988016650531
"ENSG00000102225",-0.0503695372957407,3.8822631497779,0.0464433358663572,0.833446667951452,0.99988016650531
"ENSG00000163430",-0.0546593201554552,3.70056500555985,0.0464369935174317,0.833457865594657,0.99988016650531
"ENSG00000164054",-0.0373022904076019,6.4155906166743,0.0464072225066677,0.833510244729343,0.99988016650531
"ENSG00000186522",0.187049012104025,0.625510984903116,0.0464142486123213,0.833513099542175,0.99988016650531
"ENSG00000269967",0.0882472363818198,1.42131219630561,0.0463822617059752,0.833556773917827,0.99988016650531
"ENSG00000188419",0.0494593626967896,4.38767568101427,0.0463158740490583,0.833671505988938,0.99988016650531
"ENSG00000139974",-0.0381992925969431,4.35809830067832,0.0463011678945559,0.83369747343458,0.99988016650531
"ENSG00000235175",-0.108169455445019,1.11633146095748,0.0462351207111166,0.833820142685759,0.99988016650531
"ENSG00000085721",-0.0393722480998411,4.50111338989692,0.0461954452093716,0.833884270475861,0.99988016650531
"ENSG00000300519",-0.0703182484058998,3.17421137361661,0.0461745354407083,0.833921400004319,0.99988016650531
"ENSG00000108405",0.11938889767235,2.20961847954088,0.0461615933539133,0.833944949037182,0.99988016650531
"ENSG00000228317",0.113256862361395,0.517722552209801,0.0461377103342226,0.833995194608963,0.99988016650531
"ENSG00000100316",0.0384068362299653,10.2185459865727,0.0460703379280233,0.834105550050438,0.99988016650531
"ENSG00000163249",-0.0320641611910096,5.36435290873203,0.0460526900726537,0.834136803706705,0.99988016650531
"ENSG00000135387",0.0326520126876845,7.68418055363515,0.0460106680614091,0.834211230545902,0.99988016650531
"ENSG00000130707",-0.0496350502742803,6.57595477083877,0.046003966595935,0.8342231045883,0.99988016650531
"ENSG00000224516",0.157352406155007,3.8031728862998,0.0459455738655046,0.834326723561624,0.99988016650531
"ENSG00000170006",-0.0490107612962463,4.93806901968407,0.0459402878714913,0.834336019919144,0.99988016650531
"ENSG00000135624",-0.0337919837583462,7.50240130064062,0.0458931439192725,0.834419586224871,0.99988016650531
"ENSG00000285458",-0.0774460026773206,2.22560884204121,0.0458586963869895,0.834481598572464,0.99988016650531
"ENSG00000086300",-0.0429445208031411,4.52717526706124,0.045762434908583,0.834651710157381,0.99988016650531
"ENSG00000167705",0.0956463768156529,2.45468835863629,0.0457565300803467,0.834662665589405,0.99988016650531
"ENSG00000133265",0.0468207246149699,4.39375705727027,0.045711398896828,0.834742418427167,0.99988016650531
"ENSG00000105220",0.0484062195229132,4.64201078822578,0.0456447900943688,0.834860867942725,0.99988016650531
"ENSG00000258096",0.249073181816784,0.737382582563059,0.0456320336913599,0.834899607675066,0.99988016650531
"ENSG00000100129",0.0505446861073288,4.24207164988412,0.045612294089676,0.834918705385734,0.99988016650531
"ENSG00000156650",-0.0477532510956235,5.13583738224461,0.0455847125936898,0.83496773986533,0.99988016650531
"ENSG00000170222",-0.0705118867488202,2.29881070428556,0.0454890116739048,0.835138775547104,0.99988016650531
"ENSG00000287808",-0.099445864590109,1.23514264912556,0.0454691220190328,0.835176097284598,0.99988016650531
"ENSG00000288075",-0.132728643129305,1.17538333642324,0.0454601114188922,0.835192800516578,0.99988016650531
"ENSG00000031823",-0.0397196714164773,5.04219173221573,0.0454423090963504,0.835221495886793,0.99988016650531
"ENSG00000261371",0.0304427997476901,7.5868220354047,0.0454101692986797,0.835278794374956,0.99988016650531
"ENSG00000223496",0.0358147579969943,5.53210068579674,0.0453875103942697,0.835319226358845,0.99988016650531
"ENSG00000165322",0.0374711646477426,4.78883560553759,0.0453107071951698,0.835456383067257,0.99988016650531
"ENSG00000262003",0.089412032360257,1.93899649155383,0.0451914509904127,0.835670425595189,0.99988016650531
"ENSG00000198336",0.211132374027239,-0.0197468220130949,0.0452057721459504,0.83567443376853,0.99988016650531
"ENSG00000174136",0.135051794925906,0.5598351776688,0.0451927987688022,0.835680252333048,0.99988016650531
"ENSG00000230454",0.107228157707115,1.46003063970675,0.0451337064305121,0.835774401636543,0.99988016650531
"ENSG00000271869",0.131903797477921,0.652583450444425,0.0451165415352446,0.835819073062677,0.99988016650531
"ENSG00000033170",0.0320572356603483,6.5858295881176,0.045091219216445,0.835848836573733,0.99988016650531
"ENSG00000063978",0.0510872763524306,3.70407891425638,0.0450863225958844,0.83585772077651,0.99988016650531
"ENSG00000102119",0.161717853239993,1.06673249989613,0.0450875038407074,0.835859073976388,0.99988016650531
"ENSG00000088986",0.0442266407003465,8.68775543442652,0.0450632112632589,0.835898993586311,0.99988016650531
"ENSG00000298362",0.0788298955635521,5.33611313447228,0.0450187844816473,0.835978599737723,0.99988016650531
"ENSG00000299077",0.102519635026206,1.6382950675833,0.0449767950970469,0.836055212601689,0.99988016650531
"ENSG00000267416",0.0880542713528711,1.33699677306899,0.0449005194704588,0.836192837122997,0.99988016650531
"ENSG00000125845",-0.0569330241168464,2.76912468566415,0.0448845091761377,0.836219721419822,0.99988016650531
"ENSG00000276231",0.0994642306317173,1.48158465772993,0.0448234467979094,0.836330510998415,0.99988016650531
"ENSG00000205268",-0.0426625584460632,7.61393062778812,0.0447789617441737,0.83640896868298,0.99988016650531
"ENSG00000160404",-0.0371314721635246,4.88883525544527,0.0447734358269028,0.836418947736085,0.99988016650531
"ENSG00000075975",0.0377362236118767,4.20139467173653,0.0447282895191947,0.836500130314163,0.99988016650531
"ENSG00000155329",-0.0379073863435673,5.37604234574128,0.0447266715436085,0.836502972774106,0.99988016650531
"ENSG00000070269",-0.044641661058629,5.16481324209569,0.0447157709849931,0.836522577218564,0.99988016650531
"ENSG00000296163",0.17306599613039,0.518057915362196,0.0446825428577407,0.83659658804479,0.99988016650531
"ENSG00000250321",-0.0405206661825404,6.42534465588634,0.0445826248826927,0.836762211645818,0.99988016650531
"ENSG00000008517",-0.0530261946806076,5.4383340886501,0.0445734867962444,0.836778675317884,0.99988016650531
"ENSG00000177239",-0.0379901625551073,4.45159433526038,0.0444978499869934,0.836915051257572,0.99988016650531
"ENSG00000167476",-0.0916883264835211,2.10357418138562,0.0444792666072792,0.836949243216323,0.99988016650531
"ENSG00000291033",-0.0486307843863096,3.3700368622504,0.044461964923774,0.83697987907822,0.99988016650531
"ENSG00000114416",0.0319819027331105,6.70215669689921,0.0444581808481952,0.836986528535354,0.99988016650531
"ENSG00000197976",-0.0386100051667739,4.99860329003463,0.0444156928122479,0.837063207317157,0.99988016650531
"ENSG00000292343",-0.0386100051667739,4.99860329003463,0.0444156928122479,0.837063207317157,0.99988016650531
"ENSG00000146414",0.0463933964775911,5.84646665592185,0.0443524364715973,0.837177399446085,0.99988016650531
"ENSG00000151665",-0.0393026985771005,5.20033670368001,0.0443436389807997,0.837193293725036,0.99988016650531
"ENSG00000137492",0.040504954891578,5.0204795376652,0.0443318145525361,0.837214674892552,0.99988016650531
"ENSG00000233785",-0.109468979850459,0.874867407779498,0.0443226216811445,0.837235574654287,0.99988016650531
"ENSG00000136810",-0.0424634597598495,9.86762376745285,0.0442838099911014,0.837301395559465,0.99988016650531
"ENSG00000073803",0.0352405774527398,5.38251534538549,0.0442766273691167,0.837314384431612,0.99988016650531
"ENSG00000251034",-0.0687357484930446,4.43450342877414,0.0442690545469289,0.837328131625006,0.99988016650531
"ENSG00000255670",0.13713065967048,0.218119320422792,0.044275051841242,0.837347126240314,0.99988016650531
"ENSG00000197162",0.0476144754655603,3.5656257163601,0.0442207034974387,0.837415641636077,0.99988016650531
"ENSG00000213866",-0.0860089564825653,2.50271381828729,0.044159722603811,0.837526320063704,0.99988016650531
"ENSG00000127989",-0.045019878502871,4.11803145087873,0.0441420329552316,0.837557959817307,0.99988016650531
"ENSG00000101665",0.0343531076892319,5.95018853471076,0.0440792597207012,0.837671590832159,0.99988016650531
"ENSG00000173511",0.0412030992198104,4.72427326296982,0.0440758861929629,0.837677759115432,0.99988016650531
"ENSG00000101161",-0.0343110039744812,5.79738168124456,0.0440578178335513,0.837710449403616,0.99988016650531
"ENSG00000197616",0.195587378105928,0.459476105695521,0.0440092647313636,0.837818321165763,0.99988016650531
"ENSG00000048991",0.0372404329941977,6.5663439173206,0.0439871656096131,0.837838554805176,0.99988016650531
"ENSG00000236255",-0.0932367304434261,1.66835454205786,0.0439310481492516,0.83794167358206,0.99988016650531
"ENSG00000286536",0.124393049787309,1.20753470851427,0.0439182614457081,0.837966205602666,0.99988016650531
"ENSG00000137462",0.0379218889518938,6.33287670177883,0.0439163660534643,0.837967038084289,0.99988016650531
"ENSG00000103479",0.0335808684460245,5.45116373564763,0.0438606565290066,0.838068216280251,0.99988016650531
"ENSG00000146938",0.175613107632292,0.198795617726319,0.0438684804391973,0.838075427815161,0.99988016650531
"ENSG00000100418",-0.0427922499960491,5.71555239206244,0.0438492077149965,0.838089015522964,0.99988016650531
"ENSG00000304076",0.124983502018227,0.352344499412725,0.0437984156988474,0.838205830130969,0.99988016650531
"ENSG00000284862",0.136989593071851,1.12213601910665,0.0437520035350336,0.838270107930498,0.99988016650531
"ENSG00000138663",0.0344100289804648,5.17786809109091,0.043719547305012,0.838324789906115,0.99988016650531
"ENSG00000198727",-0.0446400841985649,10.6680526141119,0.0436912261820557,0.838376330221993,0.99988016650531
"ENSG00000103245",-0.0551912354601764,3.36803045243854,0.0436876640585353,0.838382988485569,0.99988016650531
"ENSG00000144524",0.037863026135565,4.72706558655544,0.0436658139017928,0.838422655492214,0.99988016650531
"ENSG00000197948",0.071270782070554,2.37597958977856,0.0436151755572552,0.838515373855703,0.99988016650531
"ENSG00000171724",0.108196895361291,3.5751178086345,0.0435948542359863,0.838552112198211,0.99988016650531
"ENSG00000188643",-0.0748153761741336,2.17363498267618,0.0435807712582108,0.838578220122711,0.99988016650531
"ENSG00000294414",-0.155338041209193,0.4455904858451,0.0435833365843117,0.838586715537651,0.99988016650531
"ENSG00000183323",0.0412713504023888,4.53705005279087,0.0435439837292642,0.838644669239241,0.99988016650531
"ENSG00000166747",-0.0328018622036664,5.63235156756914,0.0434899038742958,0.838743264784193,0.99988016650531
"ENSG00000187792",0.105750665588734,1.69640370424913,0.043438454092653,0.838838508038603,0.99988016650531
"ENSG00000149212",-0.0367303645133814,5.27047416636111,0.0434323635389157,0.838848365625243,0.99988016650531
"ENSG00000225611",0.135507173465544,0.184287428561134,0.043408819307687,0.838922506069421,0.99988016650531
"ENSG00000151065",-0.0652320186570917,2.87114852914257,0.043338356438769,0.83902035792626,0.99988016650531
"ENSG00000172586",-0.0380255755127222,6.41256184565551,0.0433319540378524,0.839031765807655,0.99988016650531
"ENSG00000293969",-0.122970674317385,0.500230685700278,0.0433194035332601,0.839067042699391,0.99988016650531
"ENSG00000177917",-0.0383079349700559,5.31425507486863,0.0433082627108655,0.839075091637269,0.99988016650531
"ENSG00000172531",-0.0406149457002805,7.3900882654102,0.0432618458226408,0.839159997345001,0.99988016650531
"ENSG00000283897",0.178959014016163,0.171584028871608,0.0432567135090512,0.839210306210249,0.99988016650531
"ENSG00000135249",0.039163466025995,4.47802727065958,0.0432336679554446,0.839211629305219,0.99988016650531
"ENSG00000182220",-0.0369294244552126,6.89837577247154,0.0432052208785511,0.839263647825728,0.99988016650531
"ENSG00000260691",0.100677558534032,1.0003578985477,0.0431802584171251,0.839314872395241,0.99988016650531
"ENSG00000144028",0.0320281489470646,6.68547390843055,0.0431423493752326,0.839378815871174,0.99988016650531
"ENSG00000129355",0.0868904493460826,1.90536241139555,0.0431266673390042,0.839408679156456,0.99988016650531
"ENSG00000129932",0.0460099224811933,4.06101051909548,0.043104720176765,0.839447873647707,0.99988016650531
"ENSG00000155974",-0.0449052674377387,5.3457701269676,0.0430839519758847,0.839485871592702,0.99988016650531
"ENSG00000115138",0.0936580192575369,3.62986372345872,0.0430648039508953,0.839521108996488,0.99988016650531
"ENSG00000113205",-0.127197895352041,0.279384465163683,0.0430330859802464,0.83959894676641,0.99988016650531
"ENSG00000293320",-0.0430573022236094,5.11499333587229,0.0430077861127226,0.839625630311644,0.99988016650531
"ENSG00000221914",-0.0306395333239905,6.86440325288549,0.0429703969570941,0.839694246752306,0.99988016650531
"ENSG00000274927",-0.0879923715285404,1.34497918835398,0.0429521447226347,0.839730672398985,0.99988016650531
"ENSG00000084092",-0.0475085014940823,3.66232936156887,0.0428870346657204,0.839847529626905,0.99988016650531
"ENSG00000069849",0.032331093544777,6.71169375270737,0.0428823267787877,0.839856059587441,0.99988016650531
"ENSG00000108239",0.034831041310022,6.04032204628858,0.0428032351012526,0.840001525299932,0.99988016650531
"ENSG00000227740",-0.0556580103371122,3.3920618854154,0.042757735754648,0.8400854240219,0.99988016650531
"ENSG00000182199",0.0401589271866905,6.08287723671309,0.0427448700956723,0.840108960021937,0.99988016650531
"ENSG00000302479",0.163200646224188,0.0247470364837815,0.0427411104103351,0.840144846762897,0.99988016650531
"ENSG00000160131",-0.034672856016815,6.3396451818533,0.0426915350744744,0.84020720221951,0.99988016650531
"ENSG00000160219",-0.0407398219323769,4.44251579747847,0.0426790124469286,0.840230337603749,0.99988016650531
"ENSG00000198700",-0.0329471125052672,6.27645404641019,0.0426041361167997,0.840368329592293,0.99988016650531
"ENSG00000144674",-0.0374862273328856,7.00275228912394,0.0425524121593036,0.840463767489157,0.99988016650531
"ENSG00000290908",-0.0618661341327553,3.08789552052846,0.0425523956955747,0.84046404409653,0.99988016650531
"ENSG00000185834",-0.0551341856347322,2.98373511252529,0.0424140108111558,0.840719694466625,0.99988016650531
"ENSG00000289405",0.0649941660332561,3.35882098320499,0.0423274478096676,0.84087971825335,0.99988016650531
"ENSG00000158089",-0.138249294851145,0.182141941923332,0.0423399061286628,0.840880924117108,0.99988016650531
"ENSG00000101997",-0.0539030133865617,3.23395462912958,0.0423027542802987,0.840925486976255,0.99988016650531
"ENSG00000134780",0.0760688324888479,2.39091077387839,0.0422938052662565,0.840942324386613,0.99988016650531
"ENSG00000074319",0.0358272639970432,5.99203928070339,0.0422687617757827,0.840988231674049,0.99988016650531
"ENSG00000286134",0.0827723052812332,1.55305499413957,0.0422541742419605,0.841016803350916,0.99988016650531
"ENSG00000175470",0.0362102684286653,4.77601451139577,0.0422320294999861,0.841056331901375,0.99988016650531
"ENSG00000157613",0.129289052550086,2.89330750770802,0.0422162697172371,0.841085725470997,0.99988016650531
"ENSG00000302740",0.126868404678066,0.634308300033689,0.0422176484439931,0.841093761281573,0.99988016650531
"ENSG00000163479",-0.038174013337628,7.48631938723203,0.0421764109660896,0.841159381104873,0.99988016650531
"ENSG00000213888",0.085861690435885,1.21160276423195,0.0421203023214352,0.841265886975621,0.99988016650531
"ENSG00000154639",0.140570854915757,0.626328794205062,0.0421197853862318,0.841271944786466,0.99988016650531
"ENSG00000175756",0.0370437768370219,6.94674328720355,0.0421007587386695,0.841299731925477,0.99988016650531
"ENSG00000143207",0.0325882112621394,7.92040075992538,0.0420490208420037,0.84139579177023,0.99988016650531
"ENSG00000294200",-0.0912033156151075,1.3498905868773,0.0420379892131831,0.841418519439813,0.99988016650531
"ENSG00000258325",-0.0924510455705925,1.87755860056084,0.0420318315652593,0.841429089973986,0.99988016650531
"ENSG00000174547",0.0383674811233759,5.78296708453676,0.0419936169138689,0.841498730556372,0.99988016650531
"ENSG00000143222",-0.0356377221216245,6.76711282780869,0.0419414629379994,0.841595690347259,0.99988016650531
"ENSG00000105376",0.166468122312705,0.0335801437116815,0.0419450357476089,0.841621456644814,0.99988016650531
"ENSG00000189045",0.0818728888268342,1.38610864557278,0.0419214237036045,0.841634748520375,0.99988016650531
"ENSG00000308510",-0.0406840006833801,5.75233972971258,0.0418926446719547,0.841686510656154,0.99988016650531
"ENSG00000255946",0.12740045743378,0.568571664773017,0.0418963658561462,0.84168795422479,0.99988016650531
"ENSG00000270249",-0.102369293145344,0.5045470645282,0.0418879520058666,0.841705795535983,0.99988016650531
"ENSG00000055483",0.031480107921456,5.44799749225623,0.0418541200297128,0.841758219395788,0.99988016650531
"ENSG00000224216",-0.0776057762097671,2.51805756006856,0.0417439654158233,0.841963859404075,0.99988016650531
"ENSG00000272462",-0.109797413497746,0.40241307263857,0.0417150651989436,0.842037966802099,0.99988016650531
"ENSG00000163811",0.0326679938710457,6.4032743873761,0.0416936836532249,0.842057214389629,0.99988016650531
"ENSG00000146701",-0.0374107327847017,8.18069908143992,0.0416517986343516,0.842135371524867,0.99988016650531
"ENSG00000285053",-0.0725046243626405,1.78363818730137,0.0416354061172072,0.842166974688814,0.99988016650531
"ENSG00000223768",-0.0655269193141907,3.50304211715677,0.0415962066209179,0.842239319003098,0.99988016650531
"ENSG00000101972",-0.0436578024279841,6.61508734309524,0.041533200935973,0.842356901000329,0.99988016650531
"ENSG00000269427",-0.117789014241815,0.197025572533467,0.0415463824252815,0.842358316223852,0.99988016650531
"ENSG00000100592",-0.0450349613883591,3.62999464826358,0.0415254045458808,0.842371594707615,0.99988016650531
"ENSG00000170365",-0.0803258628727677,1.82318431774047,0.0415232079297677,0.842376701684157,0.99988016650531
"ENSG00000166326",-0.0361978984664693,6.81830943140965,0.0415057579100787,0.84240820871636,0.99988016650531
"ENSG00000240230",-0.0354831385686181,4.61585323744086,0.0414790046890406,0.842458301513221,0.99988016650531
"ENSG00000196357",-0.0658078909050692,3.50170790921062,0.0414717479407149,0.842471957810731,0.99988016650531
"ENSG00000140988",0.0421620043845378,11.1860775656066,0.041461000216566,0.842491925804431,0.99988016650531
"ENSG00000006712",-0.0485427609765718,3.87586065515081,0.0414528825023476,0.842507219874932,0.99988016650531
"ENSG00000103111",-0.065653393101195,2.088229084251,0.041396634825349,0.842613147478501,0.99988016650531
"ENSG00000131373",-0.0408869654741199,4.43301502374266,0.0413210255577618,0.842754111845792,0.99988016650531
"ENSG00000168214",-0.0298870704642466,7.9622154220263,0.0412878603335519,0.842816223804478,0.99988016650531
"ENSG00000109971",-0.0335010483012405,9.09570164726278,0.0412264255812734,0.842931464179138,0.99988016650531
"ENSG00000127184",0.0368214183644488,8.38860272152564,0.0412087556395865,0.842964626460091,0.99988016650531
"ENSG00000225885",0.102252122702954,2.0298164270639,0.0411048081297084,0.843160551675092,0.99988016650531
"ENSG00000111906",-0.0319562635447724,6.02746107665918,0.0410729981957778,0.843219660894435,0.99988016650531
"ENSG00000299210",0.0765886620150658,3.35984078384829,0.0410602177483311,0.843243888203127,0.99988016650531
"ENSG00000176978",0.0325372320617325,6.51731616875896,0.0410357224101977,0.843289762719061,0.99988016650531
"ENSG00000068097",-0.0391578453560663,4.23715248016179,0.0410352912820072,0.843290640072386,0.99988016650531
"ENSG00000309326",-0.167574760092856,0.345225992906287,0.0410399514352341,0.843297983899721,0.99988016650531
"ENSG00000300981",0.202246298488784,0.250492317444411,0.0410211773630053,0.843338577583644,0.99988016650531
"ENSG00000168356",0.177726024570661,0.527251351200963,0.0410101615440135,0.843349604447486,0.99988016650531
"ENSG00000148180",-0.0336166793626548,9.04721781411427,0.0409995720728903,0.843357779514978,0.99988016650531
"ENSG00000031003",0.0371117086015617,6.44112865520005,0.0409882701067809,0.843379052096424,0.99988016650531
"ENSG00000279124",0.0852545014408619,1.39076451486499,0.0409807558935907,0.843395342216565,0.99988016650531
"ENSG00000115756",0.0452778827349241,6.10659426355414,0.0409642823297159,0.843424210284519,0.99988016650531
"ENSG00000254064",0.0876153814595699,0.933901684612505,0.0409318935521473,0.843489817431103,0.99988016650531
"ENSG00000153790",0.0544400192977958,3.18678705610202,0.0409055638398934,0.843534995871731,0.99988016650531
"ENSG00000166839",0.0637324307118522,2.86173645358521,0.0409017782611552,0.843542201695316,0.99988016650531
"ENSG00000102908",0.0345388128800648,7.18986610967549,0.0408842436001106,0.843574983785028,0.99988016650531
"ENSG00000155100",-0.0583917215009718,4.68306233529194,0.0408283063614395,0.843680499081087,0.99988016650531
"ENSG00000158417",0.0314403117101335,7.61341827087011,0.040570422636909,0.844167643719943,0.99988016650531
"ENSG00000157240",-0.0528221709217027,3.37456553236462,0.040542823914607,0.844220024341255,0.99988016650531
"ENSG00000165502",-0.0384098523857493,8.24176261376998,0.040536254753272,0.844232314925834,0.99988016650531
"ENSG00000165731",0.0505532756778365,5.00183195851851,0.0404146854954841,0.844462743957927,0.99988016650531
"ENSG00000204138",-0.0363314580008216,6.69589523063442,0.0403950309758085,0.844499919585924,0.99988016650531
"ENSG00000088256",0.0778111649647596,3.89814743422279,0.0403269855383651,0.844629127247701,0.99988016650531
"ENSG00000205682",0.131607740514579,0.373150899155733,0.0403133639207657,0.844670342361773,0.99988016650531
"ENSG00000005073",-0.0402173821044434,3.79838209457658,0.0403050329925171,0.844670814627656,0.99988016650531
"ENSG00000143621",0.0322783685319345,7.68183092281582,0.0402849741158985,0.84470880380544,0.99988016650531
"ENSG00000287050",-0.110108725983359,0.378614534328045,0.04029131326658,0.844713955363423,0.99988016650531
"ENSG00000197020",0.0441082562773522,4.87475412769036,0.0402766941762683,0.844724568800731,0.99988016650531
"ENSG00000114745",0.0389831779205064,4.09450412190739,0.0402535841614984,0.844768508654735,0.99988016650531
"ENSG00000161547",0.0324376586341797,8.14633858441919,0.040234358504952,0.84480497067497,0.99988016650531
"ENSG00000228429",-0.163104758653355,0.426341339611783,0.0402437314043528,0.844821950214102,0.99988016650531
"ENSG00000159596",0.0336726799379723,6.09524945574309,0.0402164401352709,0.844839031491351,0.99988016650531
"ENSG00000139055",0.0876345395794094,1.6757447065459,0.0401956413030725,0.844879951674342,0.99988016650531
"ENSG00000102271",-0.138901693572171,0.499447193313556,0.0401374325220661,0.844984210961719,0.99988016650531
"ENSG00000298630",0.0352800120673398,4.864303450466,0.0401048511060011,0.845051360770136,0.99988016650531
"ENSG00000128923",-0.0295003899788713,5.92338272685194,0.0400867004021137,0.845085876594677,0.99988016650531
"ENSG00000127483",-0.0328898655475661,7.26723928504721,0.0400758419449405,0.84510655320661,0.99988016650531
"ENSG00000189108",0.0859780705164409,2.00126487414913,0.0400672204474019,0.845123826983386,0.99988016650531
"ENSG00000108798",-0.11889528261387,0.994994829336125,0.0400634807572089,0.845133833971778,0.99988016650531
"ENSG00000109944",0.0416023777985585,3.85774967388055,0.0400479322004607,0.845159820610415,0.99988016650531
"ENSG00000197696",0.0424866205610743,3.9677753780257,0.0399869955221113,0.845275962010068,0.99988016650531
"ENSG00000084090",-0.0278539516924954,7.183192108082,0.0399691717892055,0.845309846760522,0.99988016650531
"ENSG00000157593",-0.05756238259902,4.20053488357898,0.0399153932027286,0.845412516194534,0.99988016650531
"ENSG00000290644",0.0605576977963459,2.4571357961728,0.0398847624730244,0.845471308525758,0.99988016650531
"ENSG00000267871",0.0749484699878619,2.18715569377425,0.0398819036414229,0.845477071504602,0.99988016650531
"ENSG00000296721",-0.0872395332726573,1.72060804946978,0.0398720879038471,0.845496231107945,0.99988016650531
"ENSG00000105186",0.0372876055377159,4.77545401488081,0.0398669024301049,0.845505067987406,0.99988016650531
"ENSG00000150768",-0.0338651269526653,4.99184549538567,0.0397671854563931,0.845695602775438,0.99988016650531
"ENSG00000136231",-0.0847949173335556,1.54389313015935,0.0397493832463194,0.845731715388723,0.99988016650531
"ENSG00000187555",0.0315730495016502,6.11989480465815,0.0397459955860344,0.84573609829157,0.99988016650531
"ENSG00000156671",-0.0345482663522121,4.75551161650592,0.0396945211808492,0.845834630799096,0.99988016650531
"ENSG00000298414",-0.190845964656309,2.81579154943724,0.0396730295831943,0.845876112656723,0.99988016650531
"ENSG00000161904",0.0390847364381355,5.15032933463289,0.0396555683754165,0.845909167906217,0.99988016650531
"ENSG00000304654",0.107615682923866,0.313392213931652,0.0396497196703698,0.845945131608695,0.99988016650531
"ENSG00000133704",-0.0347025332653331,5.17444584046852,0.0396098794763463,0.845996688170004,0.99988016650531
"ENSG00000236305",-0.106992023589769,0.682867194524263,0.0395694805692514,0.846083299187428,0.99988016650531
"ENSG00000058600",-0.0355140161365524,4.54275871404238,0.0395328126045993,0.846144487024796,0.99988016650531
"ENSG00000174839",0.0424381483512597,4.67823735362807,0.0394845434291667,0.846237093244374,0.99988016650531
"ENSG00000282933",0.117365740835457,0.556176628404365,0.0394839024055728,0.846247121457201,0.99988016650531
"ENSG00000304647",-0.136645019560257,0.333963969938401,0.0394826419318054,0.846263603488148,0.99988016650531
"ENSG00000298227",0.082472932731477,1.3427761596966,0.039454810734098,0.846296117889474,0.99988016650531
"ENSG00000100288",-0.141793893524392,-0.0217387254143796,0.0394518858127744,0.846336193980406,0.99988016650531
"ENSG00000136379",-0.0419685214989337,4.33026220999087,0.0393409404553622,0.84651298470865,0.99988016650531
"ENSG00000258312",0.158325388513157,0.281310050641003,0.0393317333167571,0.846544974528704,0.99988016650531
"ENSG00000297562",-0.167940628268975,0.581310690755421,0.0393090125989969,0.846588833883988,0.99988016650531
"ENSG00000133401",0.0417307267134741,4.47732126325692,0.0392826052536203,0.846625203616393,0.99988016650531
"ENSG00000163993",-0.107966757492434,1.18025907574612,0.0392810419139183,0.846632025840329,0.99988016650531
"ENSG00000250102",0.091433701421539,2.67328157093662,0.0392714903142292,0.846646824181993,0.99988016650531
"ENSG00000310323",-0.0658572970002689,2.23095619143463,0.0392681084555698,0.84665367611193,0.99988016650531
"ENSG00000088298",0.0337985646695723,5.91173168261828,0.0392646675844194,0.846659670027777,0.99988016650531
"ENSG00000064652",0.0432435142728301,4.65247518669215,0.0392474705585064,0.846692829617795,0.99988016650531
"ENSG00000100151",-0.0667935676116842,2.3740716029045,0.0392240159167319,0.846738495767383,0.99988016650531
"ENSG00000274523",-0.0324310125081446,5.73178080349224,0.0392222851635744,0.846741276427319,0.99988016650531
"ENSG00000130584",-0.0343005832223539,5.80359613152994,0.0391963305809867,0.846791272688684,0.99988016650531
"ENSG00000187688",-0.0311416776891181,5.08964289335945,0.0390848515908475,0.847006226942339,0.99988016650531
"ENSG00000125503",-0.0305638807378995,5.94766869514531,0.0390810350733191,0.847013578510356,0.99988016650531
"ENSG00000308101",0.105936626495716,2.38936522476941,0.0390757929055477,0.847024553886702,0.99988016650531
"ENSG00000196376",-0.0482920815249675,6.07241901697222,0.0390392100323073,0.847094307884162,0.99988016650531
"ENSG00000255921",-0.0791124759667129,1.52909727642643,0.0390243408616723,0.847124432829466,0.99988016650531
"ENSG00000115760",0.0325961352244383,7.8144614880083,0.0390158729606279,0.847139369468017,0.99988016650531
"ENSG00000120162",0.0826703216673633,2.17181235634694,0.0390045913406782,0.847161791684481,0.99988016650531
"ENSG00000154654",0.0438657333782815,9.49995634565867,0.0389651141826057,0.847237433132283,0.99988016650531
"ENSG00000171794",0.122257997239177,1.4294142950735,0.0389622508373426,0.84724652591757,0.99988016650531
"ENSG00000106211",0.0395264716029557,8.96959917702595,0.0389321529580917,0.84730114849339,0.99988016650531
"ENSG00000180488",-0.0464272251480814,4.33197950472699,0.0389138457857363,0.847336611380903,0.99988016650531
"ENSG00000158042",0.032560769916693,5.81026131127648,0.0389015907250645,0.847360254556312,0.99988016650531
"ENSG00000294115",-0.0708610468358491,2.71468551660108,0.0388704409070826,0.847420809028766,0.99988016650531
"ENSG00000182208",-0.0504437005506995,3.1466345283862,0.0388538518813995,0.847452821748923,0.99988016650531
"ENSG00000164118",-0.0463344063511078,3.37456157419174,0.038836667250737,0.847486042874153,0.99988016650531
"ENSG00000183172",-0.0401394699191441,5.12363087233348,0.0387945305170374,0.847567497381062,0.99988016650531
"ENSG00000106034",-0.0934835187831376,1.82853294710889,0.0387716270257174,0.84761281672165,0.99988016650531
"ENSG00000167085",0.0338521119681945,6.81567367989051,0.0387119513549503,0.847727530782939,0.99988016650531
"ENSG00000065183",0.0356428346631095,5.58433004372168,0.0386799524684506,0.847789599095691,0.99988016650531
"ENSG00000102003",-0.123008198517869,0.308532562602421,0.038682155473598,0.847802895309838,0.99988016650531
"ENSG00000008311",-0.135495164213655,0.647743817527743,0.0386737231853157,0.847813187346844,0.99988016650531
"ENSG00000106031",-0.0558998615966655,4.21378188239769,0.0386512708912735,0.847845324646523,0.99988016650531
"ENSG00000175203",-0.0388294213315139,4.69488757815204,0.0386286270754274,0.847889256572929,0.99988016650531
"ENSG00000138795",0.09681111395922,1.3772558040543,0.0386215679403239,0.847905334648394,0.99988016650531
"ENSG00000223745",0.0337059787238171,6.90123592376457,0.0385614653519737,0.848019647694124,0.99988016650531
"ENSG00000301432",0.0929017582635231,1.9035420827078,0.0385415121463675,0.848060063757476,0.99988016650531
"ENSG00000304391",0.110626692737957,0.494037171338122,0.0385333420055151,0.848083150332316,0.99988016650531
"ENSG00000102393",-0.0375459952892484,6.55913830734388,0.0384956129161512,0.848147664875368,0.99988016650531
"ENSG00000171714",0.0970206103637665,1.43671350050365,0.0384655498297978,0.848207899330717,0.99988016650531
"ENSG00000171100",-0.044400849805468,4.30136967673597,0.0384626966739652,0.84821176481452,0.99988016650531
"ENSG00000154723",-0.0388683305632862,7.99945825699895,0.0384261302362515,0.848282861749474,0.99988016650531
"ENSG00000159352",0.0301636801118132,7.11941617702414,0.0384158128392847,0.848302948221114,0.99988016650531
"ENSG00000147180",-0.0751594198537982,2.10292903626891,0.038396575834798,0.848341126500168,0.99988016650531
"ENSG00000173692",-0.0283441286653268,7.08209632751189,0.0383822173006868,0.848368372468707,0.99988016650531
"ENSG00000101210",0.168880723096305,3.61287462979302,0.0383795494237249,0.848373743268886,0.99988016650531
"ENSG00000064999",0.0289103364526095,6.17823144208583,0.0383551754672884,0.848421056727595,0.99988016650531
"ENSG00000154330",-0.122183579895126,0.407204315427514,0.0383354657113908,0.848473423823621,0.99988016650531
"ENSG00000267680",-0.0481216188671634,3.99656684481239,0.0383110912438204,0.848507062521302,0.99988016650531
"ENSG00000225610",-0.0982550150365827,1.53885768907687,0.0382544168832482,0.848619422494789,0.99988016650531
"ENSG00000186076",-0.141972941972491,0.149831320357346,0.0382538094453563,0.848650494563563,0.99988016650531
"ENSG00000287374",0.116027627853749,0.33324794279516,0.0382456043523094,0.848652392100667,0.99988016650531
"ENSG00000168014",0.0427000539126368,4.67749464490759,0.0382245215743649,0.848675919360987,0.99988016650531
"ENSG00000128602",0.131788078625167,0.677971995227515,0.0382246476419855,0.848684888637863,0.99988016650531
"ENSG00000001460",-0.0827145220751428,2.64914684886131,0.0382074458326736,0.848709581593882,0.99988016650531
"ENSG00000228559",-0.0780358925623768,2.15330221958423,0.0381860065577616,0.848751790395737,0.99988016650531
"ENSG00000164659",0.0445176163409452,4.26248843131748,0.0381637391472507,0.848794630841443,0.99988016650531
"ENSG00000116717",-0.0323694903967821,4.69861053934978,0.0381591343445418,0.84880361749579,0.99988016650531
"ENSG00000064012",-0.0300145396671724,5.71869199058592,0.0381536773958073,0.848814229159271,0.99988016650531
"ENSG00000185532",0.0760452784486848,2.05897595232058,0.0381269516340762,0.848867314553291,0.99988016650531
"ENSG00000011105",0.072060037385101,2.04927364424928,0.0381153679058738,0.848889793046602,0.99988016650531
"ENSG00000107404",0.0463983007358199,3.96605858834436,0.0381063753561779,0.848906772549634,0.99988016650531
"ENSG00000113648",0.0326488467553469,9.64672544811046,0.0380923766959638,0.848934053079558,0.99988016650531
"ENSG00000235189",0.133846987872846,0.845895057316483,0.0380809983045182,0.848965239157754,0.99988016650531
"ENSG00000132912",-0.0302677861759697,5.92448830774064,0.0380564036762039,0.849004419898098,0.99988016650531
"ENSG00000140632",-0.03457323470905,6.73047461105372,0.037992602614629,0.849129300939782,0.99988016650531
"ENSG00000274104",0.12313350639444,0.484734334496345,0.0379787547410151,0.849174917077514,0.99988016650531
"ENSG00000049769",0.066364061964138,2.62081026866018,0.0379614473231946,0.849190668371138,0.99988016650531
"ENSG00000196358",-0.079503845167667,1.4871955639028,0.0379519459781774,0.84921069156146,0.99988016650531
"ENSG00000165671",0.0301080032969258,6.30945391132694,0.0379245167433002,0.849262691524579,0.99988016650531
"ENSG00000226067",0.0313279450045941,6.09466554881664,0.0379092582967318,0.849292602555855,0.99988016650531
"ENSG00000263033",0.120311927901452,0.116254135283181,0.0378990771334613,0.849330909426028,0.99988016650531
"ENSG00000125912",0.0279001003783421,5.75532536151468,0.0378802032771414,0.849349576630497,0.99988016650531
"ENSG00000102221",-0.0596568562814629,2.3489256425595,0.037844962903207,0.849419238060606,0.99988016650531
"ENSG00000146909",-0.0373646487667078,5.04989120392616,0.037811902181843,0.849483611822453,0.99988016650531
"ENSG00000074603",-0.0317471299129518,6.13749411091278,0.0377647952874055,0.849576099332365,0.99988016650531
"ENSG00000156931",-0.0293855657826478,5.45339449623216,0.0377237456480096,0.849656761314127,0.99988016650531
"ENSG00000070366",0.0349370475457049,4.65267950924484,0.0376796228095433,0.849743560020725,0.99988016650531
"ENSG00000121075",0.0776817599827774,1.90840287241866,0.0376745974613191,0.849754370787191,0.99988016650531
"ENSG00000309428",0.0574028297629075,3.20104821709618,0.0376711000508687,0.849760452040766,0.99988016650531
"ENSG00000242880",-0.147562197206491,0.39191038637589,0.037633733770814,0.849850242219791,0.99988016650531
"ENSG00000132635",0.0557941392101918,2.88860475895325,0.0376224596281854,0.849856230433203,0.99988016650531
"ENSG00000204130",0.0410545459990937,4.16420271723074,0.0375921077325903,0.849915791388959,0.99988016650531
"ENSG00000183023",0.046833624834395,9.04544441260507,0.0375652598438485,0.849968599815342,0.99988016650531
"ENSG00000167136",0.0366237805501403,4.42311942854452,0.0375504452860504,0.84999784720867,0.99988016650531
"ENSG00000090932",0.138918550765862,0.399025259270857,0.0375250666511189,0.850060841252177,0.99988016650531
"ENSG00000134318",0.0348778960267243,6.27067849704228,0.0375048032939201,0.850087738143386,0.99988016650531
"ENSG00000265944",0.0896687502536407,1.52341652461231,0.0374957255465299,0.850107503398814,0.99988016650531
"ENSG00000225921",0.0304775546446333,5.65915144686596,0.0374938905312032,0.850109255549757,0.99988016650531
"ENSG00000130338",0.0366894988885277,4.61797072702405,0.0374831202920259,0.850130540721321,0.99988016650531
"ENSG00000259460",0.073659562770661,2.07870368284244,0.0374528933330163,0.850190955361201,0.99988016650531
"ENSG00000133935",-0.0355033555763765,4.45708479944741,0.0374478572955836,0.850200106641875,0.99988016650531
"ENSG00000303688",0.111647960587219,0.899708304641628,0.0373817846325439,0.850335006108031,0.99988016650531
"ENSG00000121903",0.058577197152376,2.58790698949571,0.0373550967781393,0.850383527086092,0.99988016650531
"ENSG00000132128",0.0302732446136914,6.81883253045093,0.037350817391857,0.850391637505774,0.99988016650531
"ENSG00000205078",0.098225621590438,1.2573546417837,0.0373517681726495,0.850392293226138,0.99988016650531
"ENSG00000283390",0.072649823004377,2.02526363982499,0.0373353514347666,0.850423101556159,0.99988016650531
"ENSG00000086827",0.0397244506233057,3.9896048169123,0.0372659997069845,0.850559387549387,0.99988016650531
"ENSG00000291031",-0.14541946718124,0.203299416864251,0.0372730524961456,0.850569398500118,0.99988016650531
"ENSG00000074966",-0.0367314073594974,4.13150125352597,0.0372092636897031,0.850671644266792,0.99988016650531
"ENSG00000139131",0.0319564180291227,5.3976717863734,0.0372057493367703,0.850678539009954,0.99988016650531
"ENSG00000196862",-0.0574653187643903,2.45786618489566,0.0371782921111971,0.850733305099761,0.99988016650531
"ENSG00000122912",0.0510602814990302,4.56007222588763,0.0371773090479026,0.850734904293737,0.99988016650531
"ENSG00000163082",0.0989235229809136,2.36096653464171,0.0371360743101017,0.850817003179462,0.99988016650531
"ENSG00000165526",-0.037525314544013,4.16737741438511,0.0371353106206506,0.85081812034485,0.99988016650531
"ENSG00000249572",-0.0977635067042955,1.10026991652667,0.0371365160130277,0.850818812692962,0.99988016650531
"ENSG00000135446",0.0268385199082596,6.6515198381319,0.037129778275212,0.850829013072236,0.99988016650531
"ENSG00000165609",0.0428418798748294,6.28885470805755,0.0371269437096849,0.850834631045785,0.99988016650531
"ENSG00000290960",0.135917902875477,0.24649645944918,0.037126713317629,0.850854252265935,0.99988016650531
"ENSG00000169957",-0.0555132737200546,4.01737963809907,0.0371124210210714,0.850863504824106,0.99988016650531
"ENSG00000171109",-0.0402713653687507,4.16794335210551,0.0371112064333983,0.850865888602889,0.99988016650531
"ENSG00000113593",0.0292380746520221,5.02254616218342,0.0370438400115464,0.850999450293591,0.99988016650531
"ENSG00000150779",-0.0336181036167532,6.63502141879515,0.0370401588241032,0.851006730923676,0.99988016650531
"ENSG00000107290",-0.0298901721206092,6.48113325181965,0.0370282801717032,0.851030303556382,0.99988016650531
"ENSG00000160948",-0.0372541006764609,6.05942833761137,0.0370104947178978,0.851065606262834,0.99988016650531
"ENSG00000119689",0.0425999629092384,3.86818052580627,0.0369143332219032,0.851256718883325,0.99988016650531
"ENSG00000293016",0.129107921783202,3.12852669413709,0.0369144506407558,0.851256833320699,0.99988016650531
"ENSG00000159131",0.0295174620568467,6.20747466699766,0.0369092658790807,0.851266698527128,0.99988016650531
"ENSG00000158792",0.0711007402284036,2.54764129661189,0.0368860428216391,0.851313274141186,0.99988016650531
"ENSG00000008869",0.0340936670671212,4.57296303961096,0.0368658574191273,0.851353072050531,0.99988016650531
"ENSG00000125037",-0.0327644000250362,6.4351551069454,0.036818545145885,0.85144716030431,0.99988016650531
"ENSG00000303426",0.12049414559638,2.36818513225354,0.0368181888340303,0.851448284011966,0.99988016650531
"ENSG00000249948",0.0585433633771012,3.18280258802417,0.0367522636781246,0.851579347636598,0.99988016650531
"ENSG00000169635",-0.0336668114843924,4.78119649552955,0.036748401482098,0.851586897085457,0.99988016650531
"ENSG00000143149",0.0323525501531376,4.98960666790985,0.0367470861223869,0.851589494282586,0.99988016650531
"ENSG00000103275",0.0295083400452077,7.55125939058544,0.036698471300442,0.851686366995037,0.99988016650531
"ENSG00000251273",0.117824267077474,0.623505399672028,0.0367025621849332,0.851689601321124,0.99988016650531
"ENSG00000197885",-0.0636516430491507,3.74074490623078,0.0366823432524524,0.851718645481835,0.99988016650531
"ENSG00000147687",0.029085801117185,5.54804324572879,0.0366317691714627,0.851819428380879,0.99988016650531
"ENSG00000132953",0.0327832788184798,5.93798792931496,0.0365842388239967,0.851914317589487,0.99988016650531
"ENSG00000136527",-0.0273159101271614,7.74164001117836,0.0365809432831682,0.851920897225771,0.99988016650531
"ENSG00000290791",-0.0418963509229472,3.46082972251658,0.0365312159011537,0.852020379595669,0.99988016650531
"ENSG00000171953",0.0408886244815849,3.42096642859265,0.0364977301416984,0.852087331331707,0.99988016650531
"ENSG00000135636",0.148020131538953,0.274537413522067,0.0365034171616936,0.852095831356583,0.99988016650531
"ENSG00000142002",-0.0278138879332315,5.90111878126248,0.0364801111013894,0.85212242497871,0.99988016650531
"ENSG00000176055",0.064540723446704,2.46645398310339,0.0364740988336801,0.852134920299916,0.99988016650531
"ENSG00000139343",0.0347916943776916,8.43996052669075,0.0364543058602296,0.852174044387931,0.99988016650531
"ENSG00000099326",0.0579722783156478,3.54301897712631,0.0364054652981658,0.852271924579351,0.99988016650531
"ENSG00000198081",-0.0559474713144349,2.92725149282794,0.0363744183846545,0.852334213802947,0.99988016650531
"ENSG00000151388",-0.120317210118549,0.519716452617302,0.0363740926698297,0.852346357393873,0.99988016650531
"ENSG00000127337",0.0410374416575747,4.16212583364352,0.0363429080216537,0.852397182233844,0.99988016650531
"ENSG00000285926",0.096059781645343,2.48488460960657,0.0362934235289211,0.852496768575217,0.99988016650531
"ENSG00000117505",-0.031036683803591,6.69731033285672,0.0362782883149753,0.852526663404913,0.99988016650531
"ENSG00000179331",-0.0458709894807283,5.04404187607554,0.036267579600624,0.852548150978681,0.99988016650531
"ENSG00000168152",-0.119794090813442,0.719310799002416,0.0362186912313231,0.852652467941961,0.99988016650531
"ENSG00000134574",0.035615861697158,4.93405598237321,0.0361981528853556,0.852687519250421,0.99988016650531
"ENSG00000040275",0.0401769096929977,3.9966834299759,0.0361084496356676,0.852867831775947,0.99988016650531
"ENSG00000107175",0.0552022433482054,3.96804638835952,0.0360922952905239,0.852900308939954,0.99988016650531
"ENSG00000170242",-0.0330174942109118,6.35237477663721,0.0360897930712666,0.852905266354437,0.99988016650531
"ENSG00000270872",0.0545343787255405,3.08237570167756,0.0360878237332614,0.852909435880204,0.99988016650531
"ENSG00000196961",0.0310026324736773,4.85322951922545,0.0360818548636221,0.852921278186329,0.99988016650531
"ENSG00000234915",-0.060113648195625,2.51057327252896,0.0360239275952586,0.853038180081738,0.99988016650531
"ENSG00000163281",-0.0511821457821592,3.22971927144901,0.0359172735584289,0.853252849497814,0.99988016650531
"ENSG00000173905",0.0450892101840525,5.98250546650477,0.0359105097117995,0.853266321692431,0.99988016650531
"ENSG00000126259",-0.0576296315187506,2.53309552465708,0.0358790075367745,0.853330227511912,0.99988016650531
"ENSG00000240914",0.0496374676896772,4.82736182592825,0.0358388198176425,0.853411001158823,0.99988016650531
"ENSG00000224051",-0.0587646807736122,3.23266973727685,0.0358307820117029,0.853427366180745,0.99988016650531
"ENSG00000066279",-0.0296535337517496,4.95373827173423,0.035817958694935,0.853453109753006,0.99988016650531
"ENSG00000226334",-0.086430649173894,1.8360387729426,0.0357958652285782,0.853498749718479,0.99988016650531
"ENSG00000163221",0.0429357756291001,6.30937605404414,0.0357937546880797,0.853501954981009,0.99988016650531
"ENSG00000255491",-0.13676067093424,1.52211412422967,0.0357876996414239,0.853515761752504,0.99988016650531
"ENSG00000158604",-0.0361150720493395,5.80937364665093,0.0357665455725898,0.853556927249422,0.99988016650531
"ENSG00000263961",0.198664405566628,1.20152320167082,0.0357117312481796,0.853671729051519,0.99988016650531
"ENSG00000164825",0.0980677575790082,3.66732518593664,0.0356944248448987,0.853703059546193,0.99988016650531
"ENSG00000244593",-0.111793425982022,0.351858414960613,0.0356878355416291,0.853729980263606,0.99988016650531
"ENSG00000121101",0.094758005270274,0.39631052457506,0.0356861412130698,0.853731296580458,0.99988016650531
"ENSG00000301000",0.13184215563731,0.876076378401214,0.0356808270275715,0.853736735874938,0.99988016650531
"ENSG00000310475",-0.140949128502307,0.631016709553393,0.0356771478124644,0.853748292289136,0.99988016650531
"ENSG00000137501",-0.103187924084421,1.2503694536356,0.0356334491701613,0.853828810790169,0.99988016650531
"ENSG00000089057",-0.0336699744743906,4.9388381632574,0.0355643792307199,0.853966063631498,0.99988016650531
"ENSG00000230679",-0.118427325903953,1.0165711987446,0.0355619108487679,0.853975018905463,0.99988016650531
"ENSG00000140365",0.0286232410305974,5.766063294744,0.0355526545172766,0.853989810361795,0.99988016650531
"ENSG00000172493",0.0296397591319273,6.63010869743398,0.0355406209206992,0.85401420245915,0.99988016650531
"ENSG00000110455",0.0476891003941866,3.46898755463292,0.0355249190860694,0.854046172288327,0.99988016650531
"ENSG00000265479",0.0325087684141652,5.55347573290973,0.0355120549303398,0.854072130560264,0.99988016650531
"ENSG00000141447",-0.0266775294441823,5.88355854197932,0.03550017299437,0.854096230786864,0.99988016650531
"ENSG00000132326",-0.0345486286438549,4.69545301475401,0.03547851094112,0.854140226663034,0.99988016650531
"ENSG00000213553",0.0313417377458022,7.35043864480144,0.0354725913453258,0.854152190981618,0.99988016650531
"ENSG00000167617",-0.177197626542266,0.397081706740007,0.0354711344247116,0.854167075007447,0.99988016650531
"ENSG00000293378",0.140735324281758,0.118342151220744,0.0353783753960464,0.854370876944151,0.99988016650531
"ENSG00000251359",0.104916519227694,0.523023241013616,0.035367783168025,0.854372877790361,0.99988016650531
"ENSG00000167470",-0.0283886145111244,6.41653101036879,0.0353471374657263,0.854407019438784,0.99988016650531
"ENSG00000080345",0.0344355448587682,6.90345640811761,0.03529565780009,0.854511722682753,0.99988016650531
"ENSG00000164535",-0.0303179349812903,5.98331371805703,0.0352952487628508,0.854512556304952,0.99988016650531
"ENSG00000132591",-0.0447572568160363,3.86610528464114,0.0352919687124678,0.854519324686665,0.99988016650531
"ENSG00000135829",0.0270756716966042,7.70529701994976,0.0352194083236184,0.854666950840787,0.99988016650531
"ENSG00000157741",0.0371957531448216,5.17360565674601,0.0352054275812109,0.854695437783948,0.99988016650531
"ENSG00000182150",-0.0449233377920086,5.86608209301799,0.0352020531683707,0.854702308947037,0.99988016650531
"ENSG00000162739",0.127733565788107,0.134721309598475,0.0351825279492902,0.854763818817991,0.99988016650531
"ENSG00000287104",-0.116626181969453,0.544988936923104,0.0351640243368464,0.854787141349799,0.99988016650531
"ENSG00000293176",0.191567888284644,0.864886221219525,0.0351356699040547,0.854827887361399,0.99988016650531
"ENSG00000166164",0.0274836385206188,5.95177668879108,0.0350759550672825,0.854959468315543,0.99988016650531
"ENSG00000259943",-0.0364594938912173,4.88925496058859,0.0350728667860919,0.854965819676986,0.99988016650531
"ENSG00000082153",-0.0271318432757944,6.51195685490934,0.0350667612816321,0.854978235362153,0.99988016650531
"ENSG00000153487",-0.0526456673116919,3.14427861618545,0.0350012625242548,0.855112210207383,0.99988016650531
"ENSG00000117640",0.0398545033656546,4.1752217612771,0.0349977303748264,0.855119300919613,0.99988016650531
"ENSG00000285280",0.0381802629406098,3.86280402916951,0.0349206634015263,0.85527691165668,0.99988016650531
"ENSG00000124103",-0.101952977430904,0.815992584325788,0.0348685083114625,0.855388523480366,0.99988016650531
"ENSG00000178222",0.0996660175123526,1.08843551544704,0.0348655082947389,0.855393073368807,0.99988016650531
"ENSG00000249242",-0.0452661253928244,3.63585883466803,0.0348208601261718,0.85548127498075,0.99988016650531
"ENSG00000155506",-0.0312710355986848,8.52869042654313,0.0348064795160779,0.855510637657557,0.99988016650531
"ENSG00000296430",0.0667454960574657,2.29346039139236,0.034780782966746,0.85556379105921,0.99988016650531
"ENSG00000171055",-0.030043244900159,6.72393329444202,0.0347153612968039,0.855697507588165,0.99988016650531
"ENSG00000196417",-0.0349327903813733,4.22726528426352,0.034659433752032,0.855812393874894,0.99988016650531
"ENSG00000259805",0.13150730443573,0.783663844161593,0.0346001869488969,0.855939984048249,0.99988016650531
"ENSG00000304752",-0.0575208787485097,2.81331406353581,0.0345428851947467,0.856052155410269,0.99988016650531
"ENSG00000177954",-0.0396876052136284,11.4647785969243,0.034487020722895,0.856166918866252,0.99988016650531
"ENSG00000179922",0.0644101598067253,1.85385796042152,0.034451527181873,0.856240988126671,0.99988016650531
"ENSG00000090487",-0.0302662832746797,7.77007470884299,0.0344501858629007,0.856242793302786,0.99988016650531
"ENSG00000143569",0.0293334951853508,7.01358512563461,0.0344286360249461,0.856287202567224,0.99988016650531
"ENSG00000168404",-0.0391533617032328,4.69633042390893,0.0344042475235925,0.856337528343528,0.99988016650531
"ENSG00000167716",0.0429798535824243,3.72235425611824,0.0343479897963802,0.85645362280343,0.99988016650531
"ENSG00000100614",0.0380922449747048,4.60145507004803,0.0343320465940686,0.856486479029393,0.99988016650531
"ENSG00000149480",0.0314359531285631,6.12787452167424,0.0343056642700256,0.856540894870354,0.99988016650531
"ENSG00000187122",0.118480967084818,0.496217459966567,0.0342621550086475,0.856651904911041,0.99988016650531
"ENSG00000114650",0.039559148164914,5.199261715786,0.0342164867768748,0.856725168461,0.99988016650531
"ENSG00000287957",0.112881716756538,0.385921316940754,0.0342217344605163,0.856730332170351,0.99988016650531
"ENSG00000204131",0.0438707415197508,3.27049095594529,0.0341834998880645,0.856793571631654,0.99988016650531
"ENSG00000294588",-0.128851453984331,0.388421202993943,0.0341854359936727,0.856806302481941,0.99988016650531
"ENSG00000137038",0.0317862099746725,4.89077822037692,0.0341764514277902,0.856808010721185,0.99988016650531
"ENSG00000239920",0.0736326610674918,2.11095618635488,0.0341766654871651,0.856808064252497,0.99988016650531
"ENSG00000266850",0.0508503067582648,2.81539271689378,0.0341552036571717,0.856852195728752,0.99988016650531
"ENSG00000259248",-0.0455310467514543,3.60041119856948,0.0341369604276752,0.856889806882723,0.99988016650531
"ENSG00000170558",-0.0543917788592487,2.90110926011469,0.034116131479515,0.856933124421953,0.99988016650531
"ENSG00000116574",0.0276806026842398,5.95073780840893,0.0341131064743611,0.85693909184292,0.99988016650531
"ENSG00000087008",-0.0377790497491743,4.00848154603655,0.0340968295721062,0.856972887902919,0.99988016650531
"ENSG00000007237",0.0310544889886642,7.13883643016322,0.0340706473953011,0.857027049572012,0.99988016650531
"ENSG00000079432",0.0421818237303592,4.15301100452576,0.0340698196333822,0.857028829241365,0.99988016650531
"ENSG00000127445",-0.0339379088740734,5.06976373853318,0.0340560544403281,0.857057322167571,0.99988016650531
"ENSG00000308405",-0.0957692200870394,1.18157360251087,0.0340091888499174,0.857157416203692,0.99988016650531
"ENSG00000198888",0.0421005754604664,11.7828651788894,0.0340064814372903,0.857160084980067,0.99988016650531
"ENSG00000249628",-0.228427384203976,0.343659066363817,0.0340039497113332,0.857181471749668,0.99988016650531
"ENSG00000301352",0.089046809690082,1.52747628634782,0.0339598706875286,0.85725826343339,0.99988016650531
"ENSG00000236844",-0.0831301451906552,1.16977913807656,0.0339493872517087,0.857282321151188,0.99988016650531
"ENSG00000206418",0.0347456705828669,5.12973065253485,0.0338797181435565,0.857423293497684,0.99988016650531
"ENSG00000137845",-0.0254408126847349,7.25145776067601,0.0338770458764099,0.857428841657385,0.99988016650531
"ENSG00000009844",0.0264291028258478,5.60243155736033,0.0338637644713597,0.857456451958664,0.99988016650531
"ENSG00000111850",0.0440656531401245,4.45895548042507,0.0338536437004588,0.857477544227325,0.99988016650531
"ENSG00000234369",-0.0696127049903858,2.13196310236301,0.0338128938359836,0.85756289749568,0.99988016650531
"ENSG00000112812",-0.1510300168515,0.00634769457527475,0.0338132053537867,0.857598998333017,0.99988016650531
"ENSG00000127080",0.0439023619454916,4.20724015776522,0.0337620598437737,0.857668102545712,0.99988016650531
"ENSG00000069188",0.15105675915763,0.51814678160537,0.0337651051006102,0.857675202938674,0.99988016650531
"ENSG00000185340",0.0469971246452574,3.267233042189,0.0337229441930113,0.857749664152953,0.99988016650531
"ENSG00000258633",0.121817888621897,0.277363824884022,0.0337247581572426,0.85776141781472,0.99988016650531
"ENSG00000264006",-0.118190396205842,0.691869079529895,0.0337152913228133,0.857770961643006,0.99988016650531
"ENSG00000165325",0.0979558429714807,0.540865792442394,0.0337157822646031,0.857774304229147,0.99988016650531
"ENSG00000237596",-0.123166416885069,0.637040582711103,0.0336996161767104,0.857811398882341,0.99988016650531
"ENSG00000251131",0.0484786098395814,3.42269155342094,0.0336633358023693,0.857873909859889,0.99988016650531
"ENSG00000067177",0.107295122521872,1.6344589161359,0.0336610997065898,0.857880643274912,0.99988016650531
"ENSG00000105618",0.0275517459873974,5.55132622751532,0.0336536835280446,0.857893883167901,0.99988016650531
"ENSG00000267225",0.168054630164893,0.193413962665251,0.0336127947019595,0.857995886806846,0.99988016650531
"ENSG00000088053",-0.10698921630281,0.371512905810895,0.0336021522913948,0.858014843286923,0.99988016650531
"ENSG00000198225",-0.064558983658188,2.66956951511899,0.033592546962241,0.85802176292585,0.99988016650531
"ENSG00000197008",0.0422897396326963,3.56919042348457,0.0335771135625024,0.858053786138477,0.99988016650531
"ENSG00000204160",0.049900011980301,3.98979573991868,0.0335077563145971,0.858198642144049,0.99988016650531
"ENSG00000160991",0.0301621473941641,5.69821480824565,0.0334911789309322,0.858233222016913,0.99988016650531
"ENSG00000085365",0.0514568538390394,3.69671860305417,0.0334596586905509,0.858299244630883,0.99988016650531
"ENSG00000251301",0.0796984423822549,2.52441471964317,0.0334267902305619,0.858368245532777,0.99988016650531
"ENSG00000074201",0.027104875193525,7.20729651110681,0.0333915016925301,0.858441786105043,0.99988016650531
"ENSG00000204482",0.0364584252148655,9.13008377412128,0.0333798290626856,0.85846623091101,0.99988016650531
"ENSG00000287226",-0.10838393359902,0.807904798641937,0.033378336815135,0.858473458690068,0.99988016650531
"ENSG00000166012",-0.0354719337586894,7.19693468911713,0.0333096549060254,0.858613285351791,0.99988016650531
"ENSG00000115539",0.0288656729477972,5.62839935734918,0.0332084554018005,0.858825640700654,0.99988016650531
"ENSG00000291207",0.048337748586589,3.00795819926328,0.0331730615201807,0.858900202400037,0.99988016650531
"ENSG00000163960",-0.0303841690610855,5.32001349069308,0.0331590360706111,0.85892946343879,0.99988016650531
"ENSG00000288701",0.029087321457844,6.40954456202062,0.0330251159391981,0.859211205539494,0.99988016650531
"ENSG00000163684",-0.0637572497306487,2.58475711158697,0.0330161997120234,0.859230327386687,0.99988016650531
"ENSG00000165914",0.0279544725342144,6.00342854682466,0.0330034412612847,0.859256861680063,0.99988016650531
"ENSG00000173214",-0.0311933155989322,4.97163960343934,0.0329833648119435,0.859299182700764,0.99988016650531
"ENSG00000278834",-0.0849350751847704,1.21286631797383,0.0329571671198281,0.859356569804531,0.99988016650531
"ENSG00000133612",0.0316337573400646,6.1600825957948,0.0329283649049077,0.859415122439661,0.99988016650531
"ENSG00000158427",0.0799507113683582,0.975658287451947,0.0329137974338379,0.85944973502756,0.99988016650531
"ENSG00000301732",-0.200212774655303,0.00329975397984777,0.032891893040683,0.859516188031749,0.99988016650531
"ENSG00000125384",-0.0846204539966636,0.813725569041175,0.0328804818887263,0.859520746720749,0.99988016650531
"ENSG00000151012",-0.041142381710126,6.7794757157089,0.0328348479579532,0.859612517101992,0.99988016650531
"ENSG00000172000",-0.0788324489618422,3.13050169323537,0.0328225580717947,0.859638695683265,0.99988016650531
"ENSG00000225767",0.0957512498673889,2.61862391193506,0.0327981415389614,0.859690447446256,0.99988016650531
"ENSG00000274020",0.0311681552608593,5.45871743706982,0.0327888457361478,0.859709728798699,0.99988016650531
"ENSG00000171858",0.0368963569232634,10.367206477068,0.0327884745918667,0.859710509329946,0.99988016650531
"ENSG00000304409",-0.111951714050658,0.519325219674723,0.0327850179364117,0.859730475024813,0.99988016650531
"ENSG00000162413",0.04989332264438,3.18717163341814,0.0327544617893254,0.859782612268859,0.99988016650531
"ENSG00000303734",-0.052049216170407,3.4161140198417,0.0327214748054594,0.859852348416649,0.99988016650531
"ENSG00000171428",0.0415189423671576,3.76411470343888,0.0327199772733793,0.859855483074623,0.99988016650531
"ENSG00000182732",-0.0832196645104201,1.09434911736598,0.0327193398917644,0.859859986363187,0.99988016650531
"ENSG00000106299",-0.0336328659500371,4.32814395259125,0.0326934894112891,0.859911506683949,0.99988016650531
"ENSG00000186566",-0.0357265692341616,6.45282216859028,0.0326284223427806,0.86004927359566,0.99988016650531
"ENSG00000227193",-0.100212034739297,0.98045992900946,0.0326069199489353,0.860098423380875,0.99988016650531
"ENSG00000105397",-0.0273719133633107,6.28098370236228,0.0325835968011423,0.86014430484533,0.99988016650531
"ENSG00000163795",-0.039533717437202,3.79071098286396,0.0325737592982382,0.860165257334524,0.99988016650531
"ENSG00000163682",-0.0355863838479754,9.9078343256478,0.0325164350131664,0.860286814650754,0.99988016650531
"ENSG00000231507",0.147984392344279,0.800337883039273,0.0324925651238435,0.860341471060078,0.99988016650531
"ENSG00000267484",-0.0855274238000216,1.63709338424817,0.0324634633372014,0.860400600254634,0.99988016650531
"ENSG00000141646",-0.0343022611539157,4.41862001435321,0.0324504207033591,0.860427095327346,0.99988016650531
"ENSG00000132749",0.0547485050316614,3.53511766885164,0.032436633777943,0.860456499497408,0.99988016650531
"ENSG00000151790",0.0466195122627232,4.73840626564999,0.0324324716956514,0.860465224308532,0.99988016650531
"ENSG00000226312",-0.0821332564214343,1.3853293698986,0.0324236194199597,0.86048579009758,0.99988016650531
"ENSG00000179091",-0.0385142443667912,8.46836457326712,0.0323896148107678,0.860556331470156,0.99988016650531
"ENSG00000308757",0.0726257289890901,1.59565933799113,0.0323824161452602,0.860572791073841,0.99988016650531
"ENSG00000063176",-0.037406852123721,3.91255068364814,0.032381092977082,0.860574536045262,0.99988016650531
"ENSG00000247828",-0.0310325465960916,6.20257330884372,0.0323421505494694,0.860657343774126,0.99988016650531
"ENSG00000108666",0.0655629716532019,2.49825746016201,0.0323136044753934,0.860718529501029,0.99988016650531
"ENSG00000166855",0.0299993930601636,5.57913293667086,0.0322883270156891,0.860771982989541,0.99988016650531
"ENSG00000173960",-0.0329331094974998,4.60035969114269,0.0322710569454368,0.860808834256633,0.99988016650531
"ENSG00000078618",-0.0322809928132657,7.54976312126742,0.0322571203738963,0.860838491325147,0.99988016650531
"ENSG00000106266",0.027810855417859,4.98551657128773,0.0322198109703138,0.860918076481047,0.99988016650531
"ENSG00000304055",-0.105106087241078,0.256868026444422,0.0322234028983692,0.860928142758937,0.99988016650531
"ENSG00000176204",-0.067697049289745,1.80059055025894,0.0321949816635124,0.860972043944598,0.99988016650531
"ENSG00000250015",0.14748100631664,0.489144463016216,0.0321998578124431,0.860982915112566,0.99988016650531
"ENSG00000225422",-0.0941761701687613,0.344875268440336,0.0321921226384428,0.860998724215796,0.99988016650531
"ENSG00000155096",0.0276124350241682,7.11849053740079,0.032171559595473,0.861021020324299,0.99988016650531
"ENSG00000132825",0.056131496958473,3.1239668395153,0.0320981365081443,0.861178065291114,0.99988016650531
"ENSG00000128016",0.0348667878333501,5.62191098833001,0.0320580235860108,0.86126362032893,0.99988016650531
"ENSG00000105821",0.0299283419634427,6.38049544805543,0.0320427780823609,0.861296227942052,0.99988016650531
"ENSG00000102893",-0.0307122860408618,5.84767872943118,0.0320087133596719,0.861369121504878,0.99988016650531
"ENSG00000006025",0.0613838904521662,2.15253524967925,0.0319918405997543,0.861405932511196,0.99988016650531
"ENSG00000198522",0.0329889846720399,4.73960937717361,0.0319859125177109,0.861417980204706,0.99988016650531
"ENSG00000235776",0.0298401782457071,6.91040911033162,0.0319794676926679,0.861431732072002,0.99988016650531
"ENSG00000183137",0.0462957487089601,3.86990588642194,0.0319747841594865,0.861441854033588,0.99988016650531
"ENSG00000130165",0.0415932825173861,4.87331916776506,0.0319744106532144,0.861442601630205,0.99988016650531
"ENSG00000160094",0.0385856908653077,4.00932069041495,0.031960253798359,0.861472954958681,0.99988016650531
"ENSG00000308402",0.0862745770551212,1.93405245265432,0.0319602326715212,0.861473857993985,0.99988016650531
"ENSG00000174989",0.0341239611790917,4.6347861222952,0.031891891529953,0.861619450573216,0.99988016650531
"ENSG00000158023",0.0846094990525142,1.4528199839483,0.0318760049968022,0.861655255988077,0.99988016650531
"ENSG00000296123",0.0680257689157285,3.50579299552463,0.031864367816534,0.86167856138842,0.99988016650531
"ENSG00000172992",0.0407851943772543,4.08702115520123,0.031855371853674,0.861697805485091,0.99988016650531
"ENSG00000196363",-0.0284337609192706,6.43700006897287,0.0318418108345158,0.86172684232057,0.99988016650531
"ENSG00000164885",0.0419176133675325,4.59882649974881,0.0318394429661753,0.86173197397933,0.99988016650531
"ENSG00000100024",-0.0831937249093809,2.19533120006852,0.0318234427664362,0.861766780764809,0.99988016650531
"ENSG00000175745",-0.102843017484352,1.43548297247342,0.031815820974851,0.861784557207483,0.99988016650531
"ENSG00000152818",-0.0393286728283365,6.34666577582299,0.0317521556916967,0.861919400671353,0.99988016650531
"ENSG00000225177",-0.110060173694539,1.43974610603056,0.0317219922397355,0.861985966281863,0.99988016650531
"ENSG00000227081",-0.0317393868775646,7.42259317295523,0.0316818025971797,0.862070698992623,0.99988016650531
"ENSG00000141570",-0.0484817908305004,3.35520954164299,0.0316774438909706,0.862080240779557,0.99988016650531
"ENSG00000248905",-0.0478200783134714,3.98649372505402,0.0316433001564459,0.862153639120236,0.99988016650531
"ENSG00000100804",-0.0340656647422967,7.05135710046213,0.0316180429016477,0.862207968896135,0.99988016650531
"ENSG00000265888",-0.120541225391092,0.179405690142554,0.0315874464096259,0.862299521773986,0.99988016650531
"ENSG00000117899",-0.0264838295130968,5.31238542964974,0.031570519772067,0.862310380115649,0.99988016650531
"ENSG00000114850",0.0325559144613886,6.80630183368393,0.0315674076263635,0.86231708502334,0.99988016650531
"ENSG00000056097",-0.0278618529200732,7.00605150586943,0.0315303959002405,0.862396900158436,0.99988016650531
"ENSG00000157470",-0.0764365152653439,1.64062535420593,0.0315002558050759,0.86246344787088,0.99988016650531
"ENSG00000198015",-0.0281225702808876,5.8619953267724,0.0314633542831633,0.862541599795246,0.99988016650531
"ENSG00000010292",0.0325326971125261,4.83462632256301,0.0314521098112309,0.862565929976807,0.99988016650531
"ENSG00000108604",-0.0296507741493515,5.64488083531841,0.031411726067217,0.862653140336149,0.99988016650531
"ENSG00000309985",-0.0647347011556348,1.67236869976426,0.0313859320419145,0.862710088760922,0.99988016650531
"ENSG00000286033",0.0719504757049947,1.55018791856628,0.0313717669336307,0.862740743457838,0.99988016650531
"ENSG00000204227",0.0291526813400014,5.78007453444384,0.0313408023289873,0.86280652029503,0.99988016650531
"ENSG00000284057",0.142812580483174,0.360438318105908,0.0313463631677907,0.862809515377032,0.99988016650531
"ENSG00000227279",-0.1611949166257,0.519917707695437,0.0313384077721487,0.862824480983071,0.99988016650531
"ENSG00000221838",-0.0491882926461233,2.99901799950653,0.0313295757678815,0.862831045921788,0.99988016650531
"ENSG00000177888",-0.0660541607836204,2.6669007440354,0.0313243005702665,0.862842540502159,0.99988016650531
"ENSG00000263657",-0.0616521064206379,2.35145099796443,0.0312739232921922,0.862951847221881,0.99988016650531
"ENSG00000030582",-0.035112842570454,7.45538318799601,0.0312645142628293,0.862971700033765,0.99988016650531
"ENSG00000214248",-0.116742994235104,0.0905811449329401,0.0312751439274693,0.862972933744829,0.99988016650531
"ENSG00000138375",-0.0353423606284526,4.8023377782475,0.0312501999343195,0.863002760135018,0.99988016650531
"ENSG00000270099",-0.0729187622616423,1.744269414223,0.0312477264632486,0.863009069281423,0.99988016650531
"ENSG00000154719",0.0364564666450662,4.21028324914434,0.0312437054400262,0.863016853170128,0.99988016650531
"ENSG00000122783",-0.0264045548295697,5.30870624197903,0.0312385830631854,0.863027899378638,0.99988016650531
"ENSG00000237879",0.118663694364042,0.156745211988776,0.031243536032043,0.863036510990453,0.99988016650531
"ENSG00000120949",-0.102929749929301,0.174855238003113,0.0311783448992363,0.863178698209785,0.99988016650531
"ENSG00000121774",-0.0292796389453039,8.53305779377795,0.0311417777557545,0.863237892141663,0.99988016650531
"ENSG00000167842",0.0543191089662452,2.69422951484374,0.0310500626317055,0.863437483401153,0.99988016650531
"ENSG00000135679",-0.0279523475017556,5.77657869743769,0.0310226257107537,0.863496832331404,0.99988016650531
"ENSG00000273265",0.09528951787143,0.816108898124501,0.0310195129739567,0.863510865023902,0.99988016650531
"ENSG00000160201",0.0274371944441655,7.26575076137498,0.0310072924734196,0.863530189115071,0.99988016650531
"ENSG00000138623",-0.0628080920760523,2.60564117775202,0.0309729749177005,0.863605226648939,0.99988016650531
"ENSG00000088727",-0.0624088584938131,2.53796236016893,0.0309726871983081,0.863605939261894,0.99988016650531
"ENSG00000162909",-0.0273496283610714,6.28741299738844,0.0309688431478379,0.863613878103441,0.99988016650531
"ENSG00000152465",0.0364827103999215,3.91134438050596,0.0309333691063093,0.863691209060126,0.99988016650531
"ENSG00000114737",-0.0669860025728894,3.31887493018518,0.0309217502398875,0.863716603073678,0.99988016650531
"ENSG00000138757",0.0258809301431132,6.26959953275906,0.0308848220496065,0.863796943731571,0.99988016650531
"ENSG00000204351",0.0317459024884197,4.29712554755977,0.0308752564641015,0.863817857064567,0.99988016650531
"ENSG00000152256",0.0370811341107846,3.8530543410265,0.0308638147661663,0.863842835113726,0.99988016650531
"ENSG00000173320",0.0808155248109469,2.6286742611682,0.0308625024487804,0.863845896471454,0.99988016650531
"ENSG00000130703",-0.034818221079535,3.82666031600487,0.0308303372804236,0.863915875688906,0.99988016650531
"ENSG00000293106",0.0622722639425051,2.02361563710352,0.0308211120178393,0.863936665744785,0.99988016650531
"ENSG00000197863",-0.0680338390984983,2.9177812545621,0.0308089541209701,0.863962682083778,0.99988016650531
"ENSG00000169093",0.0430105711981296,4.00893809766222,0.0307788933086281,0.864028173617245,0.99988016650531
"ENSG00000292339",0.0430105711981296,4.00893809766222,0.0307788933086281,0.864028173617245,0.99988016650531
"ENSG00000151748",-0.0338950484532572,4.49816800452299,0.0307739499297906,0.86403895810401,0.99988016650531
"ENSG00000275004",0.0646623461938474,2.65414103077843,0.0307191347783036,0.864159052398982,0.99988016650531
"ENSG00000176731",0.0264061795923317,6.73724593328531,0.0306859308686174,0.864231316911719,0.99988016650531
"ENSG00000112237",0.0300631240950926,5.4373090331499,0.030629389842983,0.86435507002542,0.99988016650531
"ENSG00000255553",-0.121336393670275,1.41606571288214,0.0306018493289948,0.864416861097425,0.99988016650531
"ENSG00000267123",-0.0556485744369278,3.85529650163364,0.0305984949305645,0.864422805457775,0.99988016650531
"ENSG00000084652",-0.0316618683307942,5.92812156732422,0.0305456175348841,0.864538635166196,0.99988016650531
"ENSG00000010278",0.0776335175577705,3.43649621867805,0.0305449151541901,0.864540288970988,0.99988016650531
"ENSG00000183576",-0.0270377306316376,5.97207279867645,0.0305036874664515,0.864630612599679,0.99988016650531
"ENSG00000184840",0.0300524083159885,7.3196830934051,0.0304843032209708,0.864673154188003,0.99988016650531
"ENSG00000156232",-0.036181895817649,4.41416001530678,0.0304463190851081,0.864756611852434,0.99988016650531
"ENSG00000164970",0.0354740626315345,4.25924530174899,0.0303620354215552,0.864941876236095,0.99988016650531
"ENSG00000095485",0.0317233547990933,4.29146797476004,0.0303616717504049,0.86494267906803,0.99988016650531
"ENSG00000233547",0.100866095672742,1.0420447339954,0.0303537337765104,0.864965643062292,0.99988016650531
"ENSG00000250608",0.0554775485799851,2.89873353162644,0.0303498432032327,0.864968868474698,0.99988016650531
"ENSG00000249395",-0.0378416595861179,5.91792691476953,0.0303321690085602,0.865007536092756,0.99988016650531
"ENSG00000241956",0.152054681063113,0.376650578443629,0.0302860775003189,0.865124887894248,0.99988016650531
"ENSG00000126461",0.0320693512215047,4.92367724304631,0.030180437993349,0.865341923675979,0.99988016650531
"ENSG00000181396",0.0359039984579405,4.24794927781824,0.0301737653916637,0.86535667563323,0.99988016650531
"ENSG00000189306",-0.024356124823221,6.25674686775684,0.0301461844483193,0.865417495575499,0.99988016650531
"ENSG00000164953",0.100567215670172,1.70142458186651,0.0301229315542981,0.86547000842054,0.99988016650531
"ENSG00000261971",0.0655730744018933,2.78065807302587,0.0301149264000442,0.865486812891707,0.99988016650531
"ENSG00000112984",0.0377770754216475,3.65285653816294,0.0301098173936611,0.865497917744658,0.99988016650531
"ENSG00000249252",0.0421685799139722,4.73809143851994,0.0300877543910321,0.865546607004322,0.99988016650531
"ENSG00000147475",-0.0324897604561301,5.66224753524974,0.0300133972525305,0.86571099567398,0.99988016650531
"ENSG00000234964",0.0352684139764692,5.46575481032746,0.0300020359843497,0.865736139402537,0.99988016650531
"ENSG00000117360",-0.0250225436554707,6.03796062780229,0.0299972516669908,0.865746726532587,0.99988016650531
"ENSG00000310265",-0.0840414012885014,0.554599742167295,0.0299997146462806,0.865753410938507,0.99988016650531
"ENSG00000276095",-0.133277366441413,0.411636252734659,0.029971874721849,0.865813927863444,0.99988016650531
"ENSG00000204628",-0.0368548820461214,9.86391269074536,0.0299030420802387,0.865955420453188,0.99988016650531
"ENSG00000168389",0.0403549525634834,8.31501556499264,0.0298850493753445,0.865995317023539,0.99988016650531
"ENSG00000261766",0.0941774953705529,1.04634928219312,0.0298717557153133,0.866028291083529,0.99988016650531
"ENSG00000221923",0.130065564550658,0.298478755092555,0.0298555112403935,0.866081610494642,0.99988016650531
"ENSG00000165874",-0.0627571433933932,1.80614762546756,0.0298356532163983,0.866105853518564,0.99988016650531
"ENSG00000084754",-0.0295344408873499,6.4984814964665,0.0298278898909891,0.866122144097143,0.99988016650531
"ENSG00000305352",0.0457627843499903,2.99698899845533,0.0298076184085328,0.866167342780434,0.99988016650531
"ENSG00000161542",0.026950046550828,5.28250968217119,0.0297845910719124,0.866218303241408,0.99988016650531
"ENSG00000249306",0.14536622069185,-0.0790285760670223,0.0297667185887338,0.866237573548322,0.99988016650531
"ENSG00000231908",-0.127810373395983,0.428414608829383,0.0297814948769038,0.866238603958286,0.99988016650531
"ENSG00000310446",-0.0681788026335778,1.52822143368284,0.0297747967231879,0.866241601891011,0.99988016650531
"ENSG00000171517",0.0817873509400742,1.56507974165915,0.0297740668226406,0.866242985541105,0.99988016650531
"ENSG00000234772",0.0511314266326309,3.89650102027873,0.0297422568205211,0.866312456083877,0.99988016650531
"ENSG00000226360",-0.0354262349661009,6.11795045667242,0.0297222518429805,0.866356866686183,0.99988016650531
"ENSG00000070081",-0.047984409039335,6.32782720892989,0.0296300826304432,0.866562013864137,0.99988016650531
"ENSG00000103319",-0.0270994722110435,5.81496084331888,0.02959388852805,0.866642663447272,0.99988016650531
"ENSG00000149294",0.0979024902311997,0.522378232931072,0.0295863903472571,0.866673093121656,0.99988016650531
"ENSG00000005882",-0.0527827776610769,2.8292834769336,0.0295663211970239,0.866704408872538,0.99988016650531
"ENSG00000197620",-0.039191614398344,3.65150613181909,0.0295480168521078,0.86674504886956,0.99988016650531
"ENSG00000103591",-0.0273326622039649,5.41816271627602,0.0295385338843452,0.866766107574518,0.99988016650531
"ENSG00000182600",-0.0537928870654887,2.42849713240037,0.029489958685715,0.866874961770374,0.99988016650531
"ENSG00000076685",-0.0279770107548327,6.8466017703989,0.0294375020378857,0.866991716292837,0.99988016650531
"ENSG00000221983",-0.036509020089878,10.1805238684957,0.029436787696506,0.866993312368274,0.99988016650531
"ENSG00000157388",0.0627132276838233,1.88408234986415,0.0293944231229817,0.867088858528495,0.99988016650531
"ENSG00000011478",0.0439311475831789,3.25424802364501,0.0293910213623927,0.867095801465987,0.99988016650531
"ENSG00000256448",0.0465715048697855,4.63027041211766,0.0293598449804567,0.867165447927257,0.99988016650531
"ENSG00000154839",-0.0668294831659857,2.35926834115789,0.0293318950892816,0.867228490363912,0.99988016650531
"ENSG00000006831",0.0270051083804597,5.13484147612921,0.0292768077006618,0.867351400781723,0.99988016650531
"ENSG00000198755",-0.0337704395947956,9.70505877864789,0.0292547147550876,0.867400912253439,0.99988016650531
"ENSG00000258608",-0.0763023016232947,1.48275757309569,0.0292234624404228,0.8674726307632,0.99988016650531
"ENSG00000134202",-0.0518486541798873,5.08006894739761,0.0292038040029797,0.867515140320948,0.99988016650531
"ENSG00000239797",-0.044302094874653,3.34947361210794,0.0291800255074761,0.867568650247014,0.99988016650531
"ENSG00000196247",0.0379689917365545,4.98543225908254,0.0291760089185273,0.867577539270335,0.99988016650531
"ENSG00000173548",0.06730908854379,2.30498388567487,0.0290960182933333,0.867757720510938,0.99988016650531
"ENSG00000129255",-0.0370366767321175,4.50274421738652,0.0290895372154177,0.867771874004616,0.99988016650531
"ENSG00000147912",-0.0673092861607869,2.49334462950552,0.0290870006924237,0.867777884507299,0.99988016650531
"ENSG00000188229",0.0336692971353384,7.78477595743668,0.0290699242201234,0.867815936610289,0.99988016650531
"ENSG00000174527",0.115563020439117,-0.00677008986664894,0.0290794725883288,0.867823668547877,0.99988016650531
"ENSG00000099817",-0.0282050227931885,7.7077921471417,0.0289514872902692,0.868082652155017,0.99988016650531
"ENSG00000124782",-0.0275823374744031,6.85663605881566,0.0289429080545363,0.86810199447201,0.99988016650531
"ENSG00000157600",-0.035835961213801,5.56119115436997,0.028877334669549,0.86824993081034,0.99988016650531
"ENSG00000100949",-0.0352254042554082,3.78888196130222,0.028800198481494,0.868424256607582,0.99988016650531
"ENSG00000168917",0.0659696451795728,1.71749184773233,0.0288001485717664,0.86842527697969,0.99988016650531
"ENSG00000183779",0.0896554370052698,1.71049656323904,0.0287691133006303,0.868495467344583,0.99988016650531
"ENSG00000237037",-0.0746590899388778,1.54381820441719,0.028748656866644,0.86854220726247,0.99988016650531
"ENSG00000136169",0.0301167208833069,4.92724695265682,0.0287388065869338,0.868563048310434,0.99988016650531
"ENSG00000185988",0.103185860671181,0.770192027729434,0.0287102193412306,0.868633236992963,0.99988016650531
"ENSG00000293047",-0.16753109776893,0.06946726585438,0.0287116525096977,0.868651363798163,0.99988016650531
"ENSG00000232119",-0.0304550493385908,5.60138914713116,0.0286858127757355,0.868682998794297,0.99988016650531
"ENSG00000129595",0.0659714452614392,2.15384835491749,0.0286794048465134,0.868698074306607,0.99988016650531
"ENSG00000232721",0.119941074919993,1.16731776214643,0.0286611419523238,0.86874120727493,0.99988016650531
"ENSG00000024048",-0.0286593705917702,6.40865934552135,0.0286401665194979,0.868786431360492,0.99988016650531
"ENSG00000133706",0.0275105940862226,6.86139754559318,0.0286398393029148,0.86878717271978,0.99988016650531
"ENSG00000232485",0.0844906261415276,1.65787322229391,0.0286285090483213,0.868814354579104,0.99988016650531
"ENSG00000263069",-0.0661547634094649,3.60101898403539,0.0285782211372936,0.868927039702097,0.99988016650531
"ENSG00000196826",-0.0750036016756174,1.55992681837667,0.028570594539421,0.868945607570205,0.99988016650531
"ENSG00000152240",0.0312836349748675,5.08267617451421,0.0285492170003167,0.868992798479869,0.99988016650531
"ENSG00000106554",-0.0269650618944413,7.80310886666931,0.028488515085754,0.869130685862491,0.99988016650531
"ENSG00000253893",-0.0354914185976568,4.37754636476683,0.0284790072173167,0.869152352299015,0.99988016650531
"ENSG00000103657",-0.0336781325140877,7.73863092077487,0.0284600520773801,0.86919540332102,0.99988016650531
"ENSG00000115170",0.0357104458807744,3.86493109741005,0.0284214534564639,0.869283292281707,0.99988016650531
"ENSG00000164219",-0.0326736959235573,5.36298290961783,0.0283473136745681,0.869452073622636,0.99988016650531
"ENSG00000223715",-0.12522750282324,0.237174827280804,0.0283484071899819,0.869465309930075,0.99988016650531
"ENSG00000139197",-0.0630495946212642,2.27442197914943,0.0283280157680723,0.869496605402089,0.99988016650531
"ENSG00000310378",0.128395005960965,1.05144571161605,0.0283261530054442,0.869507454005249,0.99988016650531
"ENSG00000181191",-0.0477159033509733,2.87712292129975,0.0283185546949903,0.869517855412061,0.99988016650531
"ENSG00000118518",-0.0318836384308313,5.08068233747337,0.0282936722269052,0.869574383257618,0.99988016650531
"ENSG00000121851",0.036273283486346,4.58841988167937,0.0282756017447175,0.869615655678063,0.99988016650531
"ENSG00000163848",0.0288937838406577,7.06400324325998,0.0281878552028605,0.869816001427713,0.99988016650531
"ENSG00000141391",0.0655736035909184,2.21658842637543,0.0281671759908423,0.869863812024825,0.99988016650531
"ENSG00000308455",0.181361465213751,-0.244593047405579,0.0281180931162463,0.869970491441677,0.99988016650531
"ENSG00000236603",0.0644736873332508,1.56183532884991,0.0281101977873611,0.869995251641086,0.99988016650531
"ENSG00000242516",-0.0344414672074398,4.45779860603404,0.0281088219362056,0.869996823839021,0.99988016650531
"ENSG00000179364",-0.0357686618953226,4.39690618964181,0.0280351814022587,0.870165495219276,0.99988016650531
"ENSG00000174808",-0.113638620646055,0.427622043432076,0.028034210122337,0.87017696277874,0.99988016650531
"ENSG00000249639",-0.150742565036329,1.83400936532227,0.027991045246655,0.870267720176845,0.99988016650531
"ENSG00000064199",-0.0649445609243494,2.85534974739295,0.0279707588006508,0.87031342007392,0.99988016650531
"ENSG00000150433",-0.0384711515917027,4.33544241499437,0.0279667918490507,0.870322346755543,0.99988016650531
"ENSG00000166797",-0.030098835502661,6.24398512608623,0.0279425787400119,0.870377873631382,0.99988016650531
"ENSG00000138380",-0.0604520744801198,2.96423730868739,0.0279298301414481,0.870407344280091,0.99988016650531
"ENSG00000251495",-0.0611875280248211,1.85139273117944,0.027903357691264,0.870468868547748,0.99988016650531
"ENSG00000160563",0.0257156046159161,5.85031943731418,0.0278817407542553,0.870517632961301,0.99988016650531
"ENSG00000140157",-0.0230362404619146,6.42865271398256,0.0278575086393605,0.870573342288584,0.99988016650531
"ENSG00000011258",0.0318297806958126,5.28223051058149,0.0278184757290455,0.870663136687881,0.99988016650531
"ENSG00000289112",0.125293522505996,0.136138670388807,0.0278175881361237,0.870684838042687,0.99988016650531
"ENSG00000133027",0.0619717345321448,2.46123732505461,0.0278030119838386,0.870699163299989,0.99988016650531
"ENSG00000173402",0.0369048043051235,4.00431255546695,0.0277938992149145,0.870719777537115,0.99988016650531
"ENSG00000170004",0.0353981825432697,4.69222428698798,0.0277869783552277,0.870735676955278,0.99988016650531
"ENSG00000102189",0.0306066649851243,6.3907270974558,0.0277284805218547,0.870870403206994,0.99988016650531
"ENSG00000177025",0.104017984562051,0.733289059457857,0.0277148741173723,0.870907393654746,0.99988016650531
"ENSG00000303305",0.0842643969243762,1.34844197382469,0.0276924587598995,0.870956055267363,0.99988016650531
"ENSG00000272808",0.114638075068185,0.26246271903818,0.0276772297914512,0.871004137378944,0.99988016650531
"ENSG00000091136",0.050715391484271,3.79293273890459,0.0276231697429945,0.871113469677517,0.99988016650531
"ENSG00000100485",0.0260193634672782,5.31343926368702,0.0275876559688204,0.871195440633869,0.99988016650531
"ENSG00000281849",-0.0786716508204998,1.26673330266209,0.0275878672443073,0.871197605226863,0.99988016650531
"ENSG00000292349",-0.0786716508204998,1.26673330266209,0.0275878672443073,0.871197605226863,0.99988016650531
"ENSG00000090615",-0.0266036572396663,5.55098572135367,0.0275711390779283,0.871233617356277,0.99988016650531
"ENSG00000246985",0.0895301807884017,1.20317422895101,0.0275587956614984,0.871264751354468,0.99988016650531
"ENSG00000291097",0.107589141211843,0.985761518788734,0.027528063843824,0.871335999664889,0.99988016650531
"ENSG00000260997",-0.0486109876667592,3.32424717670649,0.027519602938446,0.871352927540051,0.99988016650531
"ENSG00000114554",0.0327732581945242,4.79509758290059,0.0275190981891714,0.871354015422375,0.99988016650531
"ENSG00000231789",0.109987827377913,1.09823235805322,0.0275016338664416,0.871396933096463,0.99988016650531
"ENSG00000303809",0.096702624403123,0.433249407994764,0.0274993344019225,0.871407806383077,0.99988016650531
"ENSG00000278768",0.0611939480912697,1.81429732802674,0.0274632654912453,0.871484081087676,0.99988016650531
"ENSG00000243701",0.143845489645364,0.426562847340929,0.0274169526278358,0.871604682229523,0.99988016650531
"ENSG00000226085",-0.100456380018854,0.307493855635419,0.0273756212914741,0.871704739690219,0.99988016650531
"ENSG00000272081",0.0678360213279591,2.29245985308431,0.0273384232061779,0.871773181092243,0.99988016650531
"ENSG00000167526",-0.035269777780907,10.826155727586,0.0273339702214134,0.871783125350473,0.99988016650531
"ENSG00000133657",-0.0351448545685475,7.2909226966643,0.0272710161005579,0.871929399910665,0.99988016650531
"ENSG00000286861",-0.0837627871012643,0.953976017395712,0.0272166675819043,0.87205907761459,0.99988016650531
"ENSG00000108883",0.0251421424064112,6.7648207154964,0.0272026947366485,0.87208834215917,0.99988016650531
"ENSG00000049089",0.0453362160691225,8.88520659865583,0.0272007403241471,0.872092891310151,0.99988016650531
"ENSG00000116095",-0.0308656087667483,4.63842176950971,0.0271878673612606,0.872122906119686,0.99988016650531
"ENSG00000238018",-0.119244874269299,1.06898240386398,0.0271908392404999,0.872123771081159,0.99988016650531
"ENSG00000136937",0.0258359751389988,5.36638028343607,0.027179625168732,0.872142060928458,0.99988016650531
"ENSG00000119760",-0.0361843434978225,4.07581449660634,0.0271594227486438,0.872189174117783,0.99988016650531
"ENSG00000156345",-0.0624200716987348,2.0452893310231,0.0271573670124943,0.872194699913945,0.99988016650531
"ENSG00000226361",0.0911773710034194,0.518417220869731,0.0271539252753609,0.872210519085235,0.99988016650531
"ENSG00000163629",-0.100710724539613,1.15862359134272,0.0271466538572926,0.872221307835864,0.99988016650531
"ENSG00000105197",-0.03134645654852,5.32216560875915,0.0271156881319424,0.872291055443081,0.99988016650531
"ENSG00000171604",0.0318489314424616,7.63489554443325,0.0271118267819179,0.872300054523504,0.99988016650531
"ENSG00000154582",0.0304668531576851,8.30416267973178,0.0271110812139463,0.872301793035079,0.99988016650531
"ENSG00000198829",-0.0898239810052442,1.21708458546706,0.027099647784072,0.872331423028125,0.99988016650531
"ENSG00000127993",0.0425323750350232,3.39873188154935,0.0270928676350183,0.872344404487785,0.99988016650531
"ENSG00000304176",0.047327946475903,2.85080536072516,0.0270881560511324,0.872355473539059,0.99988016650531
"ENSG00000112742",-0.0373173644426435,3.40541998929018,0.0270802384326872,0.872373881138122,0.99988016650531
"ENSG00000198157",0.0337370149457375,3.90536672413323,0.0270590337171607,0.872423306056471,0.99988016650531
"ENSG00000259024",0.0920256182608724,1.02591785255753,0.0269778409129877,0.872615802846882,0.99988016650531
"ENSG00000260708",-0.0503769923979457,2.88915017220042,0.0269677633736197,0.872636660108134,0.99988016650531
"ENSG00000301415",-0.111548912424268,0.799342263501142,0.0269589472457615,0.872661930032302,0.99988016650531
"ENSG00000148843",0.0313300190683714,6.05154904837124,0.0269331757908749,0.872717361719525,0.99988016650531
"ENSG00000172428",-0.0310559018495897,6.30462858842692,0.0268882532396371,0.872822518651005,0.99988016650531
"ENSG00000081665",0.0424521997449479,4.73915788503805,0.0268282872088121,0.87296307154546,0.99988016650531
"ENSG00000264278",-0.0288364681531784,4.22833812106741,0.0268276099401126,0.872964673719124,0.99988016650531
"ENSG00000172590",-0.0338843851835777,7.62389844051835,0.0268083213869315,0.873009850596659,0.99988016650531
"ENSG00000113712",-0.0243724704042201,6.95829112736864,0.0267382170782839,0.873174388115141,0.99988016650531
"ENSG00000163576",-0.0980080813363095,1.76702909261629,0.0266925154441619,0.873283109595463,0.99988016650531
"ENSG00000253690",0.163447476995332,1.89428431022423,0.0266834145323757,0.873304087490824,0.99988016650531
"ENSG00000067141",0.0751097517112054,2.45042446123572,0.0266612590313845,0.873355650108376,0.99988016650531
"ENSG00000102786",-0.0259923005196789,6.5990190195166,0.0266595921788436,0.873359188128448,0.99988016650531
"ENSG00000173273",-0.028801198065029,6.47769943716484,0.0266442301184254,0.87339532795775,0.99988016650531
"ENSG00000034677",-0.0300915520384661,6.23586074283833,0.0266086160760885,0.873479152637687,0.99988016650531
"ENSG00000179387",-0.034005318190195,3.92304281305914,0.0265759865145707,0.87355607327401,0.99988016650531
"ENSG00000152056",0.0313147027850553,5.03781657069699,0.0265662214911021,0.873579050400514,0.99988016650531
"ENSG00000248323",-0.033240638793138,6.08099579804776,0.0265216886432084,0.873683995322931,0.99988016650531
"ENSG00000125485",-0.0390539363229879,3.85518515678697,0.0265159116767123,0.873697701183206,0.99988016650531
"ENSG00000092847",-0.034555636803763,4.4112684783526,0.0265063195410793,0.873720297556928,0.99988016650531
"ENSG00000225137",-0.0731263333329043,1.48346827811166,0.0265055856765167,0.873723264425815,0.99988016650531
"ENSG00000198960",-0.0462963084635745,3.1504215799473,0.0264712876467816,0.873803102014982,0.99988016650531
"ENSG00000120694",-0.0383185676070026,7.65639709646135,0.0264358516844462,0.873886606384001,0.99988016650531
"ENSG00000181744",-0.0393947077139384,3.93258096175537,0.0264015026406775,0.873967858879141,0.99988016650531
"ENSG00000196683",0.0286559462670368,8.10280468875796,0.0263808790787971,0.874016543159417,0.99988016650531
"ENSG00000196793",-0.0574439524028756,2.22458450135302,0.0263635557421144,0.874058035867608,0.99988016650531
"ENSG00000166548",-0.0621597041946359,2.58581114540685,0.0263442270839584,0.874103553877324,0.99988016650531
"ENSG00000048162",0.0301185850789294,5.85069985023652,0.0263265122848457,0.874145187261952,0.99988016650531
"ENSG00000125149",0.0394914649174117,3.76096270596757,0.0263135511360058,0.874175954688613,0.99988016650531
"ENSG00000103005",-0.0236722206203779,6.6768597296165,0.0262941710747195,0.874221775822275,0.99988016650531
"ENSG00000107864",-0.0259428493183458,5.18827847662379,0.0262899933725371,0.874231677476427,0.99988016650531
"ENSG00000108813",0.069561413263544,2.19065425171829,0.0262807143261089,0.874254206061139,0.99988016650531
"ENSG00000131473",-0.023015485919725,5.86714047309607,0.0262336623829852,0.874365203650045,0.99988016650531
"ENSG00000160124",-0.0255987733899315,5.10310077835647,0.0262225456850635,0.874391582519375,0.99988016650531
"ENSG00000156162",0.0277685789199052,5.03157207448953,0.0262142551781346,0.874411253312735,0.99988016650531
"ENSG00000248932",0.0308713695370116,5.07837338172291,0.0261967748797878,0.87445272734905,0.99988016650531
"ENSG00000087460",-0.0355032190363302,7.86836283803916,0.0261921776567427,0.874463633058063,0.99988016650531
"ENSG00000165757",0.0476488117547669,3.24420194789688,0.0261541755463978,0.874554036105156,0.99988016650531
"ENSG00000169925",-0.0343591452740184,6.03205646268464,0.026136576613539,0.874595685913362,0.99988016650531
"ENSG00000153207",0.0242805282753636,6.03544356051987,0.0260859450144967,0.874716060289501,0.99988016650531
"ENSG00000164758",-0.0299427577877253,5.34423862749116,0.0260305471357558,0.87484790708684,0.99988016650531
"ENSG00000162391",0.0969098230234103,0.564274162455987,0.026031308246357,0.87485400716175,0.99988016650531
"ENSG00000134508",-0.0391575418783435,3.22992309813026,0.0260057020219505,0.874907216867159,0.99988016650531
"ENSG00000166974",0.0288929381495689,4.89776243579503,0.0259850829449161,0.874956251525795,0.99988016650531
"ENSG00000181240",0.108362863655405,0.193978126806803,0.0259480280552255,0.875068151461674,0.99988016650531
"ENSG00000147535",0.0354854504324326,3.82693172045556,0.0259001927686724,0.87515879788415,0.99988016650531
"ENSG00000103222",-0.031757298347966,6.58174313640566,0.0258713309200217,0.875227634618654,0.99988016650531
"ENSG00000304745",-0.0551740234205921,2.06352182526404,0.0258708973476185,0.875229222023033,0.99988016650531
"ENSG00000164902",-0.0240259707842595,5.61212059586771,0.0258515661697717,0.87527485957536,0.99988016650531
"ENSG00000078328",0.0406641084858566,3.58376410205407,0.0258310966656001,0.87532390200004,0.99988016650531
"ENSG00000184470",0.0247395497876113,4.90975515891962,0.02582435576719,0.875339935474805,0.99988016650531
"ENSG00000304370",-0.0893682636735345,0.421820527888339,0.0258000498834424,0.875407719499138,0.99988016650531
"ENSG00000151917",0.074208685030836,1.30713549511821,0.0257348746619078,0.875555537426619,0.99988016650531
"ENSG00000136014",-0.0750782071287116,0.874265631852799,0.0257184657643369,0.875596403503674,0.99988016650531
"ENSG00000168234",-0.0277800787613431,6.32849628600576,0.0257075633450402,0.875619476777714,0.99988016650531
"ENSG00000144306",0.0347857796439657,3.52758672321526,0.0256888925368179,0.875664336471989,0.99988016650531
"ENSG00000151773",0.0434513737591367,2.63557509847222,0.0256785677361234,0.875689259698642,0.99988016650531
"ENSG00000126432",0.0545560724859796,5.99748203031395,0.0256425189065445,0.875775463352693,0.99988016650531
"ENSG00000167775",0.0494972723709213,3.60397994484524,0.02564193911267,0.875776956943776,0.99988016650531
"ENSG00000100979",0.0782171623350837,3.18752698256943,0.0256414247495666,0.875778263004164,0.99988016650531
"ENSG00000272752",0.032722355409478,3.96363044836793,0.0256390638488342,0.87578381936401,0.99988016650531
"ENSG00000007520",0.0345258467853979,5.49654486691273,0.0256376456899333,0.8757871599875,0.99988016650531
"ENSG00000089289",-0.0289741522449299,5.14255662171892,0.0256296910725668,0.875806254337835,0.99988016650531
"ENSG00000155330",-0.0306454910340842,4.60732045216243,0.0255847292299179,0.875914264876564,0.99988016650531
"ENSG00000215375",-0.0387602126305183,4.06403050801917,0.0255015909076775,0.876114183554361,0.99988016650531
"ENSG00000184634",0.035382080441881,3.64897908004921,0.0254866019041761,0.87615029735051,0.99988016650531
"ENSG00000115290",0.0305792995330324,5.09923704404164,0.0254749840657049,0.876178198026085,0.99988016650531
"ENSG00000100372",0.0283079611898789,4.80958161531585,0.0254693421218971,0.876191788967498,0.99988016650531
"ENSG00000114993",-0.0587166743382994,2.00500695986973,0.0254508653794251,0.876236905036651,0.99988016650531
"ENSG00000046604",0.0626568357739174,3.85248479957828,0.0254226581169907,0.876304316543949,0.99988016650531
"ENSG00000298072",0.113449515398326,0.109127446821338,0.0254229004365345,0.876327301511072,0.99988016650531
"ENSG00000281039",0.0701087084666051,1.75720297203049,0.025404182564649,0.876349603578573,0.99988016650531
"ENSG00000187391",0.0288403431515316,4.96228784326301,0.0253879303382506,0.876387978950918,0.99988016650531
"ENSG00000257261",-0.0385573752723732,6.74532961816566,0.0253867157326555,0.876390895893357,0.99988016650531
"ENSG00000257585",-0.124139009584997,0.0821047259524992,0.025385717799791,0.876418763635634,0.99988016650531
"ENSG00000258864",-0.103165528661202,0.833720796150489,0.0253437616160851,0.876499741402423,0.99988016650531
"ENSG00000236924",0.0440434531332581,3.0692573146463,0.0253294317244532,0.87652932535284,0.99988016650531
"ENSG00000225968",-0.0905967735289488,0.761529064196179,0.0253177251096297,0.876561539615492,0.99988016650531
"ENSG00000133316",0.0364031423299693,4.60520814840989,0.0252796433866253,0.87664949080212,0.99988016650531
"ENSG00000095110",0.106534136046358,0.153507475577794,0.025277031929748,0.876677631861487,0.99988016650531
"ENSG00000269237",-0.0901436351067323,1.22079664154438,0.0252310965598333,0.876769504101371,0.99988016650531
"ENSG00000162928",-0.0275485186750122,4.40843569357771,0.0252200610405148,0.87679361154395,0.99988016650531
"ENSG00000102471",0.0342893870377885,4.73825520353831,0.0252087497467903,0.876820983283557,0.99988016650531
"ENSG00000111596",0.0218594979317753,6.56532655152109,0.0251452267157663,0.87697482236118,0.99988016650531
"ENSG00000085514",0.038582001997959,4.55515753775258,0.0251406365240389,0.876985992706483,0.99988016650531
"ENSG00000196277",-0.110927389976725,0.2494751049779,0.0251462400064086,0.876990594517854,0.99988016650531
"ENSG00000172927",0.108415974712365,1.71789973735833,0.0251338996424128,0.877003343895186,0.99988016650531
"ENSG00000147533",-0.025144630669006,5.52528949412211,0.0251272131624409,0.877018497265591,0.99988016650531
"ENSG00000132432",0.0378429764251243,8.05824102302886,0.0251211485412323,0.87703320096871,0.99988016650531
"ENSG00000089063",0.0280805947910018,6.45284431213577,0.0250596363169398,0.877182473277953,0.99988016650531
"ENSG00000168421",0.0474734850339324,3.24807951120059,0.0250417334953499,0.877226085784359,0.99988016650531
"ENSG00000148229",-0.0342538566840427,5.60302627320859,0.0250246494275223,0.877267462271828,0.99988016650531
"ENSG00000167702",0.04515335891498,3.16071417639135,0.0250070642155846,0.877310355143048,0.99988016650531
"ENSG00000170681",0.107978541061654,0.365804662408775,0.0250041056496458,0.877329895395798,0.99988016650531
"ENSG00000102898",0.0338456401287729,7.21425920816268,0.0249459378857292,0.877458880495678,0.99988016650531
"ENSG00000129071",0.0293915216829959,6.17520398510778,0.0249305638046924,0.877496306456954,0.99988016650531
"ENSG00000155827",-0.0355494423161075,4.87180648132286,0.0249197397618666,0.87752269286955,0.99988016650531
"ENSG00000068878",-0.0293313061687462,6.13251613064169,0.0248431138249932,0.877709410762951,0.99988016650531
"ENSG00000301363",-0.104018305018359,0.42378226923695,0.0248133707108624,0.877792724376234,0.99988016650531
"ENSG00000007168",0.0245113654988514,6.08117825742904,0.0247855861932855,0.877849808399439,0.99988016650531
"ENSG00000101213",-0.0916672850758963,0.799399690605288,0.0247692265526536,0.877897240897465,0.99988016650531
"ENSG00000287275",-0.0949775203033238,1.49228634292275,0.0247218580478515,0.878006788286986,0.99988016650531
"ENSG00000310235",-0.0739980545657062,1.6067421472494,0.0246998446912201,0.878060439309961,0.99988016650531
"ENSG00000033178",0.0234921213375911,6.06588388945895,0.0246964235665931,0.878067743042058,0.99988016650531
"ENSG00000234185",0.0625848750979173,2.18003477832531,0.0246306428839221,0.878229290663834,0.99988016650531
"ENSG00000176658",0.0942041746912735,1.48409342436397,0.024584717276103,0.878342812280249,0.99988016650531
"ENSG00000166004",0.0306648926743358,5.15994110429049,0.0245650341701439,0.878389637484136,0.99988016650531
"ENSG00000107341",-0.0242140893220883,7.74342584027836,0.0245010940907545,0.878546589633197,0.99988016650531
"ENSG00000125633",-0.0319538019165999,4.34016992971921,0.0244957386554817,0.878559796532149,0.99988016650531
"ENSG00000123131",-0.0283663344289513,6.65055492347859,0.0244379841958855,0.878701722024155,0.99988016650531
"ENSG00000265808",0.0274248710170971,5.18109449026163,0.0244212816214094,0.878742817933753,0.99988016650531
"ENSG00000074855",0.0586979965439007,2.98556631050885,0.0244006007366544,0.878793909967005,0.99988016650531
"ENSG00000185761",0.0603537609871107,2.26347532090006,0.0243991447629647,0.878797735574252,0.99988016650531
"ENSG00000298140",0.131559324569898,0.450571441158167,0.0243949999326517,0.878819156819886,0.99988016650531
"ENSG00000267512",0.167854862897434,1.333108073963,0.0243801527953771,0.87884616009424,0.99988016650531
"ENSG00000049618",-0.0304754097934124,7.42978323594911,0.0243624019147891,0.878887782821465,0.99988016650531
"ENSG00000137267",-0.0482581893627919,2.81365143249703,0.0243502507442349,0.878917963129686,0.99988016650531
"ENSG00000154040",0.0638016809899954,1.5016690569783,0.0243501564792202,0.878919121798283,0.99988016650531
"ENSG00000224505",-0.0325097220993644,4.10254522582827,0.0243221466917134,0.878987056342901,0.99988016650531
"ENSG00000158526",-0.0313888073854575,4.06152904185693,0.0243161804163656,0.879001768304339,0.99988016650531
"ENSG00000001084",0.0471351644160325,3.33255158646756,0.024306554657349,0.879025572630699,0.99988016650531
"ENSG00000305602",0.0652691675551635,1.65232037693688,0.0242541226387659,0.879155886802962,0.99988016650531
"ENSG00000116521",-0.0252720034498265,6.52327259976635,0.0242507585066032,0.879163159482994,0.99988016650531
"ENSG00000110660",0.0296443270551568,5.44446569711302,0.0242201994138788,0.879238651537321,0.99988016650531
"ENSG00000196646",-0.0357665244371553,3.56369099412212,0.0242199798467538,0.879239294048019,0.99988016650531
"ENSG00000171867",-0.0358981899161023,4.29191411097252,0.0242024795602631,0.879282492275776,0.99988016650531
"ENSG00000155438",-0.0264260430790128,6.43670682256082,0.0241556326536649,0.879398307846393,0.99988016650531
"ENSG00000143951",0.0241324951507722,6.51429077695464,0.0240528862151667,0.879652828246696,0.99988016650531
"ENSG00000105755",0.0374929205731551,5.92707857713204,0.0240324553750334,0.87970350644768,0.99988016650531
"ENSG00000124243",0.110801657113693,0.486661617450467,0.0240354648057316,0.879710498370512,0.99988016650531
"ENSG00000132740",-0.035640921154889,3.90602029921791,0.0240020575212725,0.879779019229657,0.99988016650531
"ENSG00000261448",0.0811167763773398,1.07159158395584,0.0239852495857672,0.879823454061556,0.99988016650531
"ENSG00000159346",-0.0241223042008601,6.15608520436094,0.0239675683695211,0.8798645999925,0.99988016650531
"ENSG00000204392",0.0309372689030561,6.47469408535247,0.0239350259970346,0.879945476390803,0.99988016650531
"ENSG00000107518",-0.123173451490511,0.00965253182796627,0.0238953026443686,0.88006252596886,0.99988016650531
"ENSG00000177150",-0.0320377873806957,4.36790631827774,0.0238431313260034,0.880174211636858,0.99988016650531
"ENSG00000152061",-0.0259540163142346,7.69226401584534,0.0238425135914877,0.88017570303616,0.99988016650531
"ENSG00000204634",0.0241590462682021,6.0087721689986,0.0238127207153778,0.880249944926738,0.99988016650531
"ENSG00000263513",-0.0354883647929498,4.18433099262098,0.0237767123334509,0.880339790889092,0.99988016650531
"ENSG00000055955",0.114318150021592,0.300396323423207,0.0237815208201173,0.880340830233085,0.99988016650531
"ENSG00000171509",0.0444242734051118,3.55024898060835,0.0237535536561856,0.880397668404168,0.99988016650531
"ENSG00000140396",0.0276436514258836,7.17556078591013,0.0237374257417438,0.880437782669858,0.99988016650531
"ENSG00000245534",0.0515449430197876,2.57481082443877,0.0237314436726362,0.880453077134038,0.99988016650531
"ENSG00000181192",0.0281296748334546,5.0729220887734,0.0236735743881009,0.880597324403982,0.99988016650531
"ENSG00000107949",-0.0248977582543458,6.60044019774861,0.023665505291015,0.88061748932678,0.99988016650531
"ENSG00000247498",-0.136096562047726,0.0817881861963304,0.0236667505860429,0.88064597109521,0.99988016650531
"ENSG00000162298",-0.0285854280887725,4.74839833935886,0.0236497647078728,0.880656895133246,0.99988016650531
"ENSG00000183718",-0.0456809701727337,2.80862918298791,0.0236380012993757,0.880686505977195,0.99988016650531
"ENSG00000164331",0.0455498911386649,2.69819926186664,0.0236116194851967,0.880752556781102,0.99988016650531
"ENSG00000297215",0.0593702859457555,5.30458801769004,0.0235904603730194,0.88080530387212,0.99988016650531
"ENSG00000287498",0.125865639818806,1.20270058154371,0.0235829848452506,0.880826263827723,0.99988016650531
"ENSG00000309940",-0.112163121935901,0.338396376556934,0.023576346879601,0.880851389541746,0.99988016650531
"ENSG00000181649",-0.0293861259105547,6.18960918073817,0.0234862534982965,0.881066605603565,0.99988016650531
"ENSG00000277369",-0.0659334798076242,1.58348462881035,0.0234765079210364,0.881092144062308,0.99988016650531
"ENSG00000269556",0.0423319231319476,2.73808323797814,0.0233502011454327,0.88140887583227,0.99988016650531
"ENSG00000181135",-0.0449408859121487,3.16498779362675,0.0233079948166952,0.881515124813966,0.99988016650531
"ENSG00000173456",-0.0423510502526389,4.50441550214059,0.0233043673857729,0.881524167417532,0.99988016650531
"ENSG00000294531",0.0270281742165821,5.57716259357089,0.0232391777959841,0.881688547307393,0.99988016650531
"ENSG00000164081",0.0238115554952334,5.73209628155251,0.0232333672853739,0.881703213795916,0.99988016650531
"ENSG00000231210",0.107249383583938,0.341910397889478,0.0232372360000422,0.881705310424097,0.99988016650531
"ENSG00000165102",-0.0223165585201694,6.27825559250621,0.0231698512365981,0.881863662862022,0.99988016650531
"ENSG00000288866",-0.0698212840884043,1.94494375963208,0.0231325922350639,0.881958542442871,0.99988016650531
"ENSG00000184058",0.0445134913420086,3.16090145347994,0.0231283421845162,0.881968805904817,0.99988016650531
"ENSG00000099622",-0.024417808541104,6.58015059153308,0.0230337232087168,0.882208302471162,0.99988016650531
"ENSG00000293946",0.0746155305227155,0.825282536017967,0.0230008120550852,0.882295606647844,0.99988016650531
"ENSG00000015285",-0.0235751161099515,6.75854033370571,0.022987393945749,0.88232583364102,0.99988016650531
"ENSG00000165219",0.0216048010767044,6.36382036731036,0.0229641699130984,0.882384796097133,0.99988016650531
"ENSG00000198689",-0.0329719579786565,3.86444799178543,0.0229458783111776,0.882431327090174,0.99988016650531
"ENSG00000132541",0.0266899645763456,4.95897265418736,0.0229307386526934,0.882469749073145,0.99988016650531
"ENSG00000053747",0.0562765083746932,2.465598648854,0.0229233493282571,0.882488965909751,0.99988016650531
"ENSG00000248656",0.092408622273975,0.448631534545669,0.0229072933227148,0.882537236886395,0.99988016650531
"ENSG00000214300",0.118177761067337,0.55625765844356,0.0228744097448576,0.882623719422387,0.99988016650531
"ENSG00000136143",0.0281085963101184,5.20880837886404,0.0228523431699883,0.882669138813873,0.99988016650531
"ENSG00000135090",-0.0270551195178439,8.6549842700397,0.0228165429926694,0.88276031281334,0.99988016650531
"ENSG00000134809",-0.0336895350695742,4.9355668483245,0.0228109630297998,0.882774558806077,0.99988016650531
"ENSG00000162994",-0.0306638604104591,4.49959881820415,0.0227910961658543,0.882825211160753,0.99988016650531
"ENSG00000298872",0.132426861255798,0.0928591499168425,0.0227742161030255,0.882888495508829,0.99988016650531
"ENSG00000064042",-0.0848767372648844,1.96003278084418,0.0226683412264995,0.883139242824566,0.99988016650531
"ENSG00000172273",-0.0281937093239812,4.31511094360352,0.0226562111601066,0.883169609478158,0.99988016650531
"ENSG00000302605",0.0315971933727214,5.74099562616539,0.0226443807904389,0.883199818791902,0.99988016650531
"ENSG00000113643",-0.0207959386440749,6.79722917826072,0.0225643117350447,0.883404804700173,0.99988016650531
"ENSG00000060339",-0.0217513336644857,7.47798414555051,0.0225522310196403,0.883435764943752,0.99988016650531
"ENSG00000148925",-0.0261104567818622,5.05561564543678,0.0225489859750434,0.883444088376694,0.99988016650531
"ENSG00000139263",-0.0818580233704082,0.654950479414752,0.0225334475075055,0.883490123373022,0.99988016650531
"ENSG00000105971",0.0659767706837831,2.2488292624637,0.0224587780026712,0.883676009879865,0.99988016650531
"ENSG00000118058",0.0225916468462206,5.4342257336355,0.0224324378483153,0.883743236214218,0.99988016650531
"ENSG00000111913",-0.0271881556093576,6.4033827696745,0.0224248740297309,0.883762675416304,0.99988016650531
"ENSG00000246174",0.0651745670008143,1.11845124823845,0.022416559649781,0.883786278783246,0.99988016650531
"ENSG00000185565",0.0221687225294391,5.87771091762419,0.0223336765331445,0.883997354249933,0.99988016650531
"ENSG00000187109",0.0237842429828395,9.41597508641855,0.0223326408718511,0.884000020276206,0.99988016650531
"ENSG00000198001",-0.0319844609000131,4.60395884163182,0.0223299312831434,0.884007042454085,0.99988016650531
"ENSG00000174233",0.0826852146827703,1.3047570042747,0.0222969684132464,0.884093912834749,0.99988016650531
"ENSG00000196110",0.0681372526758123,1.19391048592793,0.0222955938836846,0.88409722971368,0.99988016650531
"ENSG00000126775",0.0371700186013016,3.78675306588869,0.0222927388272241,0.884102930753318,0.99988016650531
"ENSG00000106268",0.0341464966470957,5.24526761461089,0.0222722585133876,0.884155680612886,0.99988016650531
"ENSG00000163535",0.0333526857225374,4.54506394014371,0.0222498900050922,0.884213437524172,0.99988016650531
"ENSG00000174405",-0.0342040606547216,3.52352286080114,0.022249282817929,0.884215049501924,0.99988016650531
"ENSG00000111817",0.0245569894453518,5.40159393959879,0.0222253774253027,0.884276679671993,0.99988016650531
"ENSG00000161202",-0.0317230435263937,4.0417682416858,0.0222214754119753,0.884286809589671,0.99988016650531
"ENSG00000297879",-0.0436503482585032,2.64002784925771,0.0222090338525786,0.884319124333397,0.99988016650531
"ENSG00000175356",0.0917686397462841,0.159467628651565,0.0222052886780021,0.88435252435459,0.99988016650531
"ENSG00000298287",-0.100834804663687,0.624344374222845,0.0221679406251829,0.884436813461371,0.99988016650531
"ENSG00000182197",0.0295462287613225,7.13199882984847,0.0221555503117201,0.88445714298839,0.99988016650531
"ENSG00000077097",0.0222678694486917,6.32822757890114,0.022110024028115,0.884574962531598,0.99988016650531
"ENSG00000271723",0.118272618978358,0.435845203688658,0.0221109329212102,0.884588359927121,0.99988016650531
"ENSG00000235770",0.0814972309836684,1.35908584130605,0.0220938705814475,0.884618068530127,0.99988016650531
"ENSG00000154027",0.0621786944178532,1.60521575657345,0.0220843348035844,0.884643198143793,0.99988016650531
"ENSG00000159459",-0.0235394390988273,5.64099206369703,0.0220709727220687,0.884676124810801,0.99988016650531
"ENSG00000287480",0.0383115429389638,3.31369790423794,0.0220293161805941,0.884784241818303,0.99988016650531
"ENSG00000048392",-0.0256972609195325,4.55451569695151,0.0220194549811149,0.884809759885542,0.99988016650531
"ENSG00000237637",-0.0847805817430968,1.08651758867703,0.0219999894216487,0.88486453017107,0.99988016650531
"ENSG00000204393",-0.0795220979673398,0.744877020064877,0.0219626289524513,0.884963518900659,0.99988016650531
"ENSG00000176597",-0.0301224400613558,4.08280781721726,0.0219488082508858,0.884993234885504,0.99988016650531
"ENSG00000248367",-0.0978652083921095,0.255403953998699,0.0219450633503993,0.88502775247686,0.99988016650531
"ENSG00000150510",-0.0797657991309744,1.70575146219667,0.0218962005205488,0.885130945646668,0.99988016650531
"ENSG00000242861",0.0370747073638022,3.43407725060678,0.0218931562779254,0.885138013659768,0.99988016650531
"ENSG00000271086",0.0630711501773099,1.8371705165875,0.0218567798883173,0.885233526544352,0.99988016650531
"ENSG00000165923",-0.069190657609402,1.28662866583666,0.0218471633564534,0.885259399080783,0.99988016650531
"ENSG00000125863",-0.0387178226161693,2.85428398570825,0.0218224897561982,0.88532218519486,0.99988016650531
"ENSG00000161681",0.0635716457260389,2.55714175466316,0.0217590489345671,0.885487838367685,0.99988016650531
"ENSG00000124574",0.0292820873770779,4.13565460155555,0.0217327813528175,0.885556106325384,0.99988016650531
"ENSG00000114378",-0.122380469688365,0.297305787990585,0.0217209675393898,0.885604095994099,0.99988016650531
"ENSG00000289576",-0.0386216765012277,4.73375992852161,0.0216967069992874,0.885650368758218,0.99988016650531
"ENSG00000279730",-0.084682817510527,0.370861537068846,0.0216373958031872,0.885815324854148,0.99988016650531
"ENSG00000076944",0.0311389248414009,4.70020341816565,0.02161451425643,0.885865466326903,0.99988016650531
"ENSG00000273184",0.0562945619129347,1.51933250337895,0.0216094792768011,0.88587975032259,0.99988016650531
"ENSG00000120647",-0.0341137422041232,3.49883116293697,0.0215143842955907,0.886128122645071,0.99988016650531
"ENSG00000119686",-0.0421937036920757,3.67194732316848,0.0214744704863272,0.8862329585134,0.99988016650531
"ENSG00000138434",-0.0236600897121761,5.31316351934421,0.0214673323773057,0.886251648103329,0.99988016650531
"ENSG00000165271",-0.030032738555615,5.37483440996832,0.0214256575990151,0.886361252091652,0.99988016650531
"ENSG00000186300",-0.0763559948997814,2.07513236091942,0.0213889727415193,0.886458366390999,0.99988016650531
"ENSG00000157064",0.131420422179646,0.391286661045221,0.0213456389842573,0.886587005141228,0.99988016650531
"ENSG00000112977",-0.0263663814858689,6.79509285046545,0.0213285641733527,0.886617027767661,0.99988016650531
"ENSG00000303088",0.0850617756553018,1.38181946902129,0.0212802039658685,0.886746844451457,0.99988016650531
"ENSG00000103365",-0.0204660259521047,6.26683582419587,0.021256944660544,0.886806081994576,0.99988016650531
"ENSG00000106692",0.0264641536408183,4.63428763723752,0.0212410347427687,0.886848159808852,0.99988016650531
"ENSG00000243147",-0.0284244007176427,6.92027128177332,0.021214842663591,0.886917369749467,0.99988016650531
"ENSG00000178695",0.024844210272664,5.84157239534156,0.0211849273759896,0.886996515059058,0.99988016650531
"ENSG00000114439",-0.0279295831354449,5.57062792474575,0.0211736706009277,0.88702631149227,0.99988016650531
"ENSG00000298307",-0.0790779565890787,0.78159050738216,0.0211720275652317,0.887034976701294,0.99988016650531
"ENSG00000224358",0.0785760183043032,1.11020878248423,0.0211708339494032,0.887036006450675,0.99988016650531
"ENSG00000136710",0.0261201127770992,4.17434986102795,0.02114319916392,0.88710706181408,0.99988016650531
"ENSG00000174748",-0.0279355867443341,9.84263257450415,0.0211421941247085,0.887109667612155,0.99988016650531
"ENSG00000137343",0.0441808560333961,2.4836375428705,0.021131419642338,0.887138537152706,0.99988016650531
"ENSG00000135870",-0.0286424755268033,6.85786128597613,0.0211103387495457,0.887194094808448,0.99988016650531
"ENSG00000295994",-0.0389383768438355,3.30815228027034,0.0210905010245511,0.887246818392036,0.99988016650531
"ENSG00000111886",0.0769640504276707,0.922171145120427,0.0210914931178064,0.887247730249288,0.99988016650531
"ENSG00000159231",-0.0938023141239498,1.46591642931401,0.0210768818830695,0.887284171080406,0.99988016650531
"ENSG00000147526",-0.0231679368625267,7.58863483492625,0.0210682880774013,0.887305641840198,0.99988016650531
"ENSG00000182307",0.0251363531546331,6.22420629349256,0.0210328299889228,0.887399790669748,0.99988016650531
"ENSG00000210196",0.0682707603104992,0.894821032850931,0.0210237505807375,0.887427581250324,0.99988016650531
"ENSG00000189316",0.0865362555224701,0.363437879055632,0.0210238641921777,0.887440318919662,0.99988016650531
"ENSG00000144451",0.0704654639640433,1.07389112831636,0.0210147340559123,0.887450656153527,0.99988016650531
"ENSG00000300210",0.139824389648489,0.28197838620362,0.0210198693680299,0.887453653529819,0.99988016650531
"ENSG00000046651",-0.0323007949540409,4.89989612659525,0.0209802644677306,0.887539545479197,0.99988016650531
"ENSG00000137274",0.0648625706572311,1.48268942747186,0.0209787841915747,0.887544553560838,0.99988016650531
"ENSG00000273004",-0.0585477228520925,1.52610534932104,0.0209777261644345,0.887547366217778,0.99988016650531
"ENSG00000204947",-0.0521328552659372,2.68276061663008,0.0209764255049408,0.887549950398856,0.99988016650531
"ENSG00000119778",-0.0301465775574485,6.35555042452517,0.0209484656680451,0.887624120156102,0.99988016650531
"ENSG00000297005",0.120622683556612,0.474228059132982,0.0209419586341505,0.887649353662636,0.99988016650531
"ENSG00000296731",-0.0926898880226604,0.138195423732038,0.020935599142209,0.887675649653468,0.99988016650531
"ENSG00000127561",0.0768847379478365,1.77631918179046,0.0208602112869794,0.887860004379015,0.99988016650531
"ENSG00000155115",-0.0259121599406594,6.64469633921515,0.0208474338978124,0.887893378271081,0.99988016650531
"ENSG00000134086",-0.0245436967458637,6.36122989779643,0.0208275085879385,0.887946559904406,0.99988016650531
"ENSG00000172086",-0.0235712435592328,6.15261236489257,0.0207864606079438,0.888056200851333,0.99988016650531
"ENSG00000204954",0.0310198503799096,4.53738975032061,0.0207781447247882,0.888078466811292,0.99988016650531
"ENSG00000078596",-0.133040538804958,0.163981548809799,0.0207719552015747,0.888109584925936,0.99988016650531
"ENSG00000157911",-0.0394292639448422,3.25141133212497,0.0207545250502891,0.888141712395127,0.99988016650531
"ENSG00000266497",0.0753908989810907,1.07375895262465,0.0206456856826665,0.888435382659823,0.99988016650531
"ENSG00000307644",-0.0518939094412042,3.99415334865289,0.0206326961416833,0.888467955241569,0.99988016650531
"ENSG00000178096",-0.0412646948233727,3.02648958163431,0.0206235036228214,0.888492733714088,0.99988016650531
"ENSG00000305079",-0.109111781520457,0.3369784292177,0.0206162192895911,0.888525516656795,0.99988016650531
"ENSG00000099381",0.0302575076302264,4.25115452328378,0.0205891032709971,0.888584948327026,0.99988016650531
"ENSG00000143493",-0.024027117374471,4.93533475349901,0.0205661486129207,0.888646588058356,0.99988016650531
"ENSG00000299115",0.0493062550390004,3.64191080489954,0.020564011438835,0.888652397212976,0.99988016650531
"ENSG00000136193",-0.0607334892159418,2.73648354885668,0.0205632718447954,0.888654502690027,0.99988016650531
"ENSG00000141506",-0.027624811499168,5.94303099396005,0.0205272343476169,0.888751176026907,0.99988016650531
"ENSG00000280683",-0.0630904108094824,0.955670916647127,0.0204950084771027,0.88884112347344,0.99988016650531
"ENSG00000247092",0.0529372682458785,2.67672599577038,0.0204884978711337,0.888855675577046,0.99988016650531
"ENSG00000306402",0.0540649733325994,2.15696466460129,0.0204814310239493,0.888874874643948,0.99988016650531
"ENSG00000114391",-0.02990746995004,10.587801919023,0.020468414738352,0.888909490998376,0.99988016650531
"ENSG00000113594",0.151050796621603,-0.0575370494455041,0.020468810761582,0.888931100496116,0.99988016650531
"ENSG00000100207",-0.0271143559424757,4.83920906314309,0.0204434999642521,0.888976654947017,0.99988016650531
"ENSG00000109118",-0.0229226476971741,5.07009385864976,0.020434245272327,0.889001572170584,0.99988016650531
"ENSG00000237248",-0.0758195742583981,1.60146331202628,0.0203779595536229,0.889154558105583,0.99988016650531
"ENSG00000179152",0.0227512896078609,4.83528746067226,0.0203772046495453,0.889155477874017,0.99988016650531
"ENSG00000265148",0.0245060580656065,5.72960182431408,0.0203389391590376,0.88925880564819,0.99988016650531
"ENSG00000115233",0.0209798864483383,6.3841158135754,0.0203114979535335,0.88933298396664,0.99988016650531
"ENSG00000262211",0.120902285190612,1.01698941583961,0.0203088349134796,0.889343147574094,0.99988016650531
"ENSG00000296816",0.0740431910839136,0.602924949377547,0.0203056863249346,0.889355104507692,0.99988016650531
"ENSG00000167088",0.0235802742304841,7.74237691893996,0.0202868672248079,0.889399609079086,0.99988016650531
"ENSG00000308261",-0.110327504355426,0.443047937636729,0.0202604798870034,0.889480695915856,0.99988016650531
"ENSG00000224032",-0.0261077564541214,4.5182057295751,0.020210492471584,0.889606509279068,0.99988016650531
"ENSG00000286201",0.113453951326996,0.949987919100157,0.0201694723613754,0.889720748639137,0.99988016650531
"ENSG00000068366",-0.0227914262647846,7.32291921499524,0.0201581837491505,0.889748370678724,0.99988016650531
"ENSG00000187118",-0.0234645914341004,6.63214743766476,0.0201458196567177,0.889781940459559,0.99988016650531
"ENSG00000170759",-0.0218841373978563,7.65105401134216,0.020122995622857,0.889843936399699,0.99988016650531
"ENSG00000287684",0.0499975256214367,4.71907675248235,0.0200769608605454,0.88996911733331,0.99988016650531
"ENSG00000149761",-0.0330112510153205,4.49111889821825,0.0200646415553428,0.8900026484304,0.99988016650531
"ENSG00000286046",0.0613572779186209,1.80732119211639,0.020062179042613,0.890010105790705,0.99988016650531
"ENSG00000289100",0.0398554912634767,4.23613182975306,0.019997210585056,0.890186296727641,0.99988016650531
"ENSG00000126778",0.0380982962479456,3.24424458859665,0.0199778780119543,0.890239095930875,0.99988016650531
"ENSG00000130518",-0.0855960396815197,0.405240605358789,0.0199504389333284,0.89032467397518,0.99988016650531
"ENSG00000183161",0.0386603423814839,2.94100261748639,0.0199447346090671,0.89032957503163,0.99988016650531
"ENSG00000226690",-0.0778835254380568,0.884243437302365,0.0198955164119982,0.890467250858214,0.99988016650531
"ENSG00000198830",-0.0245055280653128,7.61726843530561,0.0198760584305469,0.890516997618274,0.99988016650531
"ENSG00000134815",0.0288435522242363,3.97757328019997,0.0198368766163237,0.890624236925104,0.99988016650531
"ENSG00000160688",-0.026043475391424,4.78713942172658,0.019803747513546,0.890714932968606,0.99988016650531
"ENSG00000185825",-0.0270333427432954,7.61158377825899,0.019747544399477,0.890868970688236,0.99988016650531
"ENSG00000100426",0.022867972873123,4.91318939008352,0.0197320000441957,0.890911653438343,0.99988016650531
"ENSG00000310216",0.024004214732378,4.75601360584289,0.0196992734811756,0.891001511838404,0.99988016650531
"ENSG00000138867",-0.0234750539748553,5.8691975569936,0.0196913496068029,0.891023245757934,0.99988016650531
"ENSG00000123384",0.155156569248584,2.22015096242065,0.0196912387998445,0.891024130201229,0.99988016650531
"ENSG00000136040",0.0271631490310456,6.4140904155085,0.0196578044693739,0.891115444436224,0.99988016650531
"ENSG00000086015",0.0235610418819018,5.74559461127091,0.0196516600321924,0.891132342643883,0.99988016650531
"ENSG00000026559",0.0405702772640714,3.04951914665753,0.0196383641355665,0.891169062631138,0.99988016650531
"ENSG00000262420",-0.0620696169096672,1.91575880772759,0.0196253570269849,0.891205529680087,0.99988016650531
"ENSG00000167280",-0.0446966488103733,3.03095642470116,0.0196210557878928,0.891216695117579,0.99988016650531
"ENSG00000153561",-0.0251951751929275,5.11090123624994,0.0196128296214312,0.891239193439474,0.99988016650531
"ENSG00000162813",0.028667374541505,4.62441325151629,0.0196085141747184,0.891251101446012,0.99988016650531
"ENSG00000188554",0.0226720477381297,4.66924049611205,0.0195581024701536,0.891389991180044,0.99988016650531
"ENSG00000108469",-0.0400276906829853,2.50472715798087,0.0195486040135294,0.891416436552714,0.99988016650531
"ENSG00000130255",-0.0294870447558355,9.83589579073263,0.0195434883770684,0.891430249700502,0.99988016650531
"ENSG00000116685",-0.0206930020083325,6.09992785527788,0.0195291048816171,0.891469927092998,0.99988016650531
"ENSG00000305385",-0.0875860418518252,0.329523576566193,0.0194943416544546,0.891578319293833,0.99988016650531
"ENSG00000229503",-0.0359809504869595,3.26128107035491,0.0194716518479742,0.89162869427956,0.99988016650531
"ENSG00000254288",-0.0705778074668756,0.915903604906497,0.0194549914945172,0.891677193705934,0.99988016650531
"ENSG00000242324",-0.0879973157808782,1.18894096755468,0.0194396217210598,0.891720128702377,0.99988016650531
"ENSG00000156687",0.045922334820821,3.15964541876772,0.0194207560161356,0.891769430480682,0.99988016650531
"ENSG00000100413",0.0274340327409425,5.41732903894166,0.0193801281291283,0.891881754685907,0.99988016650531
"ENSG00000305172",-0.0687223271170343,1.33225993760535,0.0193774562241717,0.891891315076226,0.99988016650531
"ENSG00000141428",-0.0358120431783334,3.53304562974945,0.0193677249246148,0.891916208702469,0.99988016650531
"ENSG00000256206",0.0570914832403141,1.60276401212483,0.0193521785815228,0.891960133073096,0.99988016650531
"ENSG00000105193",-0.029951537851174,11.1293769471349,0.0193434084545683,0.891983505498341,0.99988016650531
"ENSG00000310416",0.0603407490979199,1.14584283118068,0.0193288370088568,0.892025766949584,0.99988016650531
"ENSG00000246316",-0.0775251520715116,1.45619759112724,0.0193089656561962,0.892080906494285,0.99988016650531
"ENSG00000125730",0.024568750092883,7.48089995835492,0.0192968755736101,0.89211259540047,0.99988016650531
"ENSG00000188883",-0.0623365237114879,1.38193338912391,0.0192966326158999,0.892114779372745,0.99988016650531
"ENSG00000304120",0.051242040971968,3.04576636765751,0.0192943863203098,0.892119667403437,0.99988016650531
"ENSG00000137563",0.0294127603798033,4.08288449031039,0.0192922585126766,0.892125470135777,0.99988016650531
"ENSG00000185559",-0.124674544846967,-0.0631946836477091,0.0192573169308703,0.892248306164047,0.99988016650531
"ENSG00000100196",0.0897139010426385,1.91546965927448,0.0192157889359455,0.892338660807499,0.99988016650531
"ENSG00000077235",0.0239040544616145,5.53084105919693,0.0191914237519357,0.89240572785581,0.99988016650531
"ENSG00000108828",0.0601913667990857,4.74691084602327,0.0191726888842036,0.892457923899363,0.99988016650531
"ENSG00000163697",-0.0546069151712136,2.53080279083096,0.0191700285503012,0.89246561860809,0.99988016650531
"ENSG00000188603",-0.064911021127532,1.2002885853912,0.0191463680613517,0.892532746545725,0.99988016650531
"ENSG00000302838",-0.0335041144351744,3.58504833237672,0.0191443462359225,0.892536940215912,0.99988016650531
"ENSG00000146282",-0.0254011614790039,5.07337774997394,0.0191194182492105,0.892606365450777,0.99988016650531
"ENSG00000164776",0.0259823452579044,4.60773630126172,0.0191186213058616,0.892608618088379,0.99988016650531
"ENSG00000187736",0.0698165783099695,0.960683741589949,0.0191010396064669,0.892661257847464,0.99988016650531
"ENSG00000170011",0.0854794341069292,0.473046593364951,0.0190920787114398,0.892695198196485,0.99988016650531
"ENSG00000197826",0.139230797241873,-0.139946077128456,0.0190855583429437,0.892730030385817,0.99988016650531
"ENSG00000148773",0.0233941414961954,6.33288159257224,0.0190749063104143,0.892730573365373,0.99988016650531
"ENSG00000178878",-0.0348805607436799,4.4563077846082,0.0190569829206997,0.892780673246585,0.99988016650531
"ENSG00000107242",0.031187310759041,3.45739878410212,0.0190230957631176,0.892875432646968,0.99988016650531
"ENSG00000065613",-0.0290544637875424,5.48091852985598,0.0189884908207741,0.892972153921056,0.99988016650531
"ENSG00000163623",0.0409212600461191,2.68564580033535,0.0189844361889646,0.892983764360736,0.99988016650531
"ENSG00000105122",-0.0463242957138461,3.18541112805338,0.0189796651121492,0.892996977149749,0.99988016650531
"ENSG00000255339",-0.0801709616881702,0.445547151266528,0.0189812419984925,0.893001371717855,0.99988016650531
"ENSG00000265485",0.0669811360584585,1.09920968655859,0.0189756095335602,0.893010311697842,0.99988016650531
"ENSG00000286473",-0.0612675593737331,0.952415406232829,0.0189613921433507,0.89305066110734,0.99988016650531
"ENSG00000171943",-0.0256226119940579,8.02526978711678,0.0189546437658966,0.893066924983632,0.99988016650531
"ENSG00000104177",0.0325120046674692,4.25358929139289,0.0189263110992768,0.893146369451185,0.99988016650531
"ENSG00000290552",-0.0487429735681226,1.70069658442172,0.0189219843601264,0.893159235696017,0.99988016650531
"ENSG00000136824",0.0262548944376695,5.49375393845619,0.0189143402959336,0.893179893285844,0.99988016650531
"ENSG00000289516",-0.0602504660760271,1.64063711857866,0.0188689589595557,0.893308074673943,0.99988016650531
"ENSG00000254416",-0.0274910402712312,3.80910636607843,0.018830174839656,0.893416264862382,0.99988016650531
"ENSG00000165943",0.0367491374954039,2.90229791908045,0.0188229313681636,0.8934367294246,0.99988016650531
"ENSG00000161714",-0.0842174648170697,1.40416382022594,0.0188100000265018,0.893474942039317,0.99988016650531
"ENSG00000163092",-0.0929904220033247,0.235665601196192,0.0188071361268615,0.893498512181431,0.99988016650531
"ENSG00000158545",-0.0249513177564558,5.75245978707521,0.0187849675620331,0.893543338179043,0.99988016650531
"ENSG00000185917",-0.0312381821701653,4.18645669297518,0.0187384270246903,0.893674442337577,0.99988016650531
"ENSG00000041802",-0.0248280753477636,5.18005520669112,0.0187215526715206,0.893721958378472,0.99988016650531
"ENSG00000286525",-0.0586419751194738,1.87865213856945,0.0186936808817808,0.893801104564071,0.99988016650531
"ENSG00000204469",0.0234713635260171,5.66050950124796,0.0186862236853953,0.893821599427548,0.99988016650531
"ENSG00000198763",0.0312756735828326,11.5452417120712,0.0186779075520392,0.89384506628965,0.99988016650531
"ENSG00000266256",-0.0451437819948522,4.3861622989494,0.0185815477284856,0.89411743595359,0.99988016650531
"ENSG00000198478",0.0273094721909797,3.93771655926992,0.0185649183005457,0.894164518751545,0.99988016650531
"ENSG00000139921",-0.0235713352201085,5.9090455857541,0.0185164843581693,0.894301684509102,0.99988016650531
"ENSG00000290854",-0.0807369170712022,0.781809283744869,0.0184987101850602,0.894356038163558,0.99988016650531
"ENSG00000234428",-0.0714528585981803,1.21039209652132,0.0184681956568045,0.89444117828318,0.99988016650531
"ENSG00000119772",0.0282295993839089,5.61693855412315,0.018465864157244,0.894445291814522,0.99988016650531
"ENSG00000264281",-0.0328421620262415,4.21631897903949,0.0184657839869512,0.894445564284269,0.99988016650531
"ENSG00000196419",-0.0204542889934408,7.53572755758729,0.0184343622161139,0.894534760541996,0.99988016650531
"ENSG00000122435",0.025460463306935,5.00376524420021,0.0184248532629168,0.894561796282905,0.99988016650531
"ENSG00000105404",-0.0453797225208842,4.65364207128647,0.0184015916429965,0.894627953963324,0.99988016650531
"ENSG00000106511",0.0461037491975551,3.38262836952269,0.0183987316320606,0.894636140088127,0.99988016650531
"ENSG00000119661",0.0373991389958589,3.04801303955281,0.0183423540164081,0.894796677964587,0.99988016650531
"ENSG00000119185",0.0298393258156487,5.87915851569149,0.0183231440547423,0.894851265627027,0.99988016650531
"ENSG00000118900",-0.0300501816903632,5.7927368556567,0.0182800700645407,0.894974108307472,0.99988016650531
"ENSG00000165097",-0.0302446889972362,4.48304867017728,0.0182784796466455,0.894978683415947,0.99988016650531
"ENSG00000178429",0.0333096089337399,3.57655461825355,0.0182548546432988,0.895046177031785,0.99988016650531
"ENSG00000188848",-0.0361897502382131,3.34791094280566,0.0182530371428933,0.895051381645536,0.99988016650531
"ENSG00000185432",-0.0945653758661056,0.849751535376078,0.018226044509723,0.895132643260963,0.99988016650531
"ENSG00000076604",0.0374983356810649,3.74973995642323,0.0182117143055261,0.895169426414988,0.99988016650531
"ENSG00000077238",-0.0249092189827234,5.46559899317544,0.0181870828373504,0.895239803183316,0.99988016650531
"ENSG00000006747",0.0510943641471357,2.06649948103522,0.0181765640157685,0.895270598081462,0.99988016650531
"ENSG00000164548",-0.0200811057643781,6.95718928200668,0.0181572471196282,0.895325197943173,0.99988016650531
"ENSG00000107854",0.0234432195373661,5.64282846313065,0.018116499981695,0.895441943540901,0.99988016650531
"ENSG00000225630",0.0270763320623242,9.0347816913764,0.0181109669214087,0.895457804271821,0.99988016650531
"ENSG00000183684",-0.0222768513737317,7.37251719742553,0.0180953731120983,0.895502524339619,0.99988016650531
"ENSG00000087088",0.026224927125411,5.54825721383566,0.0180844446894346,0.895533878977563,0.99988016650531
"ENSG00000108298",0.0298894484179988,10.1201622240788,0.0180770312888517,0.895555149865222,0.99988016650531
"ENSG00000123200",0.0230581553319072,6.62753794215289,0.0180680338155704,0.895580975625608,0.99988016650531
"ENSG00000176102",-0.0194407997921205,6.38743450840067,0.0180418493172975,0.895656169892569,0.99988016650531
"ENSG00000131844",0.0219765543864315,6.13957626258517,0.018028485719916,0.895694567829901,0.99988016650531
"ENSG00000237938",-0.0899783599463454,0.674309053014951,0.0180160679566277,0.895736174604083,0.99988016650531
"ENSG00000248752",0.043137419191451,3.4478375760963,0.0179723864190833,0.895856028058265,0.99988016650531
"ENSG00000166394",-0.052306009595333,3.04512632273054,0.0179435495683928,0.895939088087761,0.99988016650531
"ENSG00000100422",-0.0272861600555243,4.44134911657088,0.0179394351795181,0.895950848557764,0.99988016650531
"ENSG00000273674",-0.0730469055610583,1.21479801648587,0.0179354769283857,0.895964507400643,0.99988016650531
"ENSG00000238000",-0.0908016300687243,0.470793797181695,0.0178960972622165,0.896083321246325,0.99988016650531
"ENSG00000196700",0.0318151292355528,4.07353911698463,0.0178899042682386,0.896093663613812,0.99988016650531
"ENSG00000287083",-0.0528347568300639,3.26925416862516,0.0178718560463672,0.896145855158164,0.99988016650531
"ENSG00000117616",0.0215484239991729,6.47238290880549,0.0178577645925361,0.896186383709018,0.99988016650531
"ENSG00000302621",0.113520010956994,0.489626396847233,0.0178339586074626,0.896264921542573,0.99988016650531
"ENSG00000067900",-0.0239677994047679,7.32070565091322,0.0177912189006708,0.896378738079486,0.99988016650531
"ENSG00000145248",0.0307625462126572,3.82362879986441,0.0177784978629914,0.896415620131214,0.99988016650531
"ENSG00000286340",0.0495793213859254,2.37351984814899,0.0177779935686291,0.896417379895321,0.99988016650531
"ENSG00000100888",-0.0242426094241574,5.97468036328626,0.0177683726367427,0.896444862509427,0.99988016650531
"ENSG00000197530",0.0374721068319612,3.51359697588746,0.017765677258208,0.896452752265788,0.99988016650531
"ENSG00000130762",0.0749727017957117,1.130606319836,0.0177589764010553,0.896478967335342,0.99988016650531
"ENSG00000306721",0.0262446464417721,4.14906199652378,0.0177349349912142,0.89654176230925,0.99988016650531
"ENSG00000231557",0.106469390257403,0.149908632959348,0.017737301471538,0.89654941015233,0.99988016650531
"ENSG00000279088",-0.0698548743468934,2.2276078814509,0.0177180247000862,0.896591216964883,0.99988016650531
"ENSG00000245571",-0.0459689648265256,3.23084521923586,0.0177082481736495,0.896619209811172,0.99988016650531
"ENSG00000153904",-0.0370555203998923,2.72643419717461,0.0176880000369608,0.896678045085919,0.99988016650531
"ENSG00000187772",-0.0877975444965491,0.147704039118916,0.0176827818689944,0.896711108959422,0.99988016650531
"ENSG00000108590",-0.0361230810720156,3.12805949178246,0.0176443495170177,0.896804715316708,0.99988016650531
"ENSG00000151914",0.0281451386852197,5.21307456556774,0.017602215980333,0.896927076082402,0.99988016650531
"ENSG00000227950",0.0695534667800746,1.22637922477945,0.0175914605707932,0.896960502527979,0.99988016650531
"ENSG00000257433",0.0700378089053924,1.11425559326687,0.0175839274091187,0.896982495207398,0.99988016650531
"ENSG00000184743",0.0237608535455671,5.79248188413398,0.0175665360183683,0.897030925273593,0.99988016650531
"ENSG00000278002",0.0942048754448584,0.344718942851541,0.0175554424998978,0.897075238643174,0.99988016650531
"ENSG00000272606",0.0612290014287622,1.26782864032513,0.0175291950592843,0.8971411845605,0.99988016650531
"ENSG00000233178",-0.055911859017269,1.73358504664004,0.0175251403158059,0.897152329124161,0.99988016650531
"ENSG00000124406",-0.0382065021247777,2.41885893297131,0.0175131301352029,0.897186917456189,0.99988016650531
"ENSG00000162669",0.0582302625786924,5.87909260164983,0.0174850756179619,0.897268428517334,0.99988016650531
"ENSG00000293271",0.0866512413058065,0.632053985095671,0.017479410506785,0.897294947062138,0.99988016650531
"ENSG00000291067",0.0403767406346751,2.64564961569237,0.0174665362090924,0.897322762779883,0.99988016650531
"ENSG00000133065",0.0466224797933998,2.98516326025611,0.0174473845577301,0.897378660706453,0.99988016650531
"ENSG00000175467",-0.0226592417665081,5.01879255700868,0.0174415880717535,0.897395468868163,0.99988016650531
"ENSG00000137312",0.0316052534793878,4.9272151093708,0.0174212483030022,0.897454925430993,0.99988016650531
"ENSG00000141934",-0.103287035207562,0.275318688878138,0.0173940688632844,0.897552683293253,0.99988016650531
"ENSG00000233527",0.0342520047103942,4.11283602050815,0.0173731299791662,0.897595780015125,0.99988016650531
"ENSG00000163935",0.0339393805550475,3.91735035329393,0.0173334824104654,0.897711976090822,0.99988016650531
"ENSG00000147647",-0.0640305242538605,1.15421599647593,0.0173273149825585,0.897731491168767,0.99988016650531
"ENSG00000175793",-0.0501311963918099,2.79930348301461,0.0172965052720402,0.897820625921752,0.99988016650531
"ENSG00000286195",-0.0555065771424507,1.17620106645542,0.0172843843445041,0.897858162489587,0.99988016650531
"ENSG00000101849",-0.0443000806844367,5.0559490096968,0.0172753949516081,0.897882386197193,0.99988016650531
"ENSG00000085563",0.0648021664042149,4.15458815282419,0.0172660664045387,0.897909827158041,0.99988016650531
"ENSG00000174791",0.0427352925462786,2.78779786176168,0.0172608677951356,0.897925272575024,0.99988016650531
"ENSG00000120798",0.0237303884033172,4.7706671676578,0.0171997309753046,0.898104877088746,0.99988016650531
"ENSG00000074706",-0.0373281152020788,4.9959553531808,0.0171877931790246,0.898140001811606,0.99988016650531
"ENSG00000140521",-0.0258467124065954,4.89057813642459,0.0171347465825829,0.898296346688654,0.99988016650531
"ENSG00000100284",0.0264020140283659,5.4398264215295,0.0171272609047641,0.898318402249222,0.99988016650531
"ENSG00000262519",-0.0916824486377126,0.194806660813828,0.017118519277916,0.898357908555757,0.99988016650531
"ENSG00000075856",0.021184731470908,5.5632818590293,0.017081279937907,0.898454136122275,0.99988016650531
"ENSG00000233087",0.03608524462739,2.5675055252187,0.017069692709312,0.898488604083436,0.99988016650531
"ENSG00000204790",-0.0417453897407819,2.20219637850392,0.0170655566630511,0.898501025213371,0.99988016650531
"ENSG00000133275",0.0194555861098414,6.56790152591226,0.0170467942499997,0.89855605667396,0.99988016650531
"ENSG00000011376",-0.0225503346154582,5.13739537958985,0.0170464059384132,0.898557208915612,0.99988016650531
"ENSG00000175773",0.0802136067397984,0.708828687965473,0.0170354896721019,0.898596624129563,0.99988016650531
"ENSG00000167995",0.038929022443318,6.65229475385714,0.0170044142340794,0.898681454658006,0.99988016650531
"ENSG00000225891",-0.0333845113687143,3.6061077953881,0.0170011202853313,0.898691291680471,0.99988016650531
"ENSG00000053501",-0.0218469644147131,4.55106888106045,0.0169909402475533,0.898721393785726,0.99988016650531
"ENSG00000104529",0.0211083979062431,8.21569861585728,0.0169847297246612,0.898739752805769,0.99988016650531
"ENSG00000100201",0.0195218759398655,8.19518189052426,0.0169697934489474,0.898784011742479,0.99988016650531
"ENSG00000145335",-0.0815715343889147,0.54456202181332,0.0169731796178579,0.898784696623119,0.99988016650531
"ENSG00000129187",0.0203913426858649,6.12044303115393,0.0169599673152567,0.898813140259916,0.99988016650531
"ENSG00000126777",0.0239498957911639,7.45142387189217,0.0169439123772742,0.89886074924158,0.99988016650531
"ENSG00000143971",0.0350043371250826,2.87757999009952,0.0169078040786195,0.89896809285207,0.99988016650531
"ENSG00000106624",0.0832202342613131,0.794749929896994,0.0169082824274271,0.898971951734231,0.99988016650531
"ENSG00000036257",0.0208352123816875,6.50497070012861,0.0168609621304285,0.899107100312123,0.99988016650531
"ENSG00000146463",-0.020054466386824,6.7414977834211,0.016848132934787,0.899145256100495,0.99988016650531
"ENSG00000308413",-0.142233515022477,0.643737229226863,0.0168448728596235,0.899162410864719,0.99988016650531
"ENSG00000119318",-0.0185817228368657,6.82045268619762,0.0168314745074337,0.899194822831454,0.99988016650531
"ENSG00000141644",-0.0218933970201458,5.14865197575783,0.0168093703514485,0.89926063602227,0.99988016650531
"ENSG00000302224",0.0594298259091444,1.12063090328588,0.0167890970874668,0.899322974823747,0.99988016650531
"ENSG00000165458",-0.0197758745169069,5.88844400406269,0.0167379287498953,0.899473632414591,0.99988016650531
"ENSG00000270316",0.0681970091146591,1.96010626395665,0.016696695299514,0.899597296472892,0.99988016650531
"ENSG00000066739",-0.0349907927620587,3.63776093859326,0.0166915394714216,0.899612259533521,0.99988016650531
"ENSG00000303477",-0.0469987777018917,1.68798286267904,0.0166806096447038,0.899645705400472,0.99988016650531
"ENSG00000109065",0.0349084049096572,3.19793215717537,0.0165931481203225,0.899906841956211,0.99988016650531
"ENSG00000128789",-0.0182536010082783,6.31643591033911,0.0165881126021335,0.899921809097842,0.99988016650531
"ENSG00000183087",0.0380394526485458,4.46764066886358,0.0165558680238723,0.900018579949324,0.99988016650531
"ENSG00000156983",0.0223795206821265,5.03029404410244,0.0165015723597792,0.900181650376761,0.99988016650531
"ENSG00000136205",0.0221366243168237,7.59877826213248,0.0165005943720026,0.900184574313031,0.99988016650531
"ENSG00000184009",-0.0280611540602296,11.4887384688688,0.0164870544423963,0.900225289969232,0.99988016650531
"ENSG00000196455",-0.0231407370319274,4.39676966149796,0.0164715144933519,0.90027207973494,0.99988016650531
"ENSG00000285542",0.0689102658200627,1.01912428278003,0.0164565127311694,0.90032052938181,0.99988016650531
"ENSG00000007866",0.14340188032785,1.02014404430616,0.0164562671535042,0.900324695596385,0.99988016650531
"ENSG00000118482",-0.0214831716247813,5.65973864609291,0.016429221732654,0.90039939216228,0.99988016650531
"ENSG00000170667",-0.0235910858503839,4.74340924915968,0.0164272429480171,0.900405383451652,0.99988016650531
"ENSG00000143248",-0.0446392117861809,2.15397914713224,0.0164271673765889,0.900405959271768,0.99988016650531
"ENSG00000178568",-0.0865420547958421,0.404343605589291,0.0164240137521031,0.900423663301559,0.99988016650531
"ENSG00000082458",-0.148248581484923,-0.063042576288108,0.0163855823233938,0.900550852413763,0.99988016650531
"ENSG00000151093",0.0287562126980826,3.47595883245474,0.0163674947224617,0.900585642742283,0.99988016650531
"ENSG00000103145",0.0553854257780081,3.76999097828063,0.016363195731333,0.900598608270058,0.99988016650531
"ENSG00000167552",0.0434589020258179,4.7563930513982,0.0163475714774705,0.90064575712963,0.99988016650531
"ENSG00000083814",0.0463625872729671,1.99005947624735,0.0163377594489386,0.900675880390083,0.99988016650531
"ENSG00000162944",-0.10725279091081,-0.0792517155535963,0.0163434214217483,0.900679268498632,0.99988016650531
"ENSG00000064115",0.0212119926318238,6.00872357638806,0.0163335123524401,0.900688202591956,0.99988016650531
"ENSG00000168916",-0.0961984367788833,0.935652806115153,0.0163293545635688,0.900706579313558,0.99988016650531
"ENSG00000289507",-0.0602757930204292,1.35363538474245,0.0163249506976966,0.90071525680709,0.99988016650531
"ENSG00000229278",0.0688731397485764,1.03452173247991,0.0163050228492724,0.90077645572365,0.99988016650531
"ENSG00000180787",-0.0612100308700205,1.41870528316496,0.0162611674265987,0.90090838582274,0.99988016650531
"ENSG00000114374",-0.0367850338875916,2.77956222710431,0.0162488412404662,0.900944602804164,0.99988016650531
"ENSG00000160803",0.0295901793053283,3.70640247624016,0.0162153604591266,0.901045995649107,0.99988016650531
"ENSG00000148672",-0.0199041323664607,6.38077201065971,0.0162080954338108,0.901067964730416,0.99988016650531
"ENSG00000110172",0.0285463328464024,5.51536787144562,0.0162055408628695,0.901075717216331,0.99988016650531
"ENSG00000166484",-0.0396963007850152,2.72593468316898,0.0161856258865967,0.901136377419858,0.99988016650531
"ENSG00000111667",0.0254567180820326,3.94104802814424,0.016184078126119,0.901140917953518,0.99988016650531
"ENSG00000139163",0.0184897327642252,6.45703277923339,0.0161619655418522,0.901208022070804,0.99988016650531
"ENSG00000302984",0.0420848397562219,3.2993124050218,0.0161543485423822,0.90123126629047,0.99988016650531
"ENSG00000137727",-0.0505572934416907,1.88904752545151,0.0161239785054906,0.901324057418922,0.99988016650531
"ENSG00000302628",0.0557272085142766,1.43590490089578,0.0161205097458373,0.901335363051085,0.99988016650531
"ENSG00000119396",-0.0184969831618043,6.34036438212288,0.0161024845979742,0.901388916070341,0.99988016650531
"ENSG00000198712",-0.0300313448216867,11.7612773066403,0.0160968755158465,0.9014059911536,0.99988016650531
"ENSG00000236017",0.0512476424364312,2.19280520740307,0.0160863199167449,0.901438577764351,0.99988016650531
"ENSG00000292331",0.0512476424364312,2.19280520740307,0.0160863199167449,0.901438577764351,0.99988016650531
"ENSG00000013288",-0.0253265724263553,4.29090625196986,0.0160787472210166,0.90146124255206,0.99988016650531
"ENSG00000197894",-0.0206350109788179,6.18276575911839,0.0160774227923665,0.901465236198834,0.99988016650531
"ENSG00000178607",0.0334074809123911,3.38833062411314,0.0160723901902273,0.901480657319284,0.99988016650531
"ENSG00000123353",-0.0266847779514855,5.04501123714574,0.0160559553833673,0.901530670413812,0.99988016650531
"ENSG00000249209",-0.0405907611677232,2.2480233283103,0.015985297322814,0.901746703129602,0.99988016650531
"ENSG00000130829",-0.0371476721267848,3.41249852187383,0.0159804100786334,0.901761365323144,0.99988016650531
"ENSG00000134419",0.0298652322158991,9.45022745746474,0.0159764904418123,0.901773215745982,0.99988016650531
"ENSG00000152749",0.0249334885837271,3.95706806024737,0.0159745816456917,0.901779101028641,0.99988016650531
"ENSG00000253521",-0.119901205060663,0.820535085516339,0.0159503856821103,0.901856890817945,0.99988016650531
"ENSG00000158828",-0.039537960168918,2.77461857285848,0.015932341088372,0.901908511685648,0.99988016650531
"ENSG00000116984",0.0251519766358983,5.44206240176137,0.0159164449895158,0.901956908487576,0.99988016650531
"ENSG00000139718",-0.0234505464689388,4.67679397739205,0.015905328921678,0.901990984721536,0.99988016650531
"ENSG00000100523",-0.0246141869633615,5.23433311958473,0.0158947138659635,0.902023475383547,0.99988016650531
"ENSG00000100528",0.024012626522795,5.60346995855548,0.0158811322570953,0.902065100603344,0.99988016650531
"ENSG00000132842",-0.0208184220200151,6.91254761524831,0.0158779129193091,0.902074968164812,0.99988016650531
"ENSG00000082293",0.0455373908067275,2.78958762430646,0.0158669009585614,0.90210890539483,0.99988016650531
"ENSG00000181523",-0.143834764278046,0.409802207980584,0.0158692705033204,0.902109869103718,0.99988016650531
"ENSG00000108829",0.0204135632714073,6.82557326396504,0.015866031698612,0.902111401687162,0.99988016650531
"ENSG00000186998",-0.0451443114528779,1.93594308190836,0.0158477721119858,0.902167911536181,0.99988016650531
"ENSG00000225331",0.0586265491357595,0.882171087165258,0.0158417165062428,0.902188447995789,0.99988016650531
"ENSG00000260233",-0.0853720375391689,0.607325468272759,0.0158358283312363,0.90221110709262,0.99988016650531
"ENSG00000240087",-0.0241796990292247,4.95331073497268,0.015787572911571,0.90235237059848,0.99988016650531
"ENSG00000114030",-0.0196646116584541,5.42156094261983,0.0157828626920831,0.902366829097027,0.99988016650531
"ENSG00000083535",0.0220909652854226,6.44618728203352,0.0157801673322513,0.902375116334266,0.99988016650531
"ENSG00000068784",0.024879935537855,4.99297796993008,0.015775185494517,0.902390452627721,0.99988016650531
"ENSG00000151465",0.0173261158182731,6.68708075017398,0.0157707544117148,0.90240407032882,0.99988016650531
"ENSG00000088826",-0.0560316630681083,1.4143014646245,0.0157581225182589,0.902444101008072,0.99988016650531
"ENSG00000287288",-0.041496793567851,2.55498479763957,0.015753900017556,0.902456175546124,0.99988016650531
"ENSG00000141905",-0.0193504868998653,7.47335408283551,0.0157410978786867,0.902495351034283,0.99988016650531
"ENSG00000166352",-0.0294171328994492,3.48286010272825,0.0157337494523957,0.902518072960223,0.99988016650531
"ENSG00000244459",-0.0522246312495598,1.14080989391309,0.0156991285178862,0.902626619001305,0.99988016650531
"ENSG00000291029",0.0531988944977607,1.58980380424787,0.0156891108703094,0.902656438570143,0.99988016650531
"ENSG00000303230",-0.0235188814068913,6.9081596448072,0.015648131632441,0.902782064158449,0.99988016650531
"ENSG00000164818",0.028416801157965,4.95375598018504,0.0156428431306633,0.902798427106697,0.99988016650531
"ENSG00000258077",0.0419996875993469,3.47543389805611,0.0156222433726943,0.902862162750729,0.99988016650531
"ENSG00000186908",-0.0219349067527171,4.84341581336253,0.0156192336636219,0.902871392680987,0.99988016650531
"ENSG00000145741",0.0237681495876111,9.68658548877543,0.0156080685404739,0.902905887493551,0.99988016650531
"ENSG00000188811",0.0344815740910466,3.29078994246794,0.0155606007314093,0.903052912439572,0.99988016650531
"ENSG00000047410",0.0222620742193878,7.72862185467432,0.0155481925754576,0.903091249055787,0.99988016650531
"ENSG00000138448",-0.0213865838690548,5.44225513215233,0.0155104364872245,0.90320832199232,0.99988016650531
"ENSG00000008083",0.0223891354494457,6.17689908707005,0.0154888117281366,0.903275437497918,0.99988016650531
"ENSG00000183199",-0.0481697243574901,1.88261593571271,0.0154678282550002,0.903341168802166,0.99988016650531
"ENSG00000206878",-0.0616873743149855,1.19721720431859,0.015465862595422,0.903348462290165,0.99988016650531
"ENSG00000120860",0.0263192784706972,4.17182386294991,0.0154267925861456,0.903468232845051,0.99988016650531
"ENSG00000137672",-0.0628551399692923,0.437477571125354,0.0154181465182521,0.903502517378032,0.99988016650531
"ENSG00000111786",0.0243988398769906,7.75632265324369,0.01539130223333,0.903578672132615,0.99988016650531
"ENSG00000064703",-0.025829240814454,4.59958245921138,0.0153756025830189,0.903627619015471,0.99988016650531
"ENSG00000113552",0.0201810807074779,5.14812541480217,0.0153205458015957,0.903799326989088,0.99988016650531
"ENSG00000308608",0.023105555672984,4.52146369274239,0.0152819889969778,0.903919815204229,0.99988016650531
"ENSG00000118407",0.0559769385748303,1.9086964060228,0.0152797198926918,0.903927503736023,0.99988016650531
"ENSG00000143554",0.0263977578018945,3.6169611116801,0.0152523158616428,0.904012671180927,0.99988016650531
"ENSG00000231770",-0.0370600437856953,2.9444919918073,0.0152445275616227,0.90403710818983,0.99988016650531
"ENSG00000032444",-0.027522007999252,4.10765822254648,0.0152431605234992,0.90404128184127,0.99988016650531
"ENSG00000142534",-0.0262326941129776,11.2419832210308,0.015219420222012,0.904115579467714,0.99988016650531
"ENSG00000295326",0.0588633059106393,2.17110126784306,0.0152189681845228,0.904117396808016,0.99988016650531
"ENSG00000228830",0.122456505733106,1.05387789083988,0.0151993198238813,0.904189299549737,0.99988016650531
"ENSG00000197959",-0.0273971287683985,3.9073168337959,0.0151701240915018,0.904270187665206,0.99988016650531
"ENSG00000258581",-0.049478417263803,1.66356330951821,0.0151703296354609,0.904270306239281,0.99988016650531
"ENSG00000151952",-0.0551837298262673,1.45609081952244,0.0151664485593021,0.904282694861135,0.99988016650531
"ENSG00000231187",-0.0589193287102023,1.0124874740187,0.0151540093374878,0.904322792152498,0.99988016650531
"ENSG00000152689",-0.0451093923423089,1.99958488417888,0.0151505355245138,0.9043321772014,0.99988016650531
"ENSG00000186352",-0.0434187484580051,2.13492693690005,0.0150684200750173,0.904590169343087,0.99988016650531
"ENSG00000086475",0.0213430702806983,5.24104492672957,0.0150631815206464,0.90460630651371,0.99988016650531
"ENSG00000110375",-0.0564324932486948,0.686837363813852,0.0150539644373756,0.904639478617383,0.99988016650531
"ENSG00000130770",0.0238975563417185,7.34071373587868,0.015051353669216,0.904643557413744,0.99988016650531
"ENSG00000126790",0.0335217013502737,3.18181790634934,0.0150326880093461,0.904702497533038,0.99988016650531
"ENSG00000186104",0.0349780514062588,3.37922784958691,0.0150240524630565,0.904729687351837,0.99988016650531
"ENSG00000281357",0.0336597725604239,4.51549802248246,0.0149949237573054,0.90482153698158,0.99988016650531
"ENSG00000077458",-0.025406964625796,4.17201297818743,0.0149756396335475,0.904882433491309,0.99988016650531
"ENSG00000308709",0.0538308488026099,3.25569591646781,0.0149498349135479,0.904964047888919,0.99988016650531
"ENSG00000270419",-0.0498997322134131,2.80568882145901,0.0149428978753791,0.904986026763935,0.99988016650531
"ENSG00000246859",0.062963098335946,1.90788336423549,0.0148987411628325,0.905126454182764,0.99988016650531
"ENSG00000198959",0.066794259654368,1.92366511053215,0.0148749484147653,0.905201525646841,0.99988016650531
"ENSG00000300533",0.0813257899409149,0.333972909248686,0.0148711923408553,0.90523034857725,0.99988016650531
"ENSG00000077713",0.0187582581676793,5.65336874221554,0.014810260368703,0.905406208634021,0.99988016650531
"ENSG00000197563",0.0206935747113152,5.29802043976419,0.0148026974649769,0.905430235587931,0.99988016650531
"ENSG00000110628",0.0336228463628991,4.65571650888593,0.0147546137703229,0.90558316098201,0.99988016650531
"ENSG00000175497",-0.0549006279266998,1.14541789058808,0.0147146979011939,0.90571210218779,0.99988016650531
"ENSG00000006468",-0.0857304139617291,0.666468214728536,0.0146982585748219,0.905767762108544,0.99988016650531
"ENSG00000227218",0.0687857679330302,0.339313265109604,0.0146879125202297,0.905804984587021,0.99988016650531
"ENSG00000157227",0.0179247941349887,6.25942415586246,0.0146257535538188,0.905994127865505,0.99988016650531
"ENSG00000123500",0.088999939175069,0.354651302486663,0.0146156624177566,0.906035071961415,0.99988016650531
"ENSG00000186184",-0.0178496747567103,6.88412876279128,0.0145258920474728,0.906313902284266,0.99988016650531
"ENSG00000260371",0.0430929709670998,2.09615822625734,0.014525290126049,0.906316250899846,0.99988016650531
"ENSG00000251619",0.075179034924421,0.291459396504479,0.0145197170677873,0.90634434872983,0.99988016650531
"ENSG00000204463",-0.0197954921461714,7.07768704460283,0.0144961749123289,0.906409277363452,0.99988016650531
"ENSG00000185475",-0.0243173023199559,6.12323738466032,0.0144910903294142,0.906425606779137,0.99988016650531
"ENSG00000227543",-0.0509282319491891,1.49995451235046,0.0144814842742825,0.906457596534065,0.99988016650531
"ENSG00000225972",-0.0225820462115952,10.337920867224,0.0144780310649142,0.906467557383901,0.99988016650531
"ENSG00000273221",0.0210082706267855,4.62256473473466,0.0144773744684569,0.906469700131713,0.99988016650531
"ENSG00000228801",-0.0432216106065685,2.40574169238716,0.0144763114812855,0.906473362414891,0.99988016650531
"ENSG00000114026",-0.0225228400919585,4.15550128248561,0.0144547396265531,0.906542468822882,0.99988016650531
"ENSG00000291151",-0.0420290505386841,2.36924254734188,0.0144449019518341,0.906574412281834,0.99988016650531
"ENSG00000141367",0.017956468992703,7.74055508758653,0.014435830711164,0.906603253942293,0.99988016650531
"ENSG00000139645",0.023594018377018,4.39194804557882,0.0144052816615871,0.9067016470953,0.99988016650531
"ENSG00000114857",0.0181467645509489,6.46020711758447,0.0144026945037598,0.906709946206044,0.99988016650531
"ENSG00000104524",0.0328851188262053,3.2104352208853,0.0143938056197411,0.906738718686257,0.99988016650531
"ENSG00000291046",-0.0381809814473209,3.34449330786809,0.0143742035094619,0.906801874006135,0.99988016650531
"ENSG00000251229",0.079204942557541,0.318544081152406,0.0143467705180237,0.906905188393347,0.99988016650531
"ENSG00000309800",0.120647718815996,2.414890499859,0.01426294258757,0.907164306893193,0.99988016650531
"ENSG00000175782",-0.0215187583992298,4.25672899178535,0.0142141789693067,0.907319350762086,0.99988016650531
"ENSG00000100445",0.0354102690004241,3.66161861501991,0.0141967579094471,0.907375903101526,0.99988016650531
"ENSG00000089009",0.0219468768405257,9.77982821414831,0.0141951667809268,0.907380995789757,0.99988016650531
"ENSG00000064933",-0.0203179548306371,4.98656956255984,0.0141813487803112,0.907425874671283,0.99988016650531
"ENSG00000075292",-0.0214275106659289,7.22083252111337,0.0141681550792178,0.907468704986269,0.99988016650531
"ENSG00000173914",0.0226199163256863,4.40057264034662,0.0141603598143645,0.907494068868833,0.99988016650531
"ENSG00000076351",0.0472544685296213,1.62378982228827,0.0141423713907971,0.907553447001278,0.99988016650531
"ENSG00000205436",0.0687102916325416,0.767097195357342,0.0141051824617113,0.907677019132623,0.99988016650531
"ENSG00000056736",0.100940257288386,0.0572848762108506,0.0141011209023323,0.90770651427573,0.99988016650531
"ENSG00000278845",-0.0230265346295087,5.05557331979885,0.0140869797972811,0.907732814200204,0.99988016650531
"ENSG00000013563",-0.0299527441961532,4.00796960985405,0.0140710304304261,0.907784829687723,0.99988016650531
"ENSG00000148308",-0.0208942869357525,4.53481407037695,0.0140700199711776,0.907788109603268,0.99988016650531
"ENSG00000138095",0.0177627498068852,7.32590900124966,0.0140550920595824,0.9078367536138,0.99988016650531
"ENSG00000215866",0.0878527121645932,0.905310347193017,0.0140523199282569,0.907851609289,0.99988016650531
"ENSG00000203734",-0.0793212239386933,0.458118055143603,0.0140524936434787,0.907854502843626,0.99988016650531
"ENSG00000248256",-0.0852137109355459,0.0252513893771579,0.0140382982393496,0.907908241208605,0.99988016650531
"ENSG00000001617",0.0637227812368617,1.23494492533837,0.0139931621366007,0.908040814865621,0.99988016650531
"ENSG00000169105",0.0255047883611336,4.23132299635296,0.013968420171571,0.908119952427692,0.99988016650531
"ENSG00000145675",0.0243881489555653,5.81454008410609,0.0139521310405348,0.908173228908957,0.99988016650531
"ENSG00000233926",-0.105430708166806,0.387722473808909,0.0139531463292659,0.908181546223927,0.99988016650531
"ENSG00000229431",-0.032536695267355,3.80213527268562,0.0139453690147788,0.908195419829776,0.99988016650531
"ENSG00000260032",-0.0179831992681457,6.61634595286208,0.0139215946099267,0.90827326231808,0.99988016650531
"ENSG00000178935",-0.050083339724773,2.1131618371348,0.0139215450051194,0.90827389979133,0.99988016650531
"ENSG00000284882",0.0327387193344576,3.29923202324117,0.0139205369358506,0.908276825092118,0.99988016650531
"ENSG00000175395",-0.0260733264293974,3.88316310894458,0.0139191246559003,0.908281408553216,0.99988016650531
"ENSG00000230319",-0.123811645190904,0.652709997234516,0.0138946307354313,0.908367007822997,0.99988016650531
"ENSG00000172375",-0.0210151813455158,4.23438264166062,0.0138757258096866,0.908423772789808,0.99988016650531
"ENSG00000293189",0.042759981891716,2.61219739666087,0.0137934988627616,0.908694356537758,0.99988016650531
"ENSG00000165626",0.0486529104208019,2.173080677121,0.0137750593514862,0.908755293767498,0.99988016650531
"ENSG00000162636",0.0190260163762239,5.37100880425391,0.0137529981774008,0.908827587041324,0.99988016650531
"ENSG00000059804",-0.0226576226901747,4.60360505586442,0.0137359616901615,0.908883820691653,0.99988016650531
"ENSG00000122257",0.0172140669386237,6.75740240637841,0.0137068049317076,0.908980062410057,0.99988016650531
"ENSG00000087269",0.0265000079088764,5.81136355345949,0.0136850568122726,0.909051941723728,0.99988016650531
"ENSG00000267289",0.0565586423227047,1.09079095192923,0.0136379119309364,0.909209773141246,0.99988016650531
"ENSG00000150867",-0.0200858852283058,6.83703801408873,0.0136362587836174,0.909213430574379,0.99988016650531
"ENSG00000151702",0.0175629566901524,7.48808614847303,0.0136115989379377,0.909295150156767,0.99988016650531
"ENSG00000144224",-0.0187298245477566,6.78917413342929,0.0136054745935315,0.909315457380933,0.99988016650531
"ENSG00000172638",0.0327777095898003,2.6621613020597,0.0136015657619384,0.909328636780893,0.99988016650531
"ENSG00000167112",-0.0244241281046445,4.34512595114966,0.0135826458415215,0.909391230119945,0.99988016650531
"ENSG00000294432",-0.0802495053509652,1.46305313021298,0.0135720522823797,0.90942772146064,0.99988016650531
"ENSG00000198042",-0.0208796014011059,5.26175874952234,0.013533529836332,0.909554361714027,0.99988016650531
"ENSG00000085274",0.0250871231224103,4.54226988658495,0.0135256996095464,0.909580432184784,0.99988016650531
"ENSG00000167615",0.0279286742159842,4.84396950250994,0.0134950189369824,0.909682533659436,0.99988016650531
"ENSG00000129245",0.0273099877408534,3.37884528747873,0.0134897797851848,0.909700043730111,0.99988016650531
"ENSG00000171853",-0.018915868946347,5.59546122790976,0.0134846367076722,0.909717083792223,0.99988016650531
"ENSG00000188001",0.033208259806547,4.79660047338338,0.0134810735313966,0.909728977031748,0.99988016650531
"ENSG00000131876",0.0195255201735818,6.18246770270953,0.0134610778417774,0.909795596970336,0.99988016650531
"ENSG00000160211",0.0241274315191821,5.77833511174809,0.0134549988585306,0.909815868161994,0.99988016650531
"ENSG00000287497",-0.0486855746212573,2.97445920008276,0.0134460169731648,0.909845980031452,0.99988016650531
"ENSG00000164124",-0.0342459699855054,2.80715800323027,0.0133487964331467,0.910170940585414,0.99988016650531
"ENSG00000162244",-0.0296603870324161,9.63581242911507,0.0133321605812504,0.910226476261887,0.99988016650531
"ENSG00000301689",-0.0839721825465163,0.247428571429495,0.0133357180867741,0.910227282014048,0.99988016650531
"ENSG00000229956",0.0260035181860726,4.40925218204937,0.0133268859490459,0.91024418517371,0.99988016650531
"ENSG00000284418",0.0911171585794773,0.138414544316538,0.0133033808670982,0.91033591218862,0.99988016650531
"ENSG00000186480",-0.0183340650725369,5.92270768249859,0.0132709373745653,0.910431844076006,0.99988016650531
"ENSG00000145781",-0.0241423670170802,6.70211925165967,0.0132705718830747,0.910433070675944,0.99988016650531
"ENSG00000188846",0.0227704711477181,9.67717810359346,0.0132652687624505,0.910450881829471,0.99988016650531
"ENSG00000131781",-0.036659500131418,2.94736595792389,0.0132429753349626,0.910525950201755,0.99988016650531
"ENSG00000139291",0.0307158203109577,3.43347335876207,0.0132412098538942,0.910531809880069,0.99988016650531
"ENSG00000122873",-0.0191533959548462,5.89729335026103,0.0132307933637977,0.910566763864788,0.99988016650531
"ENSG00000290085",-0.0474175328720609,2.29798460730126,0.0132099096565817,0.910637338909596,0.99988016650531
"ENSG00000099822",-0.0645097519617642,0.652416043892374,0.0131981099875645,0.910682873055363,0.99988016650531
"ENSG00000286984",0.0692249113125626,3.26624415668654,0.0131582022510318,0.91081139361063,0.99988016650531
"ENSG00000196591",0.0167188455675825,7.35627412417874,0.0131321208328985,0.910899275358675,0.99988016650531
"ENSG00000121406",0.0291930687315865,3.04865310496907,0.013113476258837,0.910962369875456,0.99988016650531
"ENSG00000113068",0.0180072862194597,6.3828277672516,0.0131079144791017,0.910981041311888,0.99988016650531
"ENSG00000231887",-0.0385851634556908,2.51203536440906,0.0130958011184394,0.911022221512543,0.99988016650531
"ENSG00000153201",0.0184529857964185,6.0015557057679,0.013095014727826,0.911024646487367,0.99988016650531
"ENSG00000185046",-0.0463622249058534,1.21415550202872,0.0130876343270288,0.911050999251931,0.99988016650531
"ENSG00000295152",0.0228742571387193,6.74146309819316,0.0130840600263901,0.911061692752435,0.99988016650531
"ENSG00000272398",-0.0452850614416747,1.82253238642262,0.0130781544511522,0.911082222530301,0.99988016650531
"ENSG00000231747",-0.0223174580207612,4.99024372899647,0.0130498693210827,0.91117744012468,0.99988016650531
"ENSG00000172794",-0.114871648840573,-0.0797510745595181,0.0130411072655775,0.911220865410283,0.99988016650531
"ENSG00000158863",-0.0316205618165873,3.07581806897834,0.0130351431742758,0.911227429185101,0.99988016650531
"ENSG00000307379",0.0446640141338141,3.05517823098239,0.0130159807469647,0.911292397991032,0.99988016650531
"ENSG00000262482",-0.0585610875765528,1.04713729716431,0.0129970496778204,0.911358703215786,0.99988016650531
"ENSG00000151552",0.0221994426456164,4.66723635864943,0.0129841946157473,0.911400180953545,0.99988016650531
"ENSG00000106686",-0.0553948805579637,0.658403274691663,0.0129845893302198,0.911403281930761,0.99988016650531
"ENSG00000286423",-0.0566843348346396,2.44898701180224,0.0129760434260046,0.911428077018711,0.99988016650531
"ENSG00000160963",0.0699588003711411,0.376640463627268,0.0129592321676957,0.911491812752829,0.99988016650531
"ENSG00000171603",0.0168221978448072,6.05212991926738,0.0129535801494753,0.911504170351611,0.99988016650531
"ENSG00000310435",0.0552656977391442,1.19847873032076,0.0129535808277088,0.911505419923772,0.99988016650531
"ENSG00000186197",-0.0468523986564954,1.37267470371606,0.0129412588548342,0.911547183629855,0.99988016650531
"ENSG00000213619",-0.019482194362471,6.1459556737268,0.0129392764183016,0.911552813668184,0.99988016650531
"ENSG00000131732",0.0216167777932496,5.49056008759469,0.0129355213260473,0.91156558957209,0.99988016650531
"ENSG00000259877",0.0670035557319354,1.04453043515179,0.0129225718866953,0.911612019213696,0.99988016650531
"ENSG00000147548",0.0184390303306481,7.2717882031084,0.0128920963500023,0.911713453583792,0.99988016650531
"ENSG00000254692",-0.0462845778908656,1.9377088662979,0.0128597866370134,0.911824100117377,0.99988016650531
"ENSG00000129195",-0.0564221872349405,1.55866425190785,0.0128448846071131,0.911875529071242,0.99988016650531
"ENSG00000012822",-0.0357234545703692,2.29638706643658,0.0128436312958152,0.91187911879473,0.99988016650531
"ENSG00000162623",-0.0240489501957727,5.86664890953684,0.0128433358668325,0.911879790265688,0.99988016650531
"ENSG00000285595",0.0614134914882417,1.88265436110939,0.0128349363528596,0.911909200210888,0.99988016650531
"ENSG00000178440",0.0321858455776863,2.77979231183348,0.0128264010613795,0.911937794451456,0.99988016650531
"ENSG00000298585",-0.0476261401521794,1.29979939734833,0.0128242720723997,0.911946191274047,0.99988016650531
"ENSG00000185829",-0.0184247728795146,5.61262437860086,0.0128224554700122,0.911951117392466,0.99988016650531
"ENSG00000177189",-0.0190755832422281,6.37472349819736,0.0127991834370792,0.912030682057402,0.99988016650531
"ENSG00000063322",-0.0187683520188257,4.69067229541542,0.012788933888535,0.91206577636195,0.99988016650531
"ENSG00000168569",-0.034388052874385,4.21780167871168,0.0127843642877256,0.912081425478198,0.99988016650531
"ENSG00000289564",-0.0817625232379297,0.818862068990254,0.0127835777279103,0.912088374681327,0.99988016650531
"ENSG00000234261",0.0898752896699051,1.81517945706716,0.0127759376830909,0.912111902118559,0.99988016650531
"ENSG00000295911",-0.0579438465844167,0.905906274098238,0.0127516932183184,0.9121970140691,0.99988016650531
"ENSG00000135999",0.0228256831420209,5.35649846846064,0.0127165388952655,0.912313835943027,0.99988016650531
"ENSG00000177225",-0.0289050086941227,3.70195432031281,0.0127011237266416,0.912366825775963,0.99988016650531
"ENSG00000159714",0.0884566421410902,1.19659661067034,0.0126970772293649,0.912382396335173,0.99988016650531
"ENSG00000224533",-0.0360972880421478,3.06286757487387,0.0126784636022081,0.912444718243779,0.99988016650531
"ENSG00000295476",0.0414884153264759,2.95355916817705,0.0126643891624828,0.912493116952468,0.99988016650531
"ENSG00000251513",-0.038655146514532,2.74265738146217,0.0126360317999304,0.912590745252734,0.99988016650531
"ENSG00000099399",0.118727825973363,-0.188679619114852,0.0126335662259878,0.912619322981634,0.99988016650531
"ENSG00000114520",-0.016623713002267,5.76088221425888,0.0126193313122631,0.912648078129103,0.99988016650531
"ENSG00000269680",0.12787627414545,-0.227373571321015,0.0125681618120726,0.912679924338671,0.99988016650531
"ENSG00000004534",0.0181572938929398,7.2687156389124,0.012585740343448,0.912763880826532,0.99988016650531
"ENSG00000280114",0.0245335609768311,3.90566109278285,0.0125805501092787,0.912781842795069,0.99988016650531
"ENSG00000198231",0.0191508617420155,6.4743897013737,0.0125652193264819,0.912834704083612,0.99988016650531
"ENSG00000196208",-0.0651205341146905,1.4531522023961,0.0125418206409205,0.91291644455648,0.99988016650531
"ENSG00000093183",-0.0202052259995616,4.58357181486016,0.0125383814297078,0.912927446962488,0.99988016650531
"ENSG00000157259",-0.0446058404177558,3.8035841964313,0.0125354541623507,0.912937593212613,0.99988016650531
"ENSG00000047932",0.0203048391925497,4.85156425177612,0.0125020248753708,0.913053197963187,0.99988016650531
"ENSG00000185641",-0.0210010186420068,9.10975634024948,0.0124921694396884,0.913087292766981,0.99988016650531
"ENSG00000267575",-0.0203782804801035,4.97721053301347,0.0124710799763841,0.913160374296078,0.99988016650531
"ENSG00000126264",0.0656839437547738,3.97684228965753,0.0124580912765363,0.913205435343603,0.99988016650531
"ENSG00000277161",0.0326823913821704,2.76465249302549,0.0124548164510261,0.913216906619402,0.99988016650531
"ENSG00000305589",-0.0996568188579026,-0.022409567489346,0.0124510212552174,0.913249566459911,0.99988016650531
"ENSG00000119862",0.0627319868431301,1.20366747028842,0.0124013062381839,0.913404015527001,0.99988016650531
"ENSG00000198746",0.0295228994679634,2.89785023610257,0.0123881596839507,0.913448376925341,0.99988016650531
"ENSG00000162722",-0.0351142954267939,3.24221744844116,0.0123694500846304,0.913513421559918,0.99988016650531
"ENSG00000251867",-0.0673066989700244,0.405469718107515,0.0123443452946423,0.913608559295193,0.99988016650531
"ENSG00000008324",0.0185868525213954,6.09211763530606,0.0123289962788136,0.913654225656128,0.99988016650531
"ENSG00000178988",-0.018658599106559,5.71905189191445,0.0122846158985162,0.913809079108236,0.99988016650531
"ENSG00000160993",-0.0217719735098186,3.91060745376451,0.0122831787553402,0.913814147985375,0.99988016650531
"ENSG00000184221",0.0485562504424246,6.3070260899638,0.0122517179462472,0.913924049070597,0.99988016650531
"ENSG00000287124",-0.0773037161020244,0.298474764266128,0.0122326769771863,0.913998630850041,0.99988016650531
"ENSG00000116857",0.0236174194045978,4.86426355283877,0.0122089355967464,0.9140738241903,0.99988016650531
"ENSG00000151116",-0.0207825243637565,5.14917506878647,0.012192697244959,0.914130709121689,0.99988016650531
"ENSG00000175711",-0.0212190462756405,4.55098638087741,0.0121836335183533,0.914162518393215,0.99988016650531
"ENSG00000237283",0.0849231301232077,0.776939364659833,0.0121560254112219,0.914263932066658,0.99988016650531
"ENSG00000135111",0.0744286456596477,0.724346317604669,0.0121477133354329,0.914293396103199,0.99988016650531
"ENSG00000281207",-0.0391331342685977,3.02677829254345,0.0121409226478939,0.914312526394207,0.99988016650531
"ENSG00000155099",0.0220460029439757,3.99965822865486,0.0121154786317619,0.914401890783192,0.99988016650531
"ENSG00000170421",0.0509289349769329,4.49512873241383,0.0121136619356604,0.914408273549836,0.99988016650531
"ENSG00000135093",0.043475419626919,2.14759738224151,0.0120996675119182,0.914457840379351,0.99988016650531
"ENSG00000230587",0.0625622146392467,1.93326727852442,0.0120942041415221,0.914477263769579,0.99988016650531
"ENSG00000100281",-0.01868810760708,5.4861670168668,0.0120930387389044,0.914480809474461,0.99988016650531
"ENSG00000198929",0.0309903546423352,3.51022602826797,0.0120672753552405,0.914571638237357,0.99988016650531
"ENSG00000143374",-0.0191595972357871,4.57295595516614,0.0120609541018996,0.914593862727332,0.99988016650531
"ENSG00000157423",0.118154360839347,0.609913047223675,0.0120602693549004,0.914601584965196,0.99988016650531
"ENSG00000149084",0.017159290773304,6.14606503918478,0.0120425905078468,0.914658590629623,0.99988016650531
"ENSG00000124570",-0.0197185408062622,4.8372386991822,0.0120088518454449,0.914777717340677,0.99988016650531
"ENSG00000143224",-0.0376316466699508,2.41793512803032,0.0119962849542085,0.914822402228403,0.99988016650531
"ENSG00000155542",-0.0394627078185893,2.15884942351598,0.0119959237086874,0.914823832662504,0.99988016650531
"ENSG00000188786",0.0208382888791892,6.85054865972011,0.0119731366506761,0.914903967797895,0.99988016650531
"ENSG00000261313",-0.0758542953650485,0.665479075367813,0.0119721890662649,0.914919731160312,0.99988016650531
"ENSG00000257800",-0.0554027248956752,0.767382580513153,0.0119654695820464,0.914933621090751,0.99988016650531
"ENSG00000266978",-0.0346789557065988,3.50257022710024,0.0119524794231523,0.914977159245766,0.99988016650531
"ENSG00000100290",-0.044287651768455,4.8712215624784,0.0119390807949249,0.915024580215516,0.99988016650531
"ENSG00000109689",0.0204523405268913,4.6188087777639,0.0119330755327784,0.915045860263864,0.99988016650531
"ENSG00000225200",-0.0201740122930301,6.0693084766995,0.0118713948663733,0.915264723896863,0.99988016650531
"ENSG00000206053",-0.016279746376312,5.40054156086576,0.0118700082606407,0.915269653003935,0.99988016650531
"ENSG00000264365",0.0627806669540317,0.840667801949171,0.0118678529637072,0.915280311735108,0.99988016650531
"ENSG00000144668",-0.0418241323736839,1.96121012432122,0.0118507111260765,0.915338668766528,0.99988016650531
"ENSG00000255723",-0.0374864787157028,2.24499476043247,0.0118491718492994,0.915344080111915,0.99988016650531
"ENSG00000186468",0.0208875338356759,10.3742230385496,0.0118393103550906,0.915378812284006,0.99988016650531
"ENSG00000135525",0.0299529766520068,2.93111835251491,0.0118387877781536,0.915380793318684,0.99988016650531
"ENSG00000139625",0.0202787176025935,5.43024788366331,0.0118333275618459,0.915400106391478,0.99988016650531
"ENSG00000163399",0.0171205932382064,7.77771993651784,0.0118148037554789,0.915466061104276,0.99988016650531
"ENSG00000236212",0.124845981721877,1.37188517483749,0.0117842815374707,0.915576158428873,0.99988016650531
"ENSG00000119013",0.0167951741809808,6.4292811701952,0.0117835792970363,0.915577360261569,0.99988016650531
"ENSG00000179262",-0.0183502879389048,7.71573375910789,0.0117595391476226,0.915663151910295,0.99988016650531
"ENSG00000061918",0.0667156096679241,0.832684800987421,0.0117495444729153,0.915701607322527,0.99988016650531
"ENSG00000198736",-0.0212226469783332,5.18783714431883,0.0117330145131202,0.915757924301836,0.99988016650531
"ENSG00000125107",-0.0158973803201177,7.04842833779817,0.0117251739146128,0.915785945788384,0.99988016650531
"ENSG00000130517",0.0194607823016228,4.74254273425451,0.011697429415802,0.915885241730724,0.99988016650531
"ENSG00000206530",-0.0343477099944511,2.69475323744887,0.0116962730690662,0.915889576035051,0.99988016650531
"ENSG00000099940",0.0182994571227531,5.19690309158197,0.0116836503240375,0.915934564516422,0.99988016650531
"ENSG00000138814",-0.0168576183432067,8.14355520428593,0.0116763235231448,0.915960811724312,0.99988016650531
"ENSG00000125629",-0.0309106811485105,2.78932204927771,0.0116261100624305,0.916141100397129,0.99988016650531
"ENSG00000151090",0.0976156416958559,-0.141249866915164,0.0116232050530999,0.916173264551422,0.99988016650531
"ENSG00000183426",-0.0219657419528835,4.16564493721068,0.0116169296814542,0.916173957603075,0.99988016650531
"ENSG00000165416",0.0169130536716241,5.82604983437331,0.0116034005793513,0.916222540697357,0.99988016650531
"ENSG00000109618",0.0242625167735924,3.6204984783394,0.0115978605796346,0.916242519638225,0.99988016650531
"ENSG00000212802",0.0276738132543699,6.13937318693692,0.011586314416362,0.916283984589015,0.99988016650531
"ENSG00000277675",0.0515034715123325,0.853585871432625,0.0115656111562994,0.916361003296025,0.99988016650531
"ENSG00000037241",0.0223133849839842,5.65071575363315,0.0115558231783004,0.916393750296718,0.99988016650531
"ENSG00000290890",0.0222131521280289,5.2891753397328,0.0115518505211254,0.916408063223411,0.99988016650531
"ENSG00000166987",-0.0191528896894375,5.09737143302194,0.0115302964794156,0.916485764976623,0.99988016650531
"ENSG00000249867",0.0881152277508948,0.328720356967443,0.0115286888712442,0.916500274573963,0.99988016650531
"ENSG00000169193",0.025388355032788,3.46767647932223,0.0114890047856909,0.916634870256525,0.99988016650531
"ENSG00000101247",-0.0312059656675357,2.54437042520154,0.0114655161909153,0.916719941086892,0.99988016650531
"ENSG00000081189",-0.0207345083749198,8.03737614833277,0.0114371796907629,0.9168222528456,0.99988016650531
"ENSG00000178301",-0.041677579576135,1.32663229468386,0.0114265098974494,0.916862158117976,0.99988016650531
"ENSG00000100483",0.0255341328362116,3.31982647016048,0.0114177644437013,0.916892674888907,0.99988016650531
"ENSG00000224765",-0.0302774640551961,2.33118821178397,0.0114104640900142,0.916919354968528,0.99988016650531
"ENSG00000111450",0.0287581951614838,4.08108888630969,0.0114089539979147,0.91692456547146,0.99988016650531
"ENSG00000143947",0.0190861330918919,10.6636712351955,0.0114061787917309,0.916934589024472,0.99988016650531
"ENSG00000006459",0.0357575427826073,2.81236974385122,0.0114033752599674,0.91694488792458,0.99988016650531
"ENSG00000151461",0.0158005390630899,6.48611647474926,0.0113751434555921,0.917047205559382,0.99988016650531
"ENSG00000185664",0.023409807920065,3.50003418129848,0.0113695412029675,0.917067630741293,0.99988016650531
"ENSG00000125746",-0.0288946437518893,4.76831761991873,0.0113545468550082,0.917122056400401,0.99988016650531
"ENSG00000198382",0.0159722362161807,6.87023955974441,0.0113538992624557,0.91712438247436,0.99988016650531
"ENSG00000161813",0.0170991698555135,5.33873868688009,0.0113494184446735,0.917140672402295,0.99988016650531
"ENSG00000104960",-0.0229729686494489,5.15661041446788,0.0113464885711016,0.917151324960795,0.99988016650531
"ENSG00000167113",-0.0290681647874476,3.79683974557812,0.0112967083565286,0.917332571608623,0.99988016650531
"ENSG00000251586",0.0248589503347891,3.82751303912272,0.0112828641393156,0.917383022820704,0.99988016650531
"ENSG00000259546",0.0706013199562694,0.38585470287495,0.01128313743313,0.917390591147829,0.99988016650531
"ENSG00000137285",-0.0381193470630613,2.22912735893751,0.0112784110166007,0.917399560064708,0.99988016650531
"ENSG00000153187",0.019104450076106,9.27846442912755,0.0112712085621991,0.917425484019769,0.99988016650531
"ENSG00000146904",0.0613597573975601,1.33591240987907,0.0112700171695205,0.917432667150718,0.99988016650531
"ENSG00000111012",0.045211023308073,1.12342103138219,0.0112567868413936,0.917479543113944,0.99988016650531
"ENSG00000244513",-0.0571997999729402,1.92326999577456,0.0112300272262557,0.917576354663888,0.99988016650531
"ENSG00000035862",0.0158424903731427,5.98557838707808,0.0111914797068584,0.917716862714974,0.99988016650531
"ENSG00000250592",0.0695353347042989,0.537461487153439,0.0111804582285913,0.917761873379745,0.99988016650531
"ENSG00000127083",0.0588286091029308,1.13689537518856,0.0111800290537962,0.917762496442437,0.99988016650531
"ENSG00000169288",-0.0184443686990786,5.80767878121997,0.0111781274256919,0.917765762908888,0.99988016650531
"ENSG00000156304",-0.0151947576705888,5.79827945917879,0.0111726436146273,0.917785854721194,0.99988016650531
"ENSG00000051620",0.0247876392997382,5.69033963797003,0.0111608448704716,0.917829101254785,0.99988016650531
"ENSG00000136273",-0.0241506620073974,3.86119278138559,0.0111538816865637,0.917854682394937,0.99988016650531
"ENSG00000267432",0.0572170522667299,0.324997507316307,0.0111295358167773,0.917957999362318,0.99988016650531
"ENSG00000273058",-0.0496464221611152,0.714149080603647,0.0111121152537932,0.91801197015474,0.99988016650531
"ENSG00000253503",0.0763417379277846,0.558439159037419,0.0111023739238389,0.918050587753723,0.99988016650531
"ENSG00000198399",-0.0198271924901278,6.69534035345414,0.011075739083982,0.918141724152006,0.99988016650531
"ENSG00000170185",-0.0196008799503019,4.08471815916566,0.0110397350840268,0.918274382316895,0.99988016650531
"ENSG00000237298",0.0181137816038942,4.3664155010212,0.0110379823583606,0.918280838750207,0.99988016650531
"ENSG00000124198",0.0169534516250498,5.97656159963549,0.0110129087031808,0.918373304594622,0.99988016650531
"ENSG00000293799",0.0651984722557684,0.281326179353988,0.011011191119107,0.918386472403433,0.99988016650531
"ENSG00000006062",-0.0225418614012466,4.10498429822331,0.0109644064367905,0.918552565348943,0.99988016650531
"ENSG00000168826",0.0403350732024907,2.07628354930521,0.01094622149898,0.918620193620422,0.99988016650531
"ENSG00000182095",0.0162876577758773,7.98575609205269,0.0109354148906831,0.918659852472352,0.99988016650531
"ENSG00000163297",-0.0198757005038902,4.70766336478059,0.0109302513384952,0.918679007889812,0.99988016650531
"ENSG00000198889",0.0369337099173535,2.45091566067703,0.0109264444564517,0.918693351239839,0.99988016650531
"ENSG00000258424",-0.0439005006297516,2.58571574300703,0.0109221585251743,0.918709214973549,0.99988016650531
"ENSG00000160961",0.0212539872548929,3.8511742815744,0.0109032959118371,0.918778967470064,0.99988016650531
"ENSG00000139793",0.0576072444213888,1.08205864724472,0.0108948289744119,0.91881334346281,0.99988016650531
"ENSG00000203950",-0.0225408395073043,4.35807525387641,0.0108868807190943,0.918839873784215,0.99988016650531
"ENSG00000169129",0.102378617486934,-0.210527959119073,0.0108923679061889,0.918841315399704,0.99988016650531
"ENSG00000287643",-0.0533087238961237,0.453956848102763,0.0108748973505338,0.918890123234145,0.99988016650531
"ENSG00000173349",0.0248232672672055,3.27988074124162,0.0108659909623599,0.918917524879154,0.99988016650531
"ENSG00000111605",0.0167094571483261,6.28600755149835,0.0108554802585273,0.918956506054402,0.99988016650531
"ENSG00000300126",-0.0692445413387076,0.545366499304365,0.0108405613014099,0.919017040265796,0.99988016650531
"ENSG00000160917",0.0201844689049567,5.01960249655181,0.0108339443814709,0.919036636316191,0.99988016650531
"ENSG00000290410",-0.0674146476805228,1.70669591212897,0.0108253553574084,0.91906956488847,0.99988016650531
"ENSG00000105819",0.0189416512996743,5.01025729573029,0.0108133308654331,0.919113388436309,0.99988016650531
"ENSG00000215301",-0.0148330603154052,6.61647455413344,0.0108064346680629,0.919139070708106,0.99988016650531
"ENSG00000134901",0.0840347793840579,0.295885760336684,0.0107884482474042,0.919215699681376,0.99988016650531
"ENSG00000256568",0.0694437904020461,0.588418531965876,0.0107260986791477,0.91944422869817,0.99988016650531
"ENSG00000228956",0.0175666242970744,6.07624661107601,0.0107221297771589,0.919453866212113,0.99988016650531
"ENSG00000288587",0.0629021715254767,0.737950604566291,0.0107121753810654,0.919494843148512,0.99988016650531
"ENSG00000164073",0.0204814540966874,4.07679400143047,0.0107003829231471,0.919535307345854,0.99988016650531
"ENSG00000137074",0.0171671644349913,4.78406361824107,0.0106797653863813,0.919612552096096,0.99988016650531
"ENSG00000197056",0.0222475498301703,4.16627793210183,0.0106608358733308,0.919683558571167,0.99988016650531
"ENSG00000127311",0.0235960809518439,4.14955898426777,0.0106555785652392,0.919703288124068,0.99988016650531
"ENSG00000256745",0.0576579087313073,0.773458332178677,0.0106551859327908,0.919709867912941,0.99988016650531
"ENSG00000023287",0.0201563806454819,5.88598552750835,0.0106335995163083,0.919785789408447,0.99988016650531
"ENSG00000267280",0.0631390405918902,0.534979255087507,0.0105908153520167,0.919953680363043,0.99988016650531
"ENSG00000102934",0.0321402522738837,2.34610239771911,0.0105878831712205,0.919957997007114,0.99988016650531
"ENSG00000227191",0.0207601777367005,3.93778468686084,0.0105817576414736,0.919980865441547,0.99988016650531
"ENSG00000146350",0.0278369761260452,4.80650816954499,0.0105693302779561,0.920027651395132,0.99988016650531
"ENSG00000226648",0.039367646797323,1.91755193699217,0.0105486194502105,0.920106370578075,0.99988016650531
"ENSG00000131323",-0.0151710673514541,7.4879201347118,0.0105384987139691,0.920143907091777,0.99988016650531
"ENSG00000070756",-0.0175356534007618,10.6702097855432,0.0105272848097585,0.920186242450807,0.99988016650531
"ENSG00000286373",0.0732375080356251,0.438561359719416,0.0105001416584904,0.920298454245141,0.99988016650531
"ENSG00000309481",0.0732039752389869,0.768768613731124,0.0104902240683925,0.920329955200409,0.99988016650531
"ENSG00000116688",0.015775535936391,5.28827925800792,0.0104756791053738,0.920381365263445,0.99988016650531
"ENSG00000247151",-0.0339652878259834,3.36794855599025,0.0104572400875059,0.920451279320346,0.99988016650531
"ENSG00000112992",0.0193356910996801,5.90071007716681,0.0104550132404106,0.920459637181917,0.99988016650531
"ENSG00000154122",0.0298120448452418,2.80890185135049,0.01044846583828,0.920484620876057,0.99988016650531
"ENSG00000149809",-0.0424257436830126,2.56172767672606,0.0104457649009468,0.920494931480672,0.99988016650531
"ENSG00000077147",0.0150372906947772,6.82464631283915,0.0104405924564925,0.920514302207649,0.99988016650531
"ENSG00000130347",0.0258766908399044,3.43717681598319,0.0104349828557808,0.920535645543453,0.99988016650531
"ENSG00000084444",-0.0502934604638855,0.823706649932986,0.0104184761200114,0.920600934709704,0.99988016650531
"ENSG00000227198",0.0782160823973935,0.622278872659778,0.0104100746127563,0.920637314752411,0.99988016650531
"ENSG00000287825",0.0458909474673008,1.79142108741317,0.0103802537952064,0.920744047058799,0.99988016650531
"ENSG00000123810",-0.0324261019077661,2.94852202814413,0.0103695931278123,0.920784137338608,0.99988016650531
"ENSG00000198270",-0.0229001815410025,4.06557203166086,0.0103593139875896,0.920823164596941,0.99988016650531
"ENSG00000289932",-0.0848332074928436,0.617372418229576,0.0103551879979078,0.920846606874273,0.99988016650531
"ENSG00000175182",-0.0378080013200462,2.4627264958498,0.0103305371409259,0.920932967353587,0.99988016650531
"ENSG00000141034",0.0309624984216649,2.5338612917055,0.0103277643439396,0.920943538087301,0.99988016650531
"ENSG00000110880",-0.0141213628912713,7.02355329632909,0.0103238370874973,0.920958310067088,0.99988016650531
"ENSG00000135049",-0.01859009197574,5.6450979085081,0.0102911905308764,0.921082916585637,0.99988016650531
"ENSG00000089558",0.0507849060673072,1.00519094135372,0.010286110961695,0.92110383141881,0.99988016650531
"ENSG00000187601",0.0429152183249347,2.39314922292151,0.0102857217444777,0.921104056975129,0.99988016650531
"ENSG00000288018",0.0224805077515467,4.21968709280205,0.0102512122632483,0.92123581202854,0.99988016650531
"ENSG00000101935",-0.0212967461703859,4.72946231506198,0.010247806331815,0.921248838347892,0.99988016650531
"ENSG00000181404",-0.0233037213692196,3.62128280744238,0.0102402514888803,0.921277798705078,0.99988016650531
"ENSG00000054277",0.0280190746154662,3.84208246324805,0.0102272600186687,0.921327551261458,0.99988016650531
"ENSG00000247774",-0.045532887511086,4.44513400603032,0.0101849379534321,0.92148987917153,0.99988016650531
"ENSG00000204209",0.0194217887001198,5.86202101946308,0.0101771117546486,0.921519907603941,0.99988016650531
"ENSG00000143013",0.015468589287613,5.89900279148986,0.0101714779322799,0.921541552508378,0.99988016650531
"ENSG00000161860",-0.0373951714777883,1.8706206046637,0.0101549497011184,0.921605598286782,0.99988016650531
"ENSG00000095906",-0.0216761088104812,4.85019389382158,0.0101465916469976,0.921637263254649,0.99988016650531
"ENSG00000148175",-0.0172793641821729,5.83072802964745,0.0101418714636745,0.921655399634072,0.99988016650531
"ENSG00000072958",0.017627646854586,4.86959341149742,0.0101383323581138,0.921669043260931,0.99988016650531
"ENSG00000305147",-0.0550504477022224,0.165077836638249,0.0101349501951189,0.921693084893289,0.99988016650531
"ENSG00000145725",0.0198138871441858,6.1163955813158,0.010120071336557,0.921739335644932,0.99988016650531
"ENSG00000132376",0.0377947529587871,1.93956557048487,0.0101110768082813,0.921774419941704,0.99988016650531
"ENSG00000087995",-0.0197750008131848,4.52578487947059,0.0101065797981126,0.921791355970507,0.99988016650531
"ENSG00000166821",0.0623214647848757,0.773605897768163,0.0101070116973806,0.92179296415474,0.99988016650531
"ENSG00000301208",0.0475790297946925,1.70218606760281,0.0101061931552059,0.921793525524054,0.99988016650531
"ENSG00000107672",-0.0165324642689457,4.86802471781592,0.0101020782235589,0.921808708179686,0.99988016650531
"ENSG00000302590",0.063034721203246,1.4295880567307,0.0101014201232177,0.921812392478603,0.99988016650531
"ENSG00000010017",-0.0172492921359958,4.97724406977636,0.0100739636251724,0.92191717861989,0.99988016650531
"ENSG00000086102",0.0159501300405488,6.89974393609548,0.010063238501029,0.921958587543588,0.99988016650531
"ENSG00000129317",-0.0192599960517136,4.58385921815294,0.0100468489221493,0.922021961613503,0.99988016650531
"ENSG00000167920",-0.0371783738831546,3.42623292475981,0.0100274499307098,0.922097045927459,0.99988016650531
"ENSG00000172716",0.0178047149566364,5.18673393696744,0.0100072700349086,0.922175121365302,0.99988016650531
"ENSG00000188985",0.0289617417199218,2.54079521435323,0.0100035536913726,0.922189737554108,0.99988016650531
"ENSG00000010818",0.0314667804769229,4.38916049359748,0.0100029077089697,0.922192049529415,0.99988016650531
"ENSG00000196689",-0.0575501159037023,0.379647579254506,0.00999785097079563,0.922221435655698,0.99988016650531
"ENSG00000079739",0.024363115947056,3.34237031063113,0.0099804284807854,0.922279262155273,0.99988016650531
"ENSG00000305847",0.0497483747110062,0.551291575891378,0.00997198852476043,0.922316250072827,0.99988016650531
"ENSG00000196218",0.0443180167597848,1.75358426558608,0.00997039167460318,0.922318923934604,0.99988016650531
"ENSG00000251015",-0.0721075945519791,0.66500187116089,0.00995573003803482,0.922380710565158,0.99988016650531
"ENSG00000229327",0.078179392464765,0.450492652953307,0.00995145909818343,0.922400213201599,0.99988016650531
"ENSG00000158006",-0.0245614100276353,3.49462559734666,0.00994827257671378,0.922404103729347,0.99988016650531
"ENSG00000113558",-0.0220194420791491,3.88846132633058,0.00993353963916489,0.922461346439359,0.99988016650531
"ENSG00000170571",-0.0155943734172079,7.76266407265225,0.00992986530973478,0.922475592132322,0.99988016650531
"ENSG00000141522",-0.0171155525359584,7.94792014931745,0.0099103960732848,0.922551355086537,0.99988016650531
"ENSG00000172530",0.0147649227065806,5.3721435899262,0.00990871216020591,0.922557913718447,0.99988016650531
"ENSG00000178700",-0.0286673999342346,2.61814216567959,0.00987545261702233,0.922687687320681,0.99988016650531
"ENSG00000150687",-0.0502821602262167,1.95690350961024,0.00987037185098414,0.92270787901824,0.99988016650531
"ENSG00000154124",-0.0185096208663653,4.95498447411914,0.00986442080004018,0.922730576100732,0.99988016650531
"ENSG00000251417",-0.054544591633554,0.857751237023939,0.00984654055321477,0.922803471036436,0.99988016650531
"ENSG00000293652",-0.0525594040895141,0.411406428083884,0.00983714818533851,0.922843158832304,0.99988016650531
"ENSG00000124588",0.0207481575704749,3.87040759496221,0.00983362964343335,0.922850866925827,0.99988016650531
"ENSG00000151067",0.0380320435561249,1.96054320363586,0.00982510958098659,0.922884550753419,0.99988016650531
"ENSG00000287077",-0.041852013326906,2.00392506063543,0.0098242229541717,0.922888028523928,0.99988016650531
"ENSG00000144935",0.0499624557279754,1.53357915109767,0.00981262084271015,0.922933650697504,0.99988016650531
"ENSG00000127481",-0.018876423565083,5.40430421768373,0.00981044699052973,0.922941490897184,0.99988016650531
"ENSG00000140398",0.054952572342801,0.997864054974718,0.00980525473859271,0.922965638239196,0.99988016650531
"ENSG00000090263",-0.0169768158914028,5.47010959772321,0.00980208318221054,0.922974228638288,0.99988016650531
"ENSG00000003436",0.0446675982444517,3.2398622311293,0.00979327503880406,0.923008810818952,0.99988016650531
"ENSG00000078687",0.0151079016305874,5.40452956968334,0.00978164643869365,0.923054281679353,0.99988016650531
"ENSG00000103769",-0.0181170901044343,6.67926112524973,0.00976657943885362,0.92311335252367,0.99988016650531
"ENSG00000148187",0.0196491378754216,4.90560101703028,0.00976267992421733,0.923128666126727,0.99988016650531
"ENSG00000145506",0.0434458295166148,2.33679238783754,0.009739894104524,0.923218399859519,0.99988016650531
"ENSG00000304336",-0.0361612597765901,3.08016267126984,0.00973039547532052,0.923255507615807,0.99988016650531
"ENSG00000259704",0.0553473346469913,2.37187079964976,0.00971852603879657,0.9233023678411,0.99988016650531
"ENSG00000255367",-0.0577524251768622,1.79181644271553,0.00971464943978808,0.923318041014065,0.99988016650531
"ENSG00000096092",-0.0237349829738576,3.85426076393496,0.00969555916617086,0.923392471346091,0.99988016650531
"ENSG00000267765",0.0578526322112717,0.747161986045982,0.00969218410698939,0.923408326139815,0.99988016650531
"ENSG00000189127",0.0526084962755103,0.752837894376192,0.00966762175792065,0.92350476399362,0.99988016650531
"ENSG00000116586",0.0201825242439474,8.10230182412188,0.00966574684116127,0.923509876888909,0.99988016650531
"ENSG00000308283",-0.0672309865136844,0.152835726302506,0.00965253949742396,0.923571937665352,0.99988016650531
"ENSG00000245864",0.0445261816225524,2.47626772485887,0.00964684408085331,0.923584663953793,0.99988016650531
"ENSG00000183527",-0.0160671683949492,5.33842089471635,0.0096464533638667,0.923585989190693,0.99988016650531
"ENSG00000148737",-0.0172443266524315,6.16416728332216,0.00962611430702769,0.923666304619387,0.99988016650531
"ENSG00000100239",-0.0151581745440029,7.3271664539562,0.00961486736378414,0.923710754269621,0.99988016650531
"ENSG00000117676",0.0146124831110604,6.83261892259197,0.00961364269107404,0.923715596162578,0.99988016650531
"ENSG00000102445",0.0148540061350893,6.2731563722623,0.00959000503238698,0.923809109255749,0.99988016650531
"ENSG00000186625",0.0175528605227889,4.63563480456325,0.00958460938619967,0.923830498288229,0.99988016650531
"ENSG00000113013",-0.0146093936839225,7.85534250325597,0.00956577466677703,0.923905086846496,0.99988016650531
"ENSG00000099974",-0.0279629154263474,2.89886208473547,0.00952737791639352,0.924057573801732,0.99988016650531
"ENSG00000167487",0.0264461866746931,3.10927965977207,0.00952250467786954,0.92407689389323,0.99988016650531
"ENSG00000266969",0.0480872973691928,1.43807601654018,0.00951915216129666,0.924091040140648,0.99988016650531
"ENSG00000120334",0.0198384362232863,4.01731615784819,0.00949084456842667,0.924202712112352,0.99988016650531
"ENSG00000257718",-0.0629846505172464,1.61378756358536,0.00948508037829042,0.924226340143216,0.99988016650531
"ENSG00000228412",0.0651170726261912,0.19626908113025,0.00948641529224896,0.924230130009831,0.99988016650531
"ENSG00000253394",-0.0557373541373229,1.57525575398383,0.00947603574988244,0.924262392168081,0.99988016650531
"ENSG00000136997",-0.0166813879048927,7.43061934365177,0.00945882287526246,0.924330206082889,0.99988016650531
"ENSG00000233942",-0.0514732289809832,1.49200778835632,0.00945589831080464,0.924342984794202,0.99988016650531
"ENSG00000134954",0.0240285094706594,4.19979439238611,0.00942912135309526,0.92444872751863,0.99988016650531
"ENSG00000249494",-0.0384487039213018,1.34708186204415,0.00942153979929597,0.92447996916579,0.99988016650531
"ENSG00000159882",0.0288736064082641,3.26748233082474,0.00941604091356695,0.924501026372973,0.99988016650531
"ENSG00000237214",0.0679123763072325,0.271431219629783,0.00941205658043974,0.924528158644652,0.99988016650531
"ENSG00000293220",-0.0479086080249714,0.499753299333521,0.00940720412837174,0.924542362142614,0.99988016650531
"ENSG00000295792",-0.0351822155945996,1.69928102343079,0.00938498538532839,0.924625739317706,0.99988016650531
"ENSG00000240291",0.0219618031523917,3.59021700996699,0.00937141549777072,0.924679504462374,0.99988016650531
"ENSG00000112053",0.0481475572433377,0.607269024588956,0.00936733519696608,0.924699810949243,0.99988016650531
"ENSG00000265907",-0.0874821037984946,0.368738915321949,0.00935779412175201,0.924744671351313,0.99988016650531
"ENSG00000033122",-0.0481208990990561,2.20890135700764,0.00935156385545698,0.924759267139365,0.99988016650531
"ENSG00000168385",-0.0135176153729801,7.1395881809008,0.00935088850808606,0.924761699970671,0.99988016650531
"ENSG00000231889",-0.0179146097709373,5.03180585865067,0.00931249483779055,0.924915803370825,0.99988016650531
"ENSG00000133773",-0.0143724741557379,5.76009564337366,0.00928936870871241,0.925008767635661,0.99988016650531
"ENSG00000112425",-0.0306150797183739,2.88790068660127,0.00926504769424043,0.925106789542577,0.99988016650531
"ENSG00000301462",-0.0654621196092103,0.493488727413176,0.00924440361169154,0.925195194826372,0.99988016650531
"ENSG00000099330",-0.0276793971545914,2.92813838353459,0.00921110024940818,0.9253244133829,0.99988016650531
"ENSG00000115163",0.0223459674983104,4.41378975254779,0.00919332809137143,0.925396159168798,0.99988016650531
"ENSG00000279579",0.0419847201281544,2.05095715232491,0.00916385007687721,0.925515760075341,0.99988016650531
"ENSG00000144713",-0.0231704092544614,10.7580923486039,0.00916071899864515,0.925528114922697,0.99988016650531
"ENSG00000269956",-0.0636792916115263,1.11013796495624,0.00915928356828832,0.925535286093353,0.99988016650531
"ENSG00000267342",0.132416464320873,-0.181115423964782,0.00915084105620432,0.925559108950748,0.99988016650531
"ENSG00000287188",-0.0476258440718552,1.42762168832035,0.00913960604902163,0.9256144616686,0.99988016650531
"ENSG00000203721",-0.0506670803881129,1.73762182388436,0.00913706697034907,0.925624618078603,0.99988016650531
"ENSG00000272525",0.0511042432836376,1.33695799936378,0.00913345688073709,0.925639818891745,0.99988016650531
"ENSG00000237350",-0.0335468947749941,2.0880997356327,0.00912876646502478,0.925658012733079,0.99988016650531
"ENSG00000124257",-0.0575033787794183,0.412629197522787,0.00912185412996048,0.925691745426566,0.99988016650531
"ENSG00000008513",-0.0161231686085485,6.35576861919422,0.00911944280460207,0.925695523717002,0.99988016650531
"ENSG00000099624",-0.0184348224446394,7.07525430359784,0.00911283045349491,0.925722377385911,0.99988016650531
"ENSG00000203865",0.0259118542860497,3.80181568657388,0.00908350352690036,0.925841643769193,0.99988016650531
"ENSG00000143942",0.0272135128744286,2.82915156672336,0.00908032368306704,0.925854692446088,0.99988016650531
"ENSG00000186642",-0.0401739590949805,2.29035300766346,0.00907543523566638,0.925874654434237,0.99988016650531
"ENSG00000005379",-0.035441642789292,2.2468286555921,0.00906845172685088,0.925903125058443,0.99988016650531
"ENSG00000253553",-0.0480906717442924,0.503769683628662,0.00907054375962516,0.925905435748094,0.99988016650531
"ENSG00000106459",-0.0177061109966689,5.45433126437075,0.00904807203485091,0.925985896633909,0.99988016650531
"ENSG00000014641",-0.0161851638310575,7.39076060038877,0.00902356322648616,0.926085875204676,0.99988016650531
"ENSG00000287151",0.0360823999565631,1.91800245339141,0.00900892916968483,0.926146063032648,0.99988016650531
"ENSG00000146856",0.0327503067386498,2.90744673893137,0.0089804632109865,0.926262156327303,0.99988016650531
"ENSG00000285589",-0.0465483704584286,1.10157243152332,0.00897328268077154,0.926293026715702,0.99988016650531
"ENSG00000156052",-0.017379595948527,8.35124901178071,0.00895204438836418,0.926378413308166,0.99988016650531
"ENSG00000287201",0.0530564779357423,0.66472064246778,0.00894915496845037,0.926397656841955,0.99988016650531
"ENSG00000234380",0.0356891379084635,3.39207213144599,0.00893115976310411,0.926464124997766,0.99988016650531
"ENSG00000181817",-0.0205543940891925,4.76885194856629,0.00892118553365979,0.92650502680998,0.99988016650531
"ENSG00000134056",0.0184333217639256,5.69513963986186,0.00890442156544666,0.926573864584134,0.99988016650531
"ENSG00000230204",0.0353388586702029,1.84301571146823,0.00889600265548885,0.926608883585536,0.99988016650531
"ENSG00000230290",0.0690925331872815,0.631089309387354,0.00887468560238499,0.926703063246483,0.99988016650531
"ENSG00000236859",0.0178053825656194,4.15905587629634,0.00885706921086756,0.926768760294645,0.99988016650531
"ENSG00000163156",-0.0163068697101563,7.11599045164407,0.00882669997523571,0.92689397871856,0.99988016650531
"ENSG00000085871",0.0179342981350158,6.93738992774101,0.00882354765133096,0.926906992392962,0.99988016650531
"ENSG00000303991",0.035497107245055,2.2373289133467,0.00882003600154438,0.926921762134346,0.99988016650531
"ENSG00000305228",-0.055520323553054,2.38729034597669,0.00880618584851986,0.926978928878305,0.99988016650531
"ENSG00000184371",-0.0441687110800435,2.31725762976091,0.00879401350807295,0.927029274062072,0.99988016650531
"ENSG00000266472",0.0164941741199188,7.04329875428284,0.00877194984674724,0.927120335713653,0.99988016650531
"ENSG00000059728",0.0142090278920293,5.92625563891383,0.00876743306924438,0.927139042210758,0.99988016650531
"ENSG00000247081",-0.0193090016883761,3.83977257944865,0.00876715288108067,0.92714024223001,0.99988016650531
"ENSG00000282885",0.0546495326274362,0.136850108086838,0.00875883795138131,0.927188212212078,0.99988016650531
"ENSG00000237489",-0.0604768652459754,0.377323649005856,0.00875522745208118,0.927201121255621,0.99988016650531
"ENSG00000259291",-0.0317754158661642,2.181679743099,0.00875020207985732,0.927210762009606,0.99988016650531
"ENSG00000116171",0.0138589730912606,7.15026426080902,0.00874885584877257,0.927216028465107,0.99988016650531
"ENSG00000308091",-0.0166709714349616,6.68273056696313,0.00874345029390606,0.927238445682833,0.99988016650531
"ENSG00000238113",0.0221307573636949,3.30862965386909,0.00873698744542124,0.927265337746767,0.99988016650531
"ENSG00000130348",-0.0219395405224019,4.7506702580664,0.00872859135769912,0.927300124889307,0.99988016650531
"ENSG00000146700",-0.0613762980297345,0.261195562152107,0.00871447390068133,0.927365640726152,0.99988016650531
"ENSG00000173281",0.0275392090887926,3.04366898263284,0.00864360910356555,0.927653856018773,0.99988016650531
"ENSG00000290087",0.0557595337893037,0.508244491017974,0.00863669796020678,0.9276864304342,0.99988016650531
"ENSG00000166321",0.0486859764000999,2.25310719285847,0.00862877016278378,0.927715953706617,0.99988016650531
"ENSG00000138193",-0.0359428841385684,1.57860513252246,0.00859817737614721,0.927844377349501,0.99988016650531
"ENSG00000102738",-0.0161143995543375,4.67283382644974,0.00856526373633434,0.927981369115154,0.99988016650531
"ENSG00000101019",0.0161434270019918,5.17141472724413,0.00853855270608878,0.928093382942866,0.99988016650531
"ENSG00000297250",0.0518964505511386,0.958745305802634,0.00853297000678134,0.928118676190385,0.99988016650531
"ENSG00000125734",0.0497856875529914,0.865446290978692,0.00852340152466512,0.92815928212401,0.99988016650531
"ENSG00000120549",0.047650371539883,1.21561298858758,0.00852115051262525,0.928167679392286,0.99988016650531
"ENSG00000107104",0.0204897133210462,3.75737104657287,0.00851900421376122,0.928175535352715,0.99988016650531
"ENSG00000205740",0.0395896429414121,1.2503470674357,0.00851508774948599,0.928192899249455,0.99988016650531
"ENSG00000256092",0.0452981279254981,0.487639634675035,0.00851034650278509,0.928221615200737,0.99988016650531
"ENSG00000232827",-0.0352634269848402,1.94199757287615,0.00850600915279734,0.92823051124494,0.99988016650531
"ENSG00000249175",0.062902021854172,0.254341182181247,0.00850439597230009,0.928249585255795,0.99988016650531
"ENSG00000249407",0.044767316210215,1.09057285920743,0.00848964979663838,0.928300453672855,0.99988016650531
"ENSG00000039068",0.0370066351068879,2.52602682473967,0.00847694019556461,0.928352659430888,0.99988016650531
"ENSG00000007384",-0.0464330741061658,1.11200767652187,0.00846730214269296,0.928395122491879,0.99988016650531
"ENSG00000067596",0.0144644983981271,5.15478615641231,0.00845580948670777,0.928441560441039,0.99988016650531
"ENSG00000170965",0.0578031116602726,1.36627309499308,0.00840818162671211,0.928644244274911,0.99988016650531
"ENSG00000185624",-0.0176809757363763,9.23985664352,0.00839540410877067,0.928696826017352,0.99988016650531
"ENSG00000133835",-0.0149792697917842,6.24146330108511,0.00838257630806865,0.928751155109677,0.99988016650531
"ENSG00000301754",0.0319437117597426,2.18763009060351,0.00835571092453987,0.92886536122269,0.99988016650531
"ENSG00000140876",0.0250234447692384,3.45279313759827,0.00835507209147047,0.928867880834589,0.99988016650531
"ENSG00000178199",-0.0160561563840717,4.93806011867991,0.00834824551566095,0.928896773343836,0.99988016650531
"ENSG00000228007",-0.0162446605100923,5.89560219109179,0.00834498055274911,0.928910623980897,0.99988016650531
"ENSG00000091039",0.0163820973769043,7.38710065216543,0.0083346861694492,0.928954351210004,0.99988016650531
"ENSG00000140749",-0.0206307248706782,4.83485970227051,0.00831546690697331,0.929036080558511,0.99988016650531
"ENSG00000174844",0.0430222168288556,1.51689868611284,0.00829784852733522,0.929111727833179,0.99988016650531
"ENSG00000233367",0.048874067609526,1.74702316158352,0.00829595729994149,0.929119847738566,0.99988016650531
"ENSG00000290877",-0.0330168020649669,1.88172951552292,0.00827229806405521,0.92922035948482,0.99988016650531
"ENSG00000260942",0.0583322135838908,0.480564195567411,0.00826097772228176,0.929273143955669,0.99988016650531
"ENSG00000229950",-0.0442972747341601,1.56972876193318,0.00825807681733335,0.929281184598628,0.99988016650531
"ENSG00000166173",-0.0619363771863191,1.68875820827317,0.00824372109401491,0.929342511709875,0.99988016650531
"ENSG00000119392",0.0160817355469447,5.24434625565309,0.00821788046163724,0.929452441992307,0.99988016650531
"ENSG00000090432",0.0189091735400543,3.93724791553058,0.00818124248940878,0.929609443216786,0.99988016650531
"ENSG00000226851",-0.0416748708173294,1.63903382904814,0.00817723319308495,0.929627154795337,0.99988016650531
"ENSG00000187609",-0.0232638730395258,3.75650053805742,0.0081706202484494,0.929655031812353,0.99988016650531
"ENSG00000110958",0.0136748389810888,8.37972792173451,0.00815560647756912,0.929719450731699,0.99988016650531
"ENSG00000168924",0.0141564316356636,5.34288540338479,0.00815139891617382,0.929737530854645,0.99988016650531
"ENSG00000129315",0.0166113580701216,4.46519609850945,0.00814244028615125,0.929776061605602,0.99988016650531
"ENSG00000119414",0.0125735785524988,6.07231901802803,0.00813643887838383,0.929801843138632,0.99988016650531
"ENSG00000187566",-0.0679768559637594,0.445341468286359,0.00813484764462824,0.929815610460665,0.99988016650531
"ENSG00000120071",-0.014311151133009,6.65264036549842,0.00812966889588965,0.929830966701201,0.99988016650531
"ENSG00000310295",-0.0535413218121964,1.18483248252698,0.008113676043845,0.929901022698453,0.99988016650531
"ENSG00000162490",-0.0676496716898614,0.229114743132634,0.00809624111522699,0.929986979202605,0.99988016650531
"ENSG00000146109",0.0214860303750517,4.419022739546,0.008078143897339,0.930053053361923,0.99988016650531
"ENSG00000234771",0.0260863283502782,2.52346967596157,0.00807762189981332,0.930055459373831,0.99988016650531
"ENSG00000223478",0.0478283418592047,0.8931474016124,0.00807762024653488,0.930057416945894,0.99988016650531
"ENSG00000067334",0.0185952780020299,7.08891367793472,0.00804475564379548,0.930197302398635,0.99988016650531
"ENSG00000260970",-0.0446260633025991,0.16074861206262,0.00804125519831303,0.930225517199206,0.99988016650531
"ENSG00000118263",-0.0142218141293301,5.67915590097043,0.00803434096432939,0.930242368918821,0.99988016650531
"ENSG00000119718",0.0163020658341807,4.3054830503657,0.00801675516311415,0.930318559273728,0.99988016650531
"ENSG00000141012",0.0192862476004503,3.70531157766971,0.00800717948862716,0.9303600855377,0.99988016650531
"ENSG00000069275",-0.0143640601553087,9.09755249426899,0.00797173121337683,0.930513909785278,0.99988016650531
"ENSG00000152242",-0.0140672502765172,4.76220230139273,0.00797037398604941,0.930519829825151,0.99988016650531
"ENSG00000001167",0.0135878661990243,5.75280549337661,0.00796531091774087,0.930541817002693,0.99988016650531
"ENSG00000151498",-0.0243977726293319,3.52609081112342,0.0079580422968034,0.930573482368142,0.99988016650531
"ENSG00000176014",0.013067754051302,6.69245526515715,0.00794718693491469,0.93062065350053,0.99988016650531
"ENSG00000159423",0.0284190644887651,2.05000770687574,0.00789908819312064,0.930830737195957,0.99988016650531
"ENSG00000181035",-0.0404644162801917,1.72434534188304,0.00787696336694127,0.930927767816801,0.99988016650531
"ENSG00000143450",0.0439752289298472,0.632039869935812,0.00784300647224614,0.931079374196384,0.99988016650531
"ENSG00000197249",0.0483371095766172,4.71587267081022,0.00783387230599623,0.931115644488677,0.99988016650531
"ENSG00000076706",-0.0901638642338199,0.568472940131128,0.00782786889641581,0.931148790566003,0.99988016650531
"ENSG00000135480",0.0298709309194203,3.02340400896473,0.00781703163642693,0.931189599966805,0.99988016650531
"ENSG00000239269",-0.0313562964310291,1.80288986517789,0.0078139980575428,0.931203392489858,0.99988016650531
"ENSG00000104129",0.0173097551872384,4.7650466124358,0.00779405973589326,0.931290416606703,0.99988016650531
"ENSG00000120662",-0.021293990384949,3.8528936559441,0.00779190612660176,0.931299898492704,0.99988016650531
"ENSG00000309617",0.0766339080164582,0.424312714925929,0.00779073337430626,0.931314624410083,0.99988016650531
"ENSG00000179958",-0.017371911205733,5.78100519234353,0.00777837501767635,0.931359368748983,0.99988016650531
"ENSG00000111727",-0.0214524646500764,3.25382524144403,0.00777318226918452,0.931382292294316,0.99988016650531
"ENSG00000267939",-0.0417982988508331,1.80085512712215,0.00775675595332887,0.931455052728049,0.99988016650531
"ENSG00000115365",0.0229174740827394,3.7330527153591,0.00775590102935632,0.931458365947987,0.99988016650531
"ENSG00000215421",0.0161976055900024,6.33356546213782,0.00773675007845824,0.931542756116535,0.99988016650531
"ENSG00000214199",-0.0286538296647807,2.65306691315108,0.00770126140084065,0.931699672055441,0.99988016650531
"ENSG00000166912",0.0172305676522497,4.47782819494674,0.00767949525404177,0.931795844484805,0.99988016650531
"ENSG00000176182",0.0151055793337455,5.40011994271451,0.00765374035785309,0.931909967279628,0.99988016650531
"ENSG00000234456",0.0230062687948868,2.82516386167932,0.00765310408973593,0.931912901634234,0.99988016650531
"ENSG00000157036",0.01847149498962,4.00292009968587,0.00761971379073152,0.932061105942497,0.99988016650531
"ENSG00000120696",-0.0190382430772141,3.61391800204979,0.00761078326263376,0.932100837345106,0.99988016650531
"ENSG00000286045",0.0606279264980932,0.0477491318696915,0.00761076934295555,0.932113863270946,0.99988016650531
"ENSG00000257599",-0.0469978058788779,0.962800885713176,0.00759789627173863,0.932160281917268,0.99988016650531
"ENSG00000234494",-0.0228763521267923,3.44110974730687,0.00759618415332502,0.932165823177457,0.99988016650531
"ENSG00000288826",-0.0416756434754616,2.23554252074565,0.00759405552008292,0.932175480768752,0.99988016650531
"ENSG00000124831",0.0135915052291252,7.67984494420521,0.00759025070042575,0.932192181606393,0.99988016650531
"ENSG00000103502",-0.0171750184060595,4.65981351078263,0.00759000090824753,0.932193318686959,0.99988016650531
"ENSG00000235079",0.0728489359191259,0.39911866502785,0.00758843058408907,0.932208151584649,0.99988016650531
"ENSG00000197713",-0.0126821596861862,5.58655225600647,0.00758150664308015,0.932231144330921,0.99988016650531
"ENSG00000214432",-0.0381667552276964,1.14616074328712,0.00757912957152646,0.932243146005252,0.99988016650531
"ENSG00000163938",0.0140578478592407,6.27487699068213,0.00756876907320953,0.932287938835332,0.99988016650531
"ENSG00000109381",0.0133448900406043,7.51212724002188,0.00755609028589168,0.932344519694323,0.99988016650531
"ENSG00000065243",-0.0149190599337964,6.09411556236068,0.0075473070896262,0.932383745033128,0.99988016650531
"ENSG00000290839",0.0238213116298149,3.43451733896133,0.00754410231147716,0.932398121499122,0.99988016650531
"ENSG00000256546",-0.0277152888050289,2.93297531590223,0.0075422340312297,0.932406520335148,0.99988016650531
"ENSG00000170175",-0.0367913633255248,1.69064176796908,0.00753693126256877,0.932430711856225,0.99988016650531
"ENSG00000308280",0.0550226105649864,1.63143450492555,0.00753443012782495,0.932441922463856,0.99988016650531
"ENSG00000236278",-0.0730621815172787,0.15646852018055,0.00753419621092836,0.932447873237367,0.99988016650531
"ENSG00000162378",0.0161739208305363,5.99005087577275,0.00751496953521757,0.932528359382417,0.99988016650531
"ENSG00000135932",0.0134775500477858,7.78790822702282,0.00751089818844453,0.932546587898029,0.99988016650531
"ENSG00000142396",-0.0252858358893255,3.21579965512824,0.00750758651544149,0.932561504342854,0.99988016650531
"ENSG00000267254",0.0379142888161938,2.34399876535603,0.00750259032784528,0.932584038066019,0.99988016650531
"ENSG00000173253",0.0746473000929904,0.89888300329262,0.00750202532885223,0.932593587274922,0.99988016650531
"ENSG00000158486",-0.0720421203949024,0.318125041014472,0.00749591560917628,0.932621504197194,0.99988016650531
"ENSG00000255252",-0.0453821328309168,0.836224205824532,0.00748832107876515,0.932650427202039,0.99988016650531
"ENSG00000095637",0.0549005820410311,0.51739935229811,0.00745811993899625,0.93278820967156,0.99988016650531
"ENSG00000235508",-0.0154942470443053,6.0694417214368,0.00742824012377347,0.932917771409912,0.99988016650531
"ENSG00000083097",0.018970146213765,4.43721208111996,0.00741207220586444,0.932990642162956,0.99988016650531
"ENSG00000079263",0.0461038062400813,2.03235921556494,0.00740950015345239,0.933002541896256,0.99988016650531
"ENSG00000128915",0.0159834856346803,5.0037718040351,0.0074054761796306,0.933020374051957,0.99988016650531
"ENSG00000114767",0.0178651936950739,3.90088089895077,0.00739143498358768,0.933083756208415,0.99988016650531
"ENSG00000183386",-0.0286711060463972,3.52296657848749,0.00738843084956666,0.933097335033005,0.99988016650531
"ENSG00000127054",0.015077722769914,5.22994162310952,0.00738699751849281,0.933103755023547,0.99988016650531
"ENSG00000166801",0.0204057200772504,5.53368536035407,0.00737694833161103,0.933149149643314,0.99988016650531
"ENSG00000198840",-0.0204693098095228,11.7174608944015,0.00735550749118923,0.933246107788086,0.99988016650531
"ENSG00000196531",-0.0169378471941995,9.94263311767471,0.00734854855076942,0.933277608183142,0.99988016650531
"ENSG00000297373",-0.0368355416464545,1.58893547317861,0.00731432524464646,0.933433434851348,0.99988016650531
"ENSG00000145526",-0.0427514009813618,1.97305372544525,0.00730517520793825,0.933474661511291,0.99988016650531
"ENSG00000274723",-0.0770014181053462,0.266412386288346,0.00728291519450844,0.933584076470045,0.99988016650531
"ENSG00000250326",0.0245193919730226,4.25507780441349,0.0072612981712652,0.933673865946577,0.99988016650531
"ENSG00000128283",0.0293932400216535,2.84502323272256,0.00722953901273493,0.933818773797515,0.99988016650531
"ENSG00000132356",0.0135651054961799,5.20897751074654,0.0072083090487416,0.933915654670846,0.99988016650531
"ENSG00000159618",0.0333346093989461,3.34415406047885,0.00719842884044553,0.933960916547828,0.99988016650531
"ENSG00000290547",-0.0289751077247743,2.10684110473067,0.00718899434886627,0.934004349499785,0.99988016650531
"ENSG00000150753",-0.0133652154641308,7.62881468596035,0.00717029410943636,0.934089682942604,0.99988016650531
"ENSG00000109466",-0.0177221128945232,5.18694309954381,0.00715331035951218,0.934167586514087,0.99988016650531
"ENSG00000162402",0.0130285923511164,5.21126680662718,0.00712121007562616,0.934315079399139,0.99988016650531
"ENSG00000022976",0.0178336280217967,3.58630353899532,0.00711487974553334,0.934344254645625,0.99988016650531
"ENSG00000113638",-0.0173399608662876,3.76682064961827,0.00708397461047875,0.934486629171163,0.99988016650531
"ENSG00000108559",0.0168440088456013,4.49697045534661,0.00708136268778197,0.934498657221035,0.99988016650531
"ENSG00000179886",0.0147868041236419,5.00371456023132,0.00706000093357904,0.934597264079797,0.99988016650531
"ENSG00000179950",-0.016209274447456,6.62172148670587,0.0070593825808006,0.934600106187318,0.99988016650531
"ENSG00000198171",-0.016486073036481,4.10862469861101,0.00702287100466209,0.934769048748253,0.99988016650531
"ENSG00000290551",0.0574026083530726,1.90136793653734,0.00700349271034139,0.934859536549038,0.99988016650531
"ENSG00000100711",0.0189845776487958,3.92345449732432,0.0070014475074844,0.934868376052828,0.99988016650531
"ENSG00000107951",-0.0131234877398813,4.94410216004227,0.00699250496570528,0.934909848943146,0.99988016650531
"ENSG00000121210",-0.013140190955902,6.72952088259806,0.00699090176499364,0.934917279405539,0.99988016650531
"ENSG00000153989",-0.0119032042986882,5.93183968699728,0.00698496928038597,0.934944830284947,0.99988016650531
"ENSG00000268750",0.0477354925430227,0.601956796964526,0.00696297140395323,0.935050264819929,0.99988016650531
"ENSG00000301656",-0.0302254607582219,1.67584665511591,0.00695962430243333,0.935063217787406,0.99988016650531
"ENSG00000179041",-0.0438492027279719,1.5718113936069,0.00695715830477825,0.93507475373437,0.99988016650531
"ENSG00000196482",-0.0425906933314826,0.557725139832383,0.00695051239977167,0.935110766365844,0.99988016650531
"ENSG00000267022",0.038641309346354,1.20012147495019,0.00693137347976878,0.935195345493221,0.99988016650531
"ENSG00000110400",-0.0243343251651102,3.0280484648096,0.00691845523286361,0.935254629922137,0.99988016650531
"ENSG00000141448",0.0548728132845693,0.865137302457354,0.0069141208473027,0.93527754017408,0.99988016650531
"ENSG00000198924",0.0258393699120697,2.77306657653865,0.00686340873402299,0.935512103528916,0.99988016650531
"ENSG00000230562",0.0223272199546474,2.75837741009894,0.00682731160407721,0.935681479774287,0.99988016650531
"ENSG00000264522",0.0155202278257535,4.59719999192899,0.0068171321202484,0.935729223865227,0.99988016650531
"ENSG00000173011",-0.0191855075194694,3.63253032908721,0.00681242097023995,0.93575140726759,0.99988016650531
"ENSG00000127528",-0.0312670589603231,2.67550752749077,0.00677716105633497,0.935917570586037,0.99988016650531
"ENSG00000188234",-0.0232954664626542,2.75520676471284,0.00676839578799022,0.935958897216545,0.99988016650531
"ENSG00000234162",0.037193926848087,1.12166978383081,0.00676363847219332,0.935982952141562,0.99988016650531
"ENSG00000156990",-0.0192563740327552,4.48574387303947,0.00674264770845264,0.936080437110169,0.99988016650531
"ENSG00000166033",-0.0570850324155196,0.45872493472713,0.00674189509590631,0.936092870613179,0.99988016650531
"ENSG00000184113",-0.045954318265715,1.0355210359739,0.00673807902355855,0.936103846721781,0.99988016650531
"ENSG00000296187",0.0509371676375356,0.394651177298207,0.0067374366035198,0.936112882101728,0.99988016650531
"ENSG00000101856",-0.0122073298142522,5.40113621277336,0.00671912759446148,0.93619172253958,0.99988016650531
"ENSG00000149639",0.0141541965180172,5.5845109087655,0.0067143183316334,0.936214505749545,0.99988016650531
"ENSG00000022840",-0.0117793986280246,5.59124337328601,0.0067112313913601,0.936229134330546,0.99988016650531
"ENSG00000236723",0.0353048379545237,1.1837346453035,0.00670847350248408,0.936243296233856,0.99988016650531
"ENSG00000173207",-0.0160453589809989,6.30620190592211,0.00670807279092401,0.936244105316794,0.99988016650531
"ENSG00000304753",0.052681024102811,0.31508551568107,0.00670737155070318,0.93625548570139,0.99988016650531
"ENSG00000197360",-0.0184209193013493,4.52901822440637,0.00670441247881401,0.936261483101977,0.99988016650531
"ENSG00000164346",0.011708126757654,7.10891903468661,0.00670198650779423,0.936272963874491,0.99988016650531
"ENSG00000270231",-0.0140557347434377,4.66746292890692,0.00668866340415794,0.936336205436648,0.99988016650531
"ENSG00000078061",-0.0175293613120185,4.81179448296237,0.00668250073836415,0.936365465915563,0.99988016650531
"ENSG00000088899",-0.0571646708811137,0.154282187955142,0.00666707271686994,0.93644829714822,0.99988016650531
"ENSG00000152348",0.0150635237597931,5.30070463161701,0.00664285991959517,0.936554013471659,0.99988016650531
"ENSG00000224126",0.0268870141468804,2.7851704562227,0.00659859395983302,0.936765365024553,0.99988016650531
"ENSG00000090061",0.0138053853013116,6.02283968228262,0.00658535443302503,0.936828565126355,0.99988016650531
"ENSG00000290955",0.0183875017909825,5.07641659123167,0.00657710058547015,0.936868075287863,0.99988016650531
"ENSG00000297347",-0.0640697557269745,0.15482956405931,0.00655034788294811,0.93700613083082,0.99988016650531
"ENSG00000162520",-0.018843664685262,5.03137907224343,0.00654245027941782,0.937034202346642,0.99988016650531
"ENSG00000196352",0.0228067132348484,3.30911065598528,0.00653995989448699,0.937046212833822,0.99988016650531
"ENSG00000229839",-0.0347417038216019,2.79102592131977,0.00653142226306722,0.937087281795484,0.99988016650531
"ENSG00000117713",0.0128966613754579,7.29366140573369,0.00652740653756923,0.937106453808736,0.99988016650531
"ENSG00000198912",-0.0183711523575762,4.65677028418367,0.00652480324687497,0.937118989912695,0.99988016650531
"ENSG00000133063",0.0395646195508291,1.54350640069928,0.00650970040295328,0.937192105454898,0.99988016650531
"ENSG00000198521",0.0213940972732516,3.07256409195976,0.00650955523612304,0.937192401508439,0.99988016650531
"ENSG00000248714",-0.0306679603595039,2.56260934572206,0.00650133105228245,0.937232082846835,0.99988016650531
"ENSG00000198680",0.0179295084843062,4.47651835573274,0.00648711859236765,0.937300411246409,0.99988016650531
"ENSG00000273271",0.0431224152429578,1.36137136759192,0.00648480938977013,0.937312397019309,0.99988016650531
"ENSG00000105825",-0.057802926463624,0.25686028779683,0.00648502801001066,0.937318455765151,0.99988016650531
"ENSG00000172005",0.0573654389062294,-0.0607300497039155,0.00647581254700273,0.937365906430629,0.99988016650531
"ENSG00000290035",-0.0843132547757812,0.355299660554287,0.00645976569952812,0.937442154512255,0.99988016650531
"ENSG00000230262",0.0470776498732696,0.640630233077807,0.00643690325438678,0.937545915136877,0.99988016650531
"ENSG00000226479",-0.0140439839120051,5.07132612467399,0.00642698153175593,0.937591003372549,0.99988016650531
"ENSG00000113739",-0.0220563509593043,3.09383815230749,0.00641047655698149,0.937671078546263,0.99988016650531
"ENSG00000170619",0.0121325543349038,6.15359281983011,0.00640879475021871,0.937679158468057,0.99988016650531
"ENSG00000214655",-0.014187994565038,4.70227310370211,0.00640121515432727,0.937715955317471,0.99988016650531
"ENSG00000143753",-0.011980038027358,6.89650675167907,0.00640051158820491,0.937719350921218,0.99988016650531
"ENSG00000123892",-0.0340065416937792,1.52831207314036,0.00639226799198582,0.937759929160327,0.99988016650531
"ENSG00000112697",0.0116350385308923,6.8435420695371,0.00637228544120287,0.937856511600879,0.99988016650531
"ENSG00000147684",-0.0144101040115292,7.55685953253646,0.00635730567311318,0.937929427583867,0.99988016650531
"ENSG00000218426",-0.017170491274513,7.12527399654407,0.00634466843495499,0.937991008534292,0.99988016650531
"ENSG00000237505",0.0346902840797428,2.16608308957948,0.00634289456396049,0.937999927520349,0.99988016650531
"ENSG00000214653",0.0583754846146164,0.838801125260663,0.00634133931274139,0.938009484156348,0.99988016650531
"ENSG00000138111",0.0224637524917201,3.44993081682542,0.00633821618126187,0.938022526524213,0.99988016650531
"ENSG00000120656",0.0130806523255871,5.26340974762662,0.00633272539086391,0.938049265573766,0.99988016650531
"ENSG00000084072",0.012510898848678,7.45663828295802,0.00633243377910593,0.938050686379421,0.99988016650531
"ENSG00000120948",0.0120945394060941,6.42870741230627,0.00632905546203417,0.938067175624868,0.99988016650531
"ENSG00000171735",-0.0139076963466542,6.86778690429414,0.00632753437494287,0.93807460098909,0.99988016650531
"ENSG00000260329",0.0617797491466744,0.16104174471471,0.00631436288876538,0.938150387490639,0.99988016650531
"ENSG00000296299",-0.0491492546023628,0.394888971355129,0.0063052666764948,0.938188483146707,0.99988016650531
"ENSG00000177842",-0.0377482215150273,1.00010894188942,0.00630276283174027,0.938197263823932,0.99988016650531
"ENSG00000100209",-0.0184229705103893,3.80265588696182,0.00627952659329707,0.938309465606107,0.99988016650531
"ENSG00000237668",0.0492247125341802,0.648335229120664,0.00626595998810809,0.938380461069211,0.99988016650531
"ENSG00000185053",-0.0649487738780678,0.360692595945716,0.00625491598763434,0.938436702355321,0.99988016650531
"ENSG00000115307",-0.0156898844404098,7.28041788912778,0.00624479730415596,0.93847986581145,0.99988016650531
"ENSG00000079805",0.0112068050021255,6.47940512568234,0.00623543002308125,0.938525919042006,0.99988016650531
"ENSG00000185710",0.0234735199286696,2.41605296223427,0.00623176840171915,0.938544114440251,0.99988016650531
"ENSG00000050748",0.0148570119025254,4.99792833709872,0.00619902783504009,0.938705230439251,0.99988016650531
"ENSG00000297426",0.0236631236428989,2.90952375261494,0.00619555863168161,0.93872243529851,0.99988016650531
"ENSG00000234004",-0.01402391647178,7.06208215252705,0.00619057007899716,0.938746951061998,0.99988016650531
"ENSG00000156709",0.0138245246386951,4.90006108448847,0.00617550819595699,0.938821358219648,0.99988016650531
"ENSG00000198848",-0.0308777767462662,7.09190009292793,0.00609924544704053,0.939199427725369,0.99988016650531
"ENSG00000163001",0.0169014357057171,3.48319007248361,0.00609413030134805,0.939224926334321,0.99988016650531
"ENSG00000143398",-0.0280436782531874,2.29908180402672,0.00607916924207003,0.939299557790153,0.99988016650531
"ENSG00000136144",-0.01912475034041,3.5672938840953,0.00607157433454476,0.939337247262614,0.99988016650531
"ENSG00000050820",0.0171526310452311,4.55026735927957,0.00606121566241549,0.939388876436404,0.99988016650531
"ENSG00000114023",0.0139727557646636,5.45587766675879,0.0060545573840164,0.939422083311624,0.99988016650531
"ENSG00000185670",0.02568079470956,2.283811232572,0.00604834863883435,0.939453315943734,0.99988016650531
"ENSG00000187531",0.0159831817891309,4.39884800812076,0.00604818138638739,0.939453941255684,0.99988016650531
"ENSG00000178074",0.0125436195410338,5.12379401427089,0.00604445470504827,0.939472537338631,0.99988016650531
"ENSG00000248152",-0.0416800965871769,0.855122327209014,0.00601270156583721,0.939634388827489,0.99988016650531
"ENSG00000167658",0.0142099232137555,9.27847835127399,0.00601181632152528,0.939635809781091,0.99988016650531
"ENSG00000104783",0.0154065985873237,6.13229480266268,0.0060023981342737,0.939683009109906,0.99988016650531
"ENSG00000162980",0.0131977517889124,5.63885383144708,0.00599944750847824,0.939697804489749,0.99988016650531
"ENSG00000293217",0.0185903993282038,3.37988136278502,0.0059961977898862,0.939714167511583,0.99988016650531
"ENSG00000094880",0.0118860269642272,5.19142563453154,0.0059876810732808,0.939756844453947,0.99988016650531
"ENSG00000140836",0.0167635961620731,4.93034612518266,0.00598568841333018,0.939766851967718,0.99988016650531
"ENSG00000162144",0.014131005120026,6.84631613299668,0.00596135629598344,0.939889124090592,0.99988016650531
"ENSG00000213719",0.0145511321950146,8.72377518945507,0.00594951450412756,0.939948726967722,0.99988016650531
"ENSG00000113916",0.015805444532376,5.5780257730075,0.00593894495790378,0.940001978128721,0.99988016650531
"ENSG00000224730",-0.0360691519397617,0.891918187051539,0.0059259537587649,0.940069143058615,0.99988016650531
"ENSG00000230479",-0.0323243477000015,1.2019252864417,0.00591259006653687,0.940135909751249,0.99988016650531
"ENSG00000289923",-0.0297078794675366,3.00926977813915,0.00590165262474952,0.940190326768342,0.99988016650531
"ENSG00000166716",0.0126105293520142,4.70224154267278,0.00589733167505494,0.940212112633111,0.99988016650531
"ENSG00000123124",0.0124681098914449,5.63421193855742,0.00587016528273087,0.940349665111193,0.99988016650531
"ENSG00000150787",-0.0179315745577532,4.43774255947397,0.00584147809608164,0.940495308442953,0.99988016650531
"ENSG00000136295",-0.0116276040144122,7.53546244408087,0.0058178032613041,0.940615734855623,0.99988016650531
"ENSG00000112514",0.0192841357754715,6.70228449975617,0.0058147544084439,0.940631264559394,0.99988016650531
"ENSG00000142864",0.0117688280253414,8.90479044715871,0.00581294416828519,0.94064048663175,0.99988016650531
"ENSG00000149269",0.0143967404871156,6.91864842325841,0.00578790379555139,0.940768205956747,0.99988016650531
"ENSG00000100030",0.0109862003520849,6.34049906182514,0.00578758948855055,0.940769811114844,0.99988016650531
"ENSG00000196220",0.0241555720447949,3.04914895838684,0.00576927134192642,0.940863516148826,0.99988016650531
"ENSG00000128595",0.0118453108884604,6.46567351659284,0.00576346527261763,0.940893123889831,0.99988016650531
"ENSG00000074695",-0.0111112618831241,6.86035226265651,0.00576152120552408,0.940903072260801,0.99988016650531
"ENSG00000272975",-0.0546422929219482,0.542196490076574,0.00575653783207217,0.940932053640725,0.99988016650531
"ENSG00000123416",-0.0137398235072929,9.74636403104456,0.00575461142279012,0.940938445759641,0.99988016650531
"ENSG00000257270",0.0902906080937364,-0.148575137246789,0.00573676705787493,0.940942392671747,0.99988016650531
"ENSG00000138688",0.0146627367215412,5.57852343086759,0.00574848318258131,0.940969837730358,0.99988016650531
"ENSG00000085511",0.0122269172323247,5.31097591325793,0.00574425229219714,0.94099152009858,0.99988016650531
"ENSG00000298790",0.02535938517821,3.36338742651931,0.00569757010727917,0.941231335523192,0.99988016650531
"ENSG00000156787",-0.012332448507817,4.55031470628649,0.00567922861921209,0.941325776487869,0.99988016650531
"ENSG00000229388",-0.0539695798525716,0.225901488240739,0.00567861569171019,0.941335802075136,0.99988016650531
"ENSG00000232445",0.0340301504385564,1.65075146160172,0.00566564523066299,0.941396428559101,0.99988016650531
"ENSG00000289061",0.0412060779708136,0.0992695782749925,0.00565952513589964,0.941438762761145,0.99988016650531
"ENSG00000073756",0.0193985183066572,3.51941910246722,0.00564378013047021,0.941508825092142,0.99988016650531
"ENSG00000151240",0.0463327232943302,0.614137891596903,0.00564151883206987,0.941523694535079,0.99988016650531
"ENSG00000128346",-0.0304554212210769,1.65067536433498,0.00564053400445074,0.941526080301291,0.99988016650531
"ENSG00000246263",-0.0343345236032876,1.86494233488493,0.00562691979862076,0.941596472809703,0.99988016650531
"ENSG00000100121",0.029412745629903,1.55639180479742,0.00561964417505354,0.941634291686917,0.99988016650531
"ENSG00000165338",-0.0260668945314934,2.8087011448804,0.00561757003693616,0.941644583489998,0.99988016650531
"ENSG00000273783",-0.033694017251858,1.19958144079595,0.00560692081312356,0.941700781476396,0.99988016650531
"ENSG00000132466",-0.0120897624886885,7.90857230434351,0.00560420296236035,0.941713806548877,0.99988016650531
"ENSG00000232160",0.0160118202027723,4.24427090658689,0.00558108991728782,0.941833902047047,0.99988016650531
"ENSG00000176619",0.013511689493622,6.70543616694937,0.00555081464265315,0.941991538239785,0.99988016650531
"ENSG00000296847",0.0680619098245178,0.0412297385260032,0.0055248894249972,0.942136339827563,0.99988016650531
"ENSG00000084207",-0.014227418298008,8.91810740881132,0.00549853261841204,0.94226481963392,0.99988016650531
"ENSG00000166428",-0.0276569219790103,5.02037697697352,0.00549319676373635,0.942292807105917,0.99988016650531
"ENSG00000250067",0.0283525762387196,2.34948635722785,0.00549015005995104,0.942308961586615,0.99988016650531
"ENSG00000180329",-0.020938951456795,4.84264247874625,0.00546459767227515,0.94244291635025,0.99988016650531
"ENSG00000173230",0.0168119363682385,5.97780231442483,0.00546087732154569,0.942462457720089,0.99988016650531
"ENSG00000203326",-0.0182033745966121,3.0841907380252,0.00545952207859966,0.942469658843873,0.99988016650531
"ENSG00000235459",0.0168591447493518,3.55390804112297,0.00544330339597865,0.942554981701364,0.99988016650531
"ENSG00000242902",0.0739601749858373,-0.251498053114835,0.00542655876191436,0.942577227458448,0.99988016650531
"ENSG00000269481",0.0554534718116579,0.812249423716915,0.00543527030802408,0.942599890453157,0.99988016650531
"ENSG00000138107",0.0117021499682817,5.66108504834352,0.00541717939938906,0.942692672109773,0.99988016650531
"ENSG00000288700",-0.0418666363215372,0.207769199886709,0.0054138323030852,0.942719119558854,0.99988016650531
"ENSG00000174564",0.0244855168202819,2.80116471006058,0.00539309222383465,0.942820073670969,0.99988016650531
"ENSG00000267980",0.0596886980594946,-0.0476649421690215,0.00539182574227451,0.942830337650343,0.99988016650531
"ENSG00000078114",-0.0220434116417308,4.12793374218285,0.00538041434894697,0.942887108484773,0.99988016650531
"ENSG00000156735",0.0139049634026038,5.0360011312298,0.00536985567426271,0.942943051826039,0.99988016650531
"ENSG00000088538",0.0367796005569256,1.40009949992934,0.00536807401198923,0.942953240283365,0.99988016650531
"ENSG00000159445",0.0129830480800211,4.53219655930046,0.00536096279938421,0.942990235913378,0.99988016650531
"ENSG00000289496",0.0569137723211282,0.53936923589177,0.0053610974649733,0.942993899395643,0.99988016650531
"ENSG00000170234",-0.0130752680318014,5.5722556200214,0.00535356258726445,0.94302950109921,0.99988016650531
"ENSG00000225249",0.0449003321454644,0.313639811402899,0.00533488504596897,0.94313489534733,0.99988016650531
"ENSG00000060971",-0.0147472045340085,4.2803782396556,0.00532942152463327,0.943157868622942,0.99988016650531
"ENSG00000196792",0.0118540884041367,6.34728383150978,0.00532332698527392,0.943190292825456,0.99988016650531
"ENSG00000164941",-0.0123660798257459,5.86695348541672,0.00532035962271388,0.943206098404248,0.99988016650531
"ENSG00000230358",0.0511791599800799,1.1213951123644,0.00531818742229533,0.943218947266355,0.99988016650531
"ENSG00000144959",-0.0145568183008825,4.61536541197186,0.00531117937109592,0.943255041484126,0.99988016650531
"ENSG00000169627",-0.014143134620529,5.72399239720366,0.00531106585035231,0.943255629062524,0.99988016650531
"ENSG00000136371",-0.0351623013448877,1.10542991863556,0.00530016679457533,0.943314868270126,0.99988016650531
"ENSG00000106714",-0.0207375458527577,3.01772949332685,0.0052963849255555,0.94333405922474,0.99988016650531
"ENSG00000181104",-0.042805852997069,1.330498554401,0.00529047446752258,0.943366457405537,0.99988016650531
"ENSG00000132549",0.0128510632285116,8.01202651205657,0.00527240142856086,0.943462155785673,0.99988016650531
"ENSG00000106853",0.0139614486355566,5.6111929837208,0.00526508006129005,0.943501350106425,0.99988016650531
"ENSG00000123395",0.0198326393722063,3.23246022848303,0.0052453734829766,0.943607049247221,0.99988016650531
"ENSG00000249825",-0.0548335523968522,0.025953883885299,0.0052443886743637,0.943623696246318,0.99988016650531
"ENSG00000042832",-0.0221592271090499,4.26962084546054,0.00524068208067011,0.943632177613381,0.99988016650531
"ENSG00000104884",-0.0139743432347431,4.7768253364253,0.00521784347196922,0.943754899149106,0.99988016650531
"ENSG00000119986",-0.0365669258336749,1.35546990572926,0.00521530365849001,0.943769316515849,0.99988016650531
"ENSG00000132405",-0.0127984809856623,6.71054861545514,0.00521333276477241,0.943779150384383,0.99988016650531
"ENSG00000131015",-0.0247798555880985,2.07420636121561,0.0052008506362104,0.943846607861183,0.99988016650531
"ENSG00000198408",-0.0154784822090934,6.2137282055207,0.0051937267594262,0.943884765947896,0.99988016650531
"ENSG00000259953",0.0231189692348201,3.13240072097752,0.00519252236422015,0.943891331547471,0.99988016650531
"ENSG00000166359",-0.0372410700914185,1.07332255189043,0.00515510004740007,0.944094567777983,0.99988016650531
"ENSG00000242951",-0.043861753266139,0.440910966181253,0.00513887713807118,0.944187331944141,0.99988016650531
"ENSG00000023572",0.012575727689324,4.9410662461435,0.00512694486245794,0.944246036003151,0.99988016650531
"ENSG00000062650",0.0125279991398554,6.84236866696988,0.00511615388878507,0.944304620450192,0.99988016650531
"ENSG00000296591",-0.0338729260361032,0.802940913155017,0.00509585236251462,0.944417111513251,0.99988016650531
"ENSG00000058866",-0.0255913620042109,3.49838205388775,0.00508601706139791,0.944468683229585,0.99988016650531
"ENSG00000268686",0.0365790701442857,2.18079508796064,0.00506608090200062,0.944577604978313,0.99988016650531
"ENSG00000135926",-0.0181078599866655,4.50422893877908,0.00505465436942596,0.944639779991488,0.99988016650531
"ENSG00000180104",-0.0116145130016589,5.40812160030769,0.0050527761038936,0.944650029052582,0.99988016650531
"ENSG00000134627",-0.012892906398801,4.83405512163167,0.00504791448302098,0.94467663056249,0.99988016650531
"ENSG00000198837",-0.0120000116479108,6.34784460888769,0.00504371110083965,0.944699609457884,0.99988016650531
"ENSG00000101310",0.0126605278713464,5.00744148644234,0.00503542164926918,0.94474499701229,0.99988016650531
"ENSG00000259052",-0.0694876543183741,-0.0465476528428065,0.00502981646365665,0.944776182221712,0.99988016650531
"ENSG00000007350",-0.0253058954697341,2.72101711657643,0.00502914128243249,0.944779505418683,0.99988016650531
"ENSG00000253408",-0.0578023903175789,0.0369904908575853,0.00502671756577931,0.944804637501271,0.99988016650531
"ENSG00000160226",0.0636306423012754,0.222643268085341,0.00502183262383759,0.944826932352012,0.99988016650531
"ENSG00000225470",0.0101501525243376,6.37520806710218,0.00501939686779275,0.944832819561878,0.99988016650531
"ENSG00000118096",-0.0249701241896031,3.20476188553255,0.00501113063800436,0.944878253494241,0.99988016650531
"ENSG00000304564",-0.0753341269534101,-0.00351269436066132,0.0050089248142472,0.944899824147569,0.99988016650531
"ENSG00000247095",-0.0250914342348953,2.38931516223479,0.00498987596998183,0.944995126798572,0.99988016650531
"ENSG00000215529",-0.0639701015298504,0.0221003832798573,0.00498928757623313,0.945007487580865,0.99988016650531
"ENSG00000131504",-0.0102873642594449,6.91107471384185,0.00498379188573119,0.945028474663561,0.99988016650531
"ENSG00000171045",0.0236709774186612,3.16093997157491,0.00497391199803949,0.945082966910985,0.99988016650531
"ENSG00000150625",0.0331200767441673,1.90633910962888,0.00495061076541881,0.945211985589946,0.99988016650531
"ENSG00000125966",-0.0327697661051005,2.32103753980793,0.00493540604959898,0.945295691789035,0.99988016650531
"ENSG00000280721",0.0385642018398194,1.95424164309225,0.00490574416958143,0.945460126463037,0.99988016650531
"ENSG00000309878",-0.0378885871119379,0.401212870656795,0.00490371615377124,0.945476026581422,0.99988016650531
"ENSG00000073969",0.0114703077082025,7.05571056347499,0.00489614971154939,0.945513097898389,0.99988016650531
"ENSG00000296331",0.0290205301459548,1.84356085383742,0.00489514592372168,0.945518990705934,0.99988016650531
"ENSG00000172062",-0.0111273366381606,5.73697248525319,0.00488987463912961,0.945547963907687,0.99988016650531
"ENSG00000095574",0.0226357012753342,3.14263933526396,0.00488247464467346,0.945589175471281,0.99988016650531
"ENSG00000307222",-0.0320695365958625,2.55421036379157,0.00488164296851026,0.945593862276352,0.99988016650531
"ENSG00000102753",-0.0107047083770586,6.33974938625387,0.00484262473984678,0.945811215189283,0.99988016650531
"ENSG00000013392",-0.0316877989647895,1.16887067914761,0.00484251969405221,0.945813069398338,0.99988016650531
"ENSG00000296050",-0.0258742440413487,2.72115507352838,0.00484230534191352,0.945813153503193,0.99988016650531
"ENSG00000287202",0.0400458732105735,0.303381823854693,0.00483119445364946,0.94588170643811,0.99988016650531
"ENSG00000234719",-0.0233480034885674,2.14653486954146,0.004819818738678,0.945938970233174,0.99988016650531
"ENSG00000197619",0.0294996502334749,1.86061297707484,0.00481532704178648,0.945964247429188,0.99988016650531
"ENSG00000044115",-0.0104769585237104,6.65187968537877,0.00480944348472318,0.945996856217019,0.99988016650531
"ENSG00000240859",0.0445115561716379,1.42122341559342,0.00480770696017326,0.946007253877193,0.99988016650531
"ENSG00000214212",0.0259041551754358,3.52348855802277,0.00480444695349458,0.946024907851507,0.99988016650531
"ENSG00000137817",0.0138152960413279,4.02992060085045,0.00479467430422759,0.946079718406517,0.99988016650531
"ENSG00000310074",0.0180161897636563,3.44502206244657,0.00477945101955058,0.946165255737053,0.99988016650531
"ENSG00000117481",-0.0109786709827631,5.71631942726632,0.00476611532148215,0.946240239566785,0.99988016650531
"ENSG00000272368",-0.0210350220359885,3.26484296240032,0.00474939359604716,0.946334531535181,0.99988016650531
"ENSG00000170027",-0.010221445698754,7.62290977941964,0.00474166977083033,0.946378044804394,0.99988016650531
"ENSG00000174606",-0.0141441444212765,3.99537329139042,0.00473682891463301,0.946405403250829,0.99988016650531
"ENSG00000124164",-0.014081869842057,4.84868922034444,0.0047108548162591,0.946552281858293,0.99988016650531
"ENSG00000197586",-0.0153906616266476,3.98003365009568,0.00470654602516263,0.946576702956436,0.99988016650531
"ENSG00000088367",-0.0381951351014458,1.28497497401308,0.00468453966347968,0.946702413241191,0.99988016650531
"ENSG00000205838",-0.0323393117797671,0.897179888911762,0.00466438834244085,0.946817535759102,0.99988016650531
"ENSG00000157020",-0.0145922478840554,6.69161973783452,0.00465640537208112,0.946861520010667,0.99988016650531
"ENSG00000135018",-0.0115600011122307,6.0307110242068,0.00465588556591103,0.946864481444357,0.99988016650531
"ENSG00000172578",-0.0235608133794764,3.10024534600988,0.00465002764527558,0.946897930610972,0.99988016650531
"ENSG00000213995",0.0142545091139157,3.6186216569073,0.00465000848013426,0.946898013163401,0.99988016650531
"ENSG00000231799",-0.0349138912072759,1.43411474933567,0.00463738227048602,0.946970942298332,0.99988016650531
"ENSG00000109680",0.0217760954902702,2.82478817543375,0.00461878116631919,0.947076365532014,0.99988016650531
"ENSG00000299747",-0.041600363067072,1.37701254869712,0.00460551148782435,0.947153149652174,0.99988016650531
"ENSG00000169122",-0.0156379366130407,3.76023941950243,0.00459298286980227,0.947224071632029,0.99988016650531
"ENSG00000259639",-0.0434392361290417,0.461331755519397,0.00457922967686872,0.94730945988454,0.99988016650531
"ENSG00000001629",0.0118359939498615,5.86031578973397,0.00457344174191859,0.947336239039577,0.99988016650531
"ENSG00000046889",-0.0548634674353255,0.70351378040516,0.00454793194192018,0.947486634017015,0.99988016650531
"ENSG00000196459",0.0166425884452086,3.58482645544316,0.0045450367680557,0.947499806804528,0.99988016650531
"ENSG00000168906",0.0100682980977327,6.66169218948801,0.00454022339710456,0.947527526252207,0.99988016650531
"ENSG00000115368",0.0101798037466944,5.4815093186686,0.00452670376350057,0.947605581559319,0.99988016650531
"ENSG00000108100",0.0104503640074705,7.15895321857492,0.00452344137155194,0.947624432758018,0.99988016650531
"ENSG00000309731",-0.0541898347165005,0.307393765004792,0.00452138594389363,0.947642855485589,0.99988016650531
"ENSG00000253431",-0.0462483506715445,0.247165392722928,0.00451176910930432,0.947701999813759,0.99988016650531
"ENSG00000287172",0.0194897070556353,4.51530720796057,0.00450157266224876,0.947751001622041,0.99988016650531
"ENSG00000242485",0.0117616065587322,7.31522199196966,0.00449822903882437,0.947770359832835,0.99988016650531
"ENSG00000203705",-0.0131508355710782,3.83027796038628,0.00449300527549419,0.947800676488866,0.99988016650531
"ENSG00000111665",-0.0145498600418603,3.64439144656485,0.00448241500835673,0.947862147335699,0.99988016650531
"ENSG00000236427",-0.0390563847955092,0.929569816298433,0.00448150640137483,0.94786855868227,0.99988016650531
"ENSG00000105953",0.0100037142665152,6.07686881813654,0.00448060836993304,0.947872591534847,0.99988016650531
"ENSG00000102683",-0.0454102123704214,0.53458068731183,0.00446689322767788,0.947955162641562,0.99988016650531
"ENSG00000136114",-0.0359880070045664,0.652660887756274,0.00446623935301062,0.947958999105795,0.99988016650531
"ENSG00000111249",0.0313867447303922,1.79535438004953,0.00446194108102737,0.947981618053993,0.99988016650531
"ENSG00000153933",0.0173160108166421,4.13777869170428,0.00445913915397126,0.947997447318972,0.99988016650531
"ENSG00000179750",-0.0180964416079853,3.22126236140009,0.00445345292157061,0.948030601452583,0.99988016650531
"ENSG00000166341",-0.0368902760711304,0.808710879768292,0.00444827508150919,0.948062439933358,0.99988016650531
"ENSG00000112038",0.0307386733047342,2.05762643608799,0.00444186678716568,0.948098332155765,0.99988016650531
"ENSG00000170390",0.0232556396912001,2.24418608029567,0.00441992549063165,0.948226429605493,0.99988016650531
"ENSG00000276291",0.0222538563127361,2.4733170287642,0.00441302663456687,0.948266733126765,0.99988016650531
"ENSG00000300726",-0.0379280548165625,0.340319372433825,0.00440301394729837,0.948330280041114,0.99988016650531
"ENSG00000187522",0.016599365213074,4.17774761756704,0.00438738137483095,0.948416890221844,0.99988016650531
"ENSG00000069431",0.0410172560786266,0.374558118563979,0.00438754674798893,0.94842254163771,0.99988016650531
"ENSG00000271550",-0.0600105441979614,0.454658890054059,0.00435309862575014,0.948515808321414,0.99988016650531
"ENSG00000197312",-0.0133509528759855,5.72087858517823,0.0043576470649278,0.948591682237345,0.99988016650531
"ENSG00000289606",0.0300264084977647,1.39953541947665,0.00434462850771281,0.948669029115142,0.99988016650531
"ENSG00000118898",-0.038708635845221,0.526685943677875,0.0043432386256659,0.948680783194122,0.99988016650531
"ENSG00000230383",0.0117391898735819,4.50138677869214,0.00433178658382167,0.948744228223627,0.99988016650531
"ENSG00000168026",-0.0376989153053993,0.683444263352562,0.00433037675007437,0.948754811205755,0.99988016650531
"ENSG00000136930",-0.00992394871020321,6.60829498936901,0.00432634517542446,0.948776360628682,0.99988016650531
"ENSG00000299250",0.0196490807800219,3.58936569387639,0.00431838824329646,0.948823452182883,0.99988016650531
"ENSG00000118496",-0.0147660069878859,3.87929807785218,0.0043173328126562,0.948829685409802,0.99988016650531
"ENSG00000166886",-0.0123543522972035,4.3498772913638,0.00431352216240258,0.948852229133956,0.99988016650531
"ENSG00000214719",-0.0322066437041965,1.30528672613081,0.00431264710214274,0.948858369175902,0.99988016650531
"ENSG00000290945",-0.0269774815754404,1.88481636000498,0.00431127937125696,0.948865828429752,0.99988016650531
"ENSG00000144589",-0.0152976857224909,3.62272450192261,0.00430561930964856,0.948899052050687,0.99988016650531
"ENSG00000253214",-0.0417449633561057,2.00993214699969,0.0043035785538301,0.948911340055131,0.99988016650531
"ENSG00000102900",-0.0110943283365005,6.52781714321023,0.00430223437751378,0.948919070834505,0.99988016650531
"ENSG00000141376",-0.0113591747932094,5.892835705852,0.00429669219122086,0.94895193183848,0.99988016650531
"ENSG00000146859",0.0340073733374297,1.36037692739613,0.00429555232772714,0.948959431931125,0.99988016650531
"ENSG00000164587",-0.0141339895679242,11.1927983976931,0.00428035920745348,0.949048896179633,0.99988016650531
"ENSG00000105810",0.0119471381070624,8.77952234379471,0.00426157811062877,0.949160625198628,0.99988016650531
"ENSG00000109771",-0.0399594061823019,0.483816523666237,0.00425892703489917,0.949179961313221,0.99988016650531
"ENSG00000308837",0.0582955168796709,-0.0521059888382433,0.00423169302034168,0.949350291333981,0.99988016650531
"ENSG00000140284",0.0163587978386624,3.13827104089547,0.00422447887143352,0.949382135932951,0.99988016650531
"ENSG00000118508",-0.0117363813321621,5.43587455905522,0.00420939836820135,0.949472349675423,0.99988016650531
"ENSG00000308339",0.0480197359206277,0.599787241952344,0.00419335339433772,0.9495719921179,0.99988016650531
"ENSG00000178105",-0.0113449067075343,6.1011800562865,0.00418779158154102,0.949601995906532,0.99988016650531
"ENSG00000004059",-0.0262904225861446,2.49343132990337,0.00418567465929888,0.949614870782285,0.99988016650531
"ENSG00000134504",0.024919705826828,2.20241956745494,0.00417899739574966,0.949655043657384,0.99988016650531
"ENSG00000259964",0.0102022977289976,6.13545960009637,0.00417213324208496,0.949696160912105,0.99988016650531
"ENSG00000168653",-0.0120731466962927,7.95712891319741,0.00417205004407845,0.949696661142363,0.99988016650531
"ENSG00000161016",-0.0137433539851826,10.8573753170753,0.0041695026707905,0.949711997224164,0.99988016650531
"ENSG00000276293",0.0116489945579263,4.7817510423661,0.00413584337492681,0.949915099580357,0.99988016650531
"ENSG00000100365",-0.0120327433317634,7.17882874553636,0.00413551036632999,0.949917095805594,0.99988016650531
"ENSG00000164171",-0.0333807286296562,1.9478885147712,0.00412469740863164,0.949982803491972,0.99988016650531
"ENSG00000139746",-0.0107753918701104,6.85871377601292,0.00411756501865577,0.950025713791393,0.99988016650531
"ENSG00000140400",0.0175168276972168,4.5592911949967,0.00411744590198124,0.950026453673149,0.99988016650531
"ENSG00000025796",-0.0101595069815188,7.18887512656345,0.00411173520171381,0.950061051033748,0.99988016650531
"ENSG00000304862",-0.0742747623049005,1.05596695426181,0.00410090719153478,0.950130192573057,0.99988016650531
"ENSG00000136870",-0.010836574291967,4.54691948948752,0.00409596044708605,0.950156813875835,0.99988016650531
"ENSG00000268797",-0.0246617804538871,2.3548904505417,0.00406235486421082,0.950361538289917,0.99988016650531
"ENSG00000143847",-0.0370099302332239,1.75661312002033,0.00405562241827371,0.950402883326873,0.99988016650531
"ENSG00000112902",-0.0391854660103587,1.05286543804789,0.00404855137816131,0.950446985184996,0.99988016650531
"ENSG00000235437",0.0122683660357426,5.12347143663929,0.00403935224070777,0.950501916067262,0.99988016650531
"ENSG00000302190",0.0539150374100851,0.26139607162412,0.00403805305992574,0.950515101822372,0.99988016650531
"ENSG00000185567",0.0267521073042069,2.03545408309712,0.00399842213904911,0.950753222740621,0.99988016650531
"ENSG00000303869",-0.0160747033439606,3.56303380598437,0.00399784821580886,0.950756529723539,0.99988016650531
"ENSG00000119596",-0.0104092198401497,5.88153441811554,0.00398877542450303,0.950812319424889,0.99988016650531
"ENSG00000138698",0.0116519632051854,6.41561856763672,0.0039814653445216,0.950857346414933,0.99988016650531
"ENSG00000126883",-0.00979366190461884,5.82926021390879,0.00397717241277412,0.950883809190397,0.99988016650531
"ENSG00000148835",0.0180213235621143,3.75781628886365,0.00396886472093983,0.950935093938252,0.99988016650531
"ENSG00000269893",0.0105042646469701,6.93585695553827,0.00395828833900939,0.951000383365756,0.99988016650531
"ENSG00000124575",-0.0201555260845648,2.26376853378274,0.00395827022907052,0.95100069480065,0.99988016650531
"ENSG00000263585",0.0953883111545403,-0.310070109044416,0.00393980130881271,0.9511271854255,0.99988016650531
"ENSG00000103051",0.0126724401947636,4.06279444839644,0.00393271518940119,0.951158719306465,0.99988016650531
"ENSG00000152422",-0.00980782977183393,5.50086093370507,0.00392543521131229,0.951203860367978,0.99988016650531
"ENSG00000248866",-0.0396407977503806,0.172653915138571,0.00391469240977422,0.951279027179321,0.99988016650531
"ENSG00000133678",-0.0175358102348441,3.29335202514889,0.00391184554096798,0.9512883358467,0.99988016650531
"ENSG00000297893",0.0259457558354584,2.75183087115215,0.00390878840344523,0.951307388799796,0.99988016650531
"ENSG00000109814",-0.0139438823203756,4.1019031752733,0.0039073629245777,0.951316176939452,0.99988016650531
"ENSG00000132768",0.0175109580907891,4.15067326017616,0.00389766154504113,0.951376565515397,0.99988016650531
"ENSG00000303938",-0.0405066134626291,0.481238953372163,0.00388320502907325,0.951470515031518,0.99988016650531
"ENSG00000115875",0.0107260311077819,7.78839742062762,0.00386710870185805,0.951567222628075,0.99988016650531
"ENSG00000129535",-0.0227413896885656,2.20026851910708,0.00386364449949544,0.951589083161995,0.99988016650531
"ENSG00000065057",-0.0160959600208506,3.8590308413147,0.00385928444361612,0.951616209213898,0.99988016650531
"ENSG00000283413",0.0259894381418413,1.00880431162439,0.00383286527873582,0.95178358231575,0.99988016650531
"ENSG00000258565",0.0331660377264619,1.52494795167291,0.00382771460562057,0.951814754072794,0.99988016650531
"ENSG00000108021",-0.00997114910781017,6.73878649529621,0.00382534138538596,0.951829119238693,0.99988016650531
"ENSG00000174365",0.0211036885602134,2.68106162910532,0.00382465653136726,0.951833529970001,0.99988016650531
"ENSG00000170959",0.0417287725337816,0.199379428142443,0.00382268827151746,0.95185293983487,0.99988016650531
"ENSG00000249700",0.0372929658179787,0.637814404390347,0.00381850906499452,0.951874561162001,0.99988016650531
"ENSG00000279320",-0.0229924556281466,1.67178710953682,0.00381643063888693,0.951885520425744,0.99988016650531
"ENSG00000041353",0.0314905461014096,0.960891944956563,0.00381091807558948,0.95192097778235,0.99988016650531
"ENSG00000144560",0.0110895035477902,5.55050229508296,0.00380229201455705,0.951974263144729,0.99988016650531
"ENSG00000143740",0.0167891001128896,4.40296451455793,0.00379827571280186,0.951999617194993,0.99988016650531
"ENSG00000063015",-0.0274695133547795,1.79083115551093,0.00379721792977594,0.952006684784086,0.99988016650531
"ENSG00000185920",-0.0300949336017634,1.47342222065368,0.0037929886137544,0.952033483646281,0.99988016650531
"ENSG00000239374",0.0359570198428172,0.668753919083626,0.00378886760461308,0.952062336065098,0.99988016650531
"ENSG00000139971",-0.016221072974339,3.1937928717236,0.00378700401303219,0.952070831166551,0.99988016650531
"ENSG00000297661",-0.0222436660106032,2.96573572410335,0.0037865927327456,0.952073445440402,0.99988016650531
"ENSG00000206337",0.0186035391998104,2.30363593424589,0.00378044917911184,0.952112368979025,0.99988016650531
"ENSG00000305530",0.0439604850856319,0.633580924335712,0.00376875128576199,0.952190013773989,0.99988016650531
"ENSG00000159593",0.00941191143010297,5.71838999346844,0.00375976997709384,0.95224319040246,0.99988016650531
"ENSG00000134152",0.0105527168521368,5.76503535461309,0.00374185749308701,0.95235693326413,0.99988016650531
"ENSG00000186056",-0.0334755378256794,0.937362654227908,0.00373812937005691,0.952382320325527,0.99988016650531
"ENSG00000164438",-0.0200842714365081,2.07098380673769,0.00373444884336121,0.952404269746546,0.99988016650531
"ENSG00000142784",-0.0130700208133222,4.44093972896505,0.00373427002458541,0.952405213026538,0.99988016650531
"ENSG00000286366",-0.0307611434286449,1.20445091885512,0.00372269374175535,0.952479722996988,0.99988016650531
"ENSG00000175147",-0.025367200053198,1.8972040668306,0.00372254764798929,0.952480104141691,0.99988016650531
"ENSG00000297650",0.0349033254423523,-0.00993700043745045,0.0036999649381372,0.952605048607062,0.99988016650531
"ENSG00000248664",-0.0259631955651778,2.59614999481901,0.00369228047599963,0.952673293469967,0.99988016650531
"ENSG00000180211",0.0187150981390412,2.30491695750394,0.0036904643302908,0.952684982959576,0.99988016650531
"ENSG00000120437",-0.0111949935025633,4.60609138617656,0.00368513203182282,0.952718967174033,0.99988016650531
"ENSG00000290904",0.022333201275534,1.96232934063325,0.0036815424510141,0.952742207075829,0.99988016650531
"ENSG00000166860",0.019229437022271,2.891747526467,0.00368129690000193,0.952743605934759,0.99988016650531
"ENSG00000081181",-0.0276899503124157,1.58266776147911,0.00367961914618087,0.95275471647235,0.99988016650531
"ENSG00000240376",0.00981050897908646,5.65121419195616,0.00367289413187528,0.952797418974868,0.99988016650531
"ENSG00000147592",0.0089724171248454,5.62224040784598,0.00367129111533645,0.952807706891813,0.99988016650531
"ENSG00000129055",-0.0127449308346253,4.75052735624543,0.00365621511954952,0.952904589127547,0.99988016650531
"ENSG00000241288",-0.0489908164759572,0.553416945474038,0.00365663758893164,0.952906084962961,0.99988016650531
"ENSG00000116017",0.00904374548278019,6.65759529344587,0.00365468162000224,0.952914437274129,0.99988016650531
"ENSG00000295506",0.0394042716981008,0.448572941466089,0.00363448993425261,0.953049914116662,0.99988016650531
"ENSG00000175348",-0.00873944607097134,5.69119158418417,0.00363198331052991,0.953060689943322,0.99988016650531
"ENSG00000106400",0.0159440942497011,5.91801395319021,0.00360935078517676,0.953206975338665,0.99988016650531
"ENSG00000296607",-0.0485270031600431,0.187567088324654,0.00359267458009571,0.953321689853631,0.99988016650531
"ENSG00000115364",0.00906031938109293,5.71881788368375,0.00357977536198842,0.953398832348515,0.99988016650531
"ENSG00000146376",-0.0155071887447174,5.62423388194521,0.00356685844455731,0.953482874580998,0.99988016650531
"ENSG00000225071",0.00977388321894306,5.73502190286949,0.00355740267365697,0.953544494035807,0.99988016650531
"ENSG00000133574",0.0313549343298164,1.97772816990681,0.00354966983684865,0.953595170145484,0.99988016650531
"ENSG00000180061",-0.0217816647188342,2.39537934312742,0.00354566967342263,0.953621194628889,0.99988016650531
"ENSG00000013619",-0.0146966270330603,3.11177098557439,0.00353420621903,0.953696058431073,0.99988016650531
"ENSG00000148730",-0.00912061123831757,6.9883132024191,0.00352310187429434,0.953768710874077,0.99988016650531
"ENSG00000164294",-0.0271265767382834,1.41400540533683,0.00352201902819587,0.953776466763049,0.99988016650531
"ENSG00000140104",0.0235764384537427,2.13712062340126,0.00350864509001937,0.953863748812598,0.99988016650531
"ENSG00000130479",0.0137857852283099,4.43100994566338,0.00350628784422818,0.953879039254407,0.99988016650531
"ENSG00000289047",-0.0154180556303836,3.23109594816781,0.0035061123975804,0.953880232310829,0.99988016650531
"ENSG00000121690",0.0210155083417978,2.13733947735259,0.00349362850747877,0.953962451549088,0.99988016650531
"ENSG00000203814",-0.012999127477908,3.84055691484057,0.00348475496046911,0.954020706536826,0.99988016650531
"ENSG00000115762",-0.00860125906434248,6.76257938374335,0.00348375543177222,0.954027264599066,0.99988016650531
"ENSG00000181513",-0.0187758650877215,2.59296464671415,0.00348000393803153,0.954052115275299,0.99988016650531
"ENSG00000236546",-0.0160355335383905,3.36881525420981,0.00346972560213759,0.954119855883055,0.99988016650531
"ENSG00000130638",0.00938878225157446,6.73001422164744,0.00345969636822149,0.9541860843081,0.99988016650531
"ENSG00000302067",-0.0264898874348582,1.35287337292067,0.00343630273755654,0.954341986672776,0.99988016650531
"ENSG00000145414",-0.0107367239126177,4.67139801949514,0.00343593183173049,0.954343520790663,0.99988016650531
"ENSG00000007001",-0.0536114391643608,0.163442237445899,0.00342859332740844,0.954398976739513,0.99988016650531
"ENSG00000120215",-0.0306906387405524,0.392530448521725,0.00341338692885816,0.954497652808632,0.99988016650531
"ENSG00000143147",0.0154718715495728,3.06694825815884,0.0034079720738721,0.954529474846662,0.99988016650531
"ENSG00000196656",0.00948204003446966,5.73059311999707,0.00340104956864305,0.954575565052067,0.99988016650531
"ENSG00000214760",0.0209999530149575,1.91608511300137,0.0033998701007933,0.954583742821553,0.99988016650531
"ENSG00000293329",-0.0103985223942059,5.02450843636845,0.00337714947072494,0.954735256928172,0.99988016650531
"ENSG00000063660",0.0266450313069157,2.08326317578073,0.00337556049015059,0.954746160086938,0.99988016650531
"ENSG00000013588",-0.0332169015400726,1.73027158694143,0.00336241608705634,0.954834390673571,0.99988016650531
"ENSG00000226983",-0.0339028510329797,1.24596172585993,0.00336162279469423,0.954840241360159,0.99988016650531
"ENSG00000302863",-0.0417934447341076,0.861427140753523,0.00333872989012186,0.954994893270228,0.99988016650531
"ENSG00000159256",0.00934692398937995,5.77900709248769,0.00333802127385359,0.9549979195007,0.99988016650531
"ENSG00000164305",0.0132063629352415,4.76960401297703,0.00333754289428191,0.955001155038026,0.99988016650531
"ENSG00000170627",-0.0143846909572608,6.17804809620913,0.00333360453164772,0.955027665481347,0.99988016650531
"ENSG00000103490",0.0116294640005126,6.94574429843337,0.00332857480266569,0.955061563766413,0.99988016650531
"ENSG00000163584",-0.0122849184732292,6.03562175881918,0.00332772863376815,0.955067269571678,0.99988016650531
"ENSG00000230124",0.00993934520558282,6.55058455315213,0.00331121714913481,0.955178746375386,0.99988016650531
"ENSG00000135299",-0.027414712942595,2.4580605255385,0.00330130246133977,0.955245940528508,0.99988016650531
"ENSG00000196867",0.029053637333705,1.10111537011459,0.00330098300122845,0.95524894927261,0.99988016650531
"ENSG00000062598",0.0125856521243789,3.37792919353955,0.00328277171268825,0.955371496692335,0.99988016650531
"ENSG00000171940",0.0136775571820518,6.24310361628344,0.00327266754329675,0.955440104668846,0.99988016650531
"ENSG00000100105",-0.0115569636595448,4.72589246036996,0.00326976531335341,0.955459856913573,0.99988016650531
"ENSG00000114942",-0.0106158557570078,8.82428626051125,0.00326170460575601,0.955514712464733,0.99988016650531
"ENSG00000070831",0.0461600577892837,0.296419538960886,0.00326157433470701,0.955521726074245,0.99988016650531
"ENSG00000185122",0.00831513249355679,6.12379373047862,0.00324977106062561,0.955596069770914,0.99988016650531
"ENSG00000310471",-0.0215915035418066,2.41454665091873,0.00324444450584758,0.955632531757699,0.99988016650531
"ENSG00000167522",-0.0102320748566515,7.62099940744006,0.00324208127339359,0.955648573811097,0.99988016650531
"ENSG00000142556",-0.0175369469286347,2.69759706969007,0.00323841422785077,0.95567372646993,0.99988016650531
"ENSG00000028310",-0.00871306348895052,5.6911288510613,0.00323730238333827,0.955681235555116,0.99988016650531
"ENSG00000158636",0.0124107371262522,5.20783334479469,0.00321594853016536,0.955827473772165,0.99988016650531
"ENSG00000276840",0.0260971660832994,0.781850734726331,0.00321087595484201,0.955863619177561,0.99988016650531
"ENSG00000178852",-0.0182928553047219,2.7343665153208,0.00320780297505972,0.955883467350076,0.99988016650531
"ENSG00000309976",-0.0181895470200853,3.36434962393098,0.00319749217632973,0.955954312253684,0.99988016650531
"ENSG00000126522",-0.021953683504827,2.46939914705791,0.00318316684889364,0.956053054345665,0.99988016650531
"ENSG00000163947",0.0100429796093287,4.65530042546529,0.0031806582214873,0.956070237528797,0.99988016650531
"ENSG00000124151",-0.00990347070640181,6.40504745403152,0.00317237629722896,0.956127386846833,0.99988016650531
"ENSG00000067704",-0.00914201624413132,6.03487352762599,0.00317195323562319,0.956130309230897,0.99988016650531
"ENSG00000224281",0.0366774559857767,1.12204359346506,0.00316773403886787,0.956161703277182,0.99988016650531
"ENSG00000153093",0.0305920090580935,0.755354142754271,0.0031597082770765,0.956217869736929,0.99988016650531
"ENSG00000233297",0.0204405515132455,1.77083662259208,0.00315554398853283,0.956244061645908,0.99988016650531
"ENSG00000147400",0.0131134927348,4.19224199742278,0.00314730377944865,0.956300921249549,0.99988016650531
"ENSG00000118181",-0.0107831184942275,10.3180264483268,0.00314574176471972,0.956311734847756,0.99988016650531
"ENSG00000116539",0.0105064686641291,8.56045072256157,0.00314313304560555,0.956329832890781,0.99988016650531
"ENSG00000151651",-0.0163794671129298,2.59074708651762,0.00313814027466859,0.95636459271467,0.99988016650531
"ENSG00000231721",-0.0095450383938162,6.82984050784779,0.00313386115271653,0.956394218002488,0.99988016650531
"ENSG00000170634",0.00941748756672375,5.43897306966171,0.00313219613976366,0.956405791198003,0.99988016650531
"ENSG00000091483",0.0092305203667687,5.58215025728579,0.00311850331875387,0.95650107595804,0.99988016650531
"ENSG00000188064",-0.0414616295385257,0.424311281386024,0.00310282415965269,0.95662085474183,0.99988016650531
"ENSG00000277149",0.0101017825515774,5.32787487982421,0.00309247195654172,0.956682802533206,0.99988016650531
"ENSG00000141456",-0.0124434612919084,4.25469686606648,0.0030914765902563,0.956689783211903,0.99988016650531
"ENSG00000136932",-0.0133854501742198,3.53442892321077,0.00308812738916789,0.956713241298491,0.99988016650531
"ENSG00000295510",-0.0424817988068756,0.639927327221308,0.00308040452167421,0.956770544129438,0.99988016650531
"ENSG00000289127",0.0341283979844823,0.504142629420112,0.00307113826005313,0.956839184113814,0.99988016650531
"ENSG00000173950",0.00872227662363919,5.47252531282013,0.00305556127557111,0.956941798221356,0.99988016650531
"ENSG00000289757",0.0266862134561863,1.10655568305757,0.0030539970412682,0.956953629444456,0.99988016650531
"ENSG00000167851",-0.0195019920886639,3.11146130578303,0.00304040305422399,0.957048671433815,0.99988016650531
"ENSG00000306644",0.0133246912848851,3.05670827511496,0.00303937848396505,0.95705590401446,0.99988016650531
"ENSG00000258867",-0.0326265526013333,0.157259484139375,0.00303034795635973,0.957124578461914,0.99988016650531
"ENSG00000256771",0.0122838197599296,3.92559502403243,0.00301698420915936,0.95721419326564,0.99988016650531
"ENSG00000133641",0.013724319177246,4.02865540212862,0.00301601509683856,0.957221057548557,0.99988016650531
"ENSG00000196935",-0.0127499940520681,3.75254642298003,0.00297305035000571,0.957526527319937,0.99988016650531
"ENSG00000005059",-0.0228343796182109,1.47284362591987,0.00296484634294129,0.957585530386044,0.99988016650531
"ENSG00000064666",0.0119319454030646,7.05814434443199,0.00295951057981869,0.957623220404928,0.99988016650531
"ENSG00000128918",0.025058184789987,3.99225066448145,0.00294487272653124,0.95772805616651,0.99988016650531
"ENSG00000100628",0.0513635254468555,1.6282500821769,0.00293854811727926,0.957773813421441,0.99988016650531
"ENSG00000210082",0.0113771116005004,13.8372042993446,0.00292874398682152,0.957843830464357,0.99988016650531
"ENSG00000064932",-0.00805309979867694,6.51121218336961,0.00292585889965796,0.957864577559405,0.99988016650531
"ENSG00000122741",0.00872236873928482,6.90327297332513,0.00290272882648078,0.95803127965048,0.99988016650531
"ENSG00000275734",0.0216635930860227,1.8597614949355,0.00288575513602273,0.958154360844052,0.99988016650531
"ENSG00000100124",-0.0113455321274762,4.37955478377398,0.00288333709393804,0.958171569935439,0.99988016650531
"ENSG00000305205",-0.0172974062235069,2.17192392883366,0.00288185182264843,0.958182484742707,0.99988016650531
"ENSG00000132938",-0.0401428097819043,0.237134096289922,0.00287870530976113,0.958211760867328,0.99988016650531
"ENSG00000234183",-0.0494317862553068,0.649953119454515,0.00287140567735785,0.958260709991273,0.99988016650531
"ENSG00000099800",0.0097248479552484,6.73248025242808,0.00286902671546949,0.958275373562857,0.99988016650531
"ENSG00000183873",0.0307639119272795,0.181800396017959,0.00286355928712841,0.958323479912688,0.99988016650531
"ENSG00000159917",0.0117662696127279,4.1107865538031,0.00285116506655777,0.958405340918572,0.99988016650531
"ENSG00000145592",0.0120635827276748,11.3148842001494,0.00285005434712939,0.958413417198249,0.99988016650531
"ENSG00000100591",-0.0086963338087118,6.96515078938797,0.00282843732191313,0.958571266812196,0.99988016650531
"ENSG00000297106",0.0366042994664974,0.272087583214161,0.00282786158392211,0.958584129237462,0.99988016650531
"ENSG00000308424",0.0210031078411759,1.42089816117811,0.00282265793211584,0.958613940949019,0.99988016650531
"ENSG00000295769",0.0290922389527458,0.265654609265372,0.00281797881565579,0.958653346100285,0.99988016650531
"ENSG00000177853",0.0118585016420368,6.36369827814131,0.00281580666108349,0.958663777361438,0.99988016650531
"ENSG00000165092",0.0260919087990144,0.801048170758953,0.00281445055522288,0.958675207659247,0.99988016650531
"ENSG00000046647",-0.0132261571118582,3.48536166720797,0.00281105707955139,0.958698657935205,0.99988016650531
"ENSG00000235652",-0.0279106389911386,2.16136217064826,0.00280048421095435,0.958776462234694,0.99988016650531
"ENSG00000183354",-0.00864801347138502,6.40582594770583,0.00279760907672746,0.958797428088199,0.99988016650531
"ENSG00000229153",0.0325945114394075,1.13916253556512,0.00279566976126121,0.958813200854662,0.99988016650531
"ENSG00000120539",0.011850998737213,5.43582174012955,0.00279477196377351,0.958818305138542,0.99988016650531
"ENSG00000107223",-0.00904846731802082,7.92674267625902,0.00279372515064876,0.958826009406897,0.99988016650531
"ENSG00000238184",0.0515004385828374,0.408512274561009,0.00278554083998001,0.958887430528146,0.99988016650531
"ENSG00000296329",0.0112405760739571,5.28484522044777,0.00277267428974384,0.958981270914525,0.99988016650531
"ENSG00000268223",0.0163596133471395,3.56627714063054,0.00276742761043163,0.959020092032676,0.99988016650531
"ENSG00000289623",0.0389441885832024,0.255522718879525,0.00276226572208857,0.959063774035041,0.99988016650531
"ENSG00000087263",-0.0082600646129415,5.38325806934259,0.00275235901100677,0.95913166700967,0.99988016650531
"ENSG00000136270",-0.008757705473847,4.78660292111613,0.00274875446310559,0.959158422502675,0.99988016650531
"ENSG00000257815",-0.0104315698793641,4.3479040609003,0.00273669837159091,0.959247999657876,0.99988016650531
"ENSG00000064419",0.00806047442193634,6.72850446544674,0.00272525334703125,0.959333201855202,0.99988016650531
"ENSG00000107758",0.00810943550801928,5.73472324473706,0.00271825457170461,0.95938540276904,0.99988016650531
"ENSG00000291043",0.0171739674558021,2.23261975734817,0.00271399093129951,0.959417378956641,0.99988016650531
"ENSG00000075415",-0.00889445105865773,8.28418264963539,0.00271391808705925,0.959417779523074,0.99988016650531
"ENSG00000285658",0.027599364803071,1.40822035123456,0.00269028074271368,0.959595211628108,0.99988016650531
"ENSG00000197858",0.00921529594751436,6.51935186526862,0.00268578377660952,0.959628472189076,0.99988016650531
"ENSG00000293064",-0.0100021041441908,4.29665220336236,0.00268101648083723,0.959664299812479,0.99988016650531
"ENSG00000161664",0.0319929995595041,1.02789286865068,0.00267573012201724,0.959705543753739,0.99988016650531
"ENSG00000100100",0.0376757323604977,0.23287562971794,0.0026564374017155,0.959854286734987,0.99988016650531
"ENSG00000157426",-0.0112606722297882,4.23524531141449,0.00265510332344701,0.959859513802654,0.99988016650531
"ENSG00000122574",-0.0162811733807614,2.24541891882957,0.00263877023129717,0.959983168572665,0.99988016650531
"ENSG00000233912",-0.018078006825962,3.31153099966498,0.00263101371847105,0.96004187283687,0.99988016650531
"ENSG00000132386",0.033682336874866,1.02045427482875,0.00263110524130609,0.960042028093797,0.99988016650531
"ENSG00000214784",-0.0095162910370473,5.80705365055172,0.00261190941358084,0.960187031726935,0.99988016650531
"ENSG00000117385",-0.00793884955996112,6.60568622751698,0.00260487601866212,0.960240620827681,0.99988016650531
"ENSG00000256116",0.0353296508364899,0.960488232107085,0.00259714012893481,0.960300755741573,0.99988016650531
"ENSG00000146677",-0.0121473055348112,4.97549935130602,0.00259151543705533,0.960342628193,0.99988016650531
"ENSG00000184752",-0.0105815415664811,6.3023575477927,0.0025895419319864,0.960357708407664,0.99988016650531
"ENSG00000107295",-0.0357888071145088,-0.0397802837057223,0.00258832641933937,0.960373722069562,0.99988016650531
"ENSG00000291109",-0.0207704641201285,6.05115779599583,0.00257690784664573,0.960454440869382,0.99988016650531
"ENSG00000132688",-0.0388702807352571,0.280250336507721,0.00256820556603705,0.960528006392851,0.99988016650531
"ENSG00000178297",0.0286717733383586,0.902826996052413,0.00255830386779822,0.96059862020285,0.99988016650531
"ENSG00000214413",0.0099244140448244,4.41645495504087,0.002550888127131,0.960654426362626,0.99988016650531
"ENSG00000075539",0.0087665853399076,6.67937687726754,0.00254645223649886,0.960688604832341,0.99988016650531
"ENSG00000011405",0.00854587595592862,5.44875413359131,0.00253918093051882,0.960744720020524,0.99988016650531
"ENSG00000291053",0.0524965016554031,0.303211030868478,0.00253446848715384,0.960766563443851,0.99988016650531
"ENSG00000185442",0.012721376088673,3.21501887904779,0.00253201747155501,0.960800127940125,0.99988016650531
"ENSG00000197217",0.00924377207320249,4.81969965993309,0.00252866754925719,0.960826005640685,0.99988016650531
"ENSG00000279026",-0.031815270565894,0.19699266199963,0.00252907324842955,0.960828816911616,0.99988016650531
"ENSG00000233016",-0.00800794397130217,6.62229300206982,0.00252285671654273,0.960870990917933,0.99988016650531
"ENSG00000255910",0.0207890112841948,1.7803385324499,0.00251739097344246,0.960913591486017,0.99988016650531
"ENSG00000162613",-0.00871128393216984,6.94828606783146,0.00249831055242094,0.961061634989376,0.99988016650531
"ENSG00000302298",-0.0179134690784281,2.53897474819297,0.00249650537256057,0.961075821900668,0.99988016650531
"ENSG00000171049",0.03004016556475,0.709997908189876,0.00249517651353846,0.961087217030842,0.99988016650531
"ENSG00000204899",0.010151683377691,5.44247661847353,0.00249267518602761,0.961105536965915,0.99988016650531
"ENSG00000302128",0.0402358123761719,0.384818883423335,0.00249207858616539,0.961113327876987,0.99988016650531
"ENSG00000104517",0.00943996688913583,7.8455614020114,0.00248765947570856,0.961144651320747,0.99988016650531
"ENSG00000299595",0.0239453545044055,0.812098585922279,0.0024794848406697,0.961209750982363,0.99988016650531
"ENSG00000181896",-0.0107933429827952,4.13292009128143,0.00246721870428231,0.961304488007907,0.99988016650531
"ENSG00000149187",0.00815484898070493,7.9641667257484,0.00246129924511473,0.961350877290524,0.99988016650531
"ENSG00000021574",-0.00924654514840526,4.56828249768719,0.00245931683159535,0.961366445047297,0.99988016650531
"ENSG00000152284",-0.0143950983688841,3.18383226799843,0.00245710096727486,0.96138387000288,0.99988016650531
"ENSG00000119431",-0.0204453613043235,2.60955438892037,0.00245683533025236,0.96138601489319,0.99988016650531
"ENSG00000164611",-0.00955492423914851,6.61121515547622,0.00244481918727959,0.961480370074284,0.99988016650531
"ENSG00000049883",-0.0136804156710124,3.35806481850644,0.0024445596362854,0.961482451361845,0.99988016650531
"ENSG00000268392",0.0310842653429809,0.858785804790555,0.00244408566220306,0.961487598765825,0.99988016650531
"ENSG00000284946",-0.0284018362713432,0.564667973269164,0.00243950331659661,0.961524911562083,0.99988016650531
"ENSG00000122965",0.0101131234358602,5.1826010252138,0.0024288399364299,0.961606347357544,0.99988016650531
"ENSG00000182310",-0.0116048299172131,3.89067112530612,0.00241497969439925,0.961715972343902,0.99988016650531
"ENSG00000183060",0.0181389680836699,2.13728059351895,0.00241433318318206,0.96172124508131,0.99988016650531
"ENSG00000123106",0.00829764413661454,7.0355697192582,0.00240594885122052,0.961787539209354,0.99988016650531
"ENSG00000269374",0.0236020581658846,1.2596413703072,0.00240596118832319,0.961787976898725,0.99988016650531
"ENSG00000063761",0.0140842347581869,3.02466400955806,0.00240207300507587,0.961818363763727,0.99988016650531
"ENSG00000173221",0.00992260172010683,5.34697429737169,0.00239976912636925,0.961836603676179,0.99988016650531
"ENSG00000114054",0.00808649892220194,5.17175969712867,0.00239464646751165,0.961877324763681,0.99988016650531
"ENSG00000303695",0.0230845922866001,1.44566570396978,0.00239178096476672,0.961900580142261,0.99988016650531
"ENSG00000126878",0.0472921899955764,0.111808200353538,0.00238336560881442,0.96197430277655,0.99988016650531
"ENSG00000151876",-0.00980894091152151,4.38024884835559,0.0023806298263034,0.96198897538724,0.99988016650531
"ENSG00000228889",0.0282920505103193,0.882331288690398,0.00237118967190352,0.962065856024918,0.99988016650531
"ENSG00000253250",-0.0114834373655136,3.27842080617207,0.00236866281907709,0.962084577195152,0.99988016650531
"ENSG00000115268",0.0110648468926855,10.2704593070949,0.00236496467189129,0.962114119530427,0.99988016650531
"ENSG00000178919",-0.0217738135142078,1.50382118533392,0.00236456018707843,0.962117771270441,0.99988016650531
"ENSG00000168938",0.00986862037271714,5.87513063562739,0.00236235561000941,0.962135006144089,0.99988016650531
"ENSG00000173614",0.0109182893591387,3.84229194500886,0.00234957928201512,0.962237472028857,0.99988016650531
"ENSG00000130312",0.00820301736434117,5.88226483596447,0.00234088299288828,0.962307338185656,0.99988016650531
"ENSG00000004864",0.00768806195295348,5.6294874523296,0.00233016942066755,0.962393618294266,0.99988016650531
"ENSG00000115275",-0.0086365195764117,4.70774433639712,0.00232830816319918,0.962408640331143,0.99988016650531
"ENSG00000160113",-0.010487565646653,4.59224537609478,0.00229582802791013,0.962671542549477,0.99988016650531
"ENSG00000295782",0.0226954011131662,1.73028781451296,0.00227846576933061,0.962813167239433,0.99988016650531
"ENSG00000288864",0.0371653061024407,0.0720857624430318,0.00227396070076028,0.962856889740115,0.99988016650531
"ENSG00000105171",-0.0115195829040862,4.90902722204033,0.0022452105673616,0.96308499235376,0.99988016650531
"ENSG00000233254",-0.0200537984015046,1.27556972641006,0.00223371224448037,0.96318024447714,0.99988016650531
"ENSG00000140993",0.0261485854692818,1.58851015802619,0.00222805196255669,0.963226562606811,0.99988016650531
"ENSG00000141446",-0.00875998899105268,5.0735231346779,0.00222156574558836,0.963279722178582,0.99988016650531
"ENSG00000288746",-0.0244241658020735,1.14191878900045,0.00221961576001675,0.963296747365961,0.99988016650531
"ENSG00000081913",0.00863524132299476,8.01232743482458,0.00220211741639986,0.963440674011361,0.99988016650531
"ENSG00000100433",-0.020108003061185,1.76546562113815,0.00219386355529311,0.963509731606236,0.99988016650531
"ENSG00000164961",-0.00820826768091921,5.65113357042291,0.00217946639237233,0.963629035613111,0.99988016650531
"ENSG00000109171",-0.00737087372647256,5.90447867367398,0.00217907396563929,0.963632307341114,0.99988016650531
"ENSG00000179862",-0.0131999026849144,7.5983908296246,0.00217248314585195,0.963687303702941,0.99988016650531
"ENSG00000173915",0.00877870880350824,7.95458558519332,0.00216329237776887,0.963764135455942,0.99988016650531
"ENSG00000114331",0.0080966625002186,8.0074950084492,0.00216093617900571,0.963783858829018,0.99988016650531
"ENSG00000079841",-0.0305019152193657,0.165798168908329,0.0021497789480186,0.963883773858721,0.99988016650531
"ENSG00000182512",-0.00903739585453416,6.00767333199586,0.00214845697996851,0.963888500977153,0.99988016650531
"ENSG00000167992",0.0332266173841966,0.0659227804552293,0.00214763809235099,0.96390161075625,0.99988016650531
"ENSG00000225535",0.0298369833296969,0.500485706384494,0.0021363911906036,0.963992122696197,0.99988016650531
"ENSG00000129646",-0.0233440589867551,1.00230964920274,0.00213111748074011,0.964035305870669,0.99988016650531
"ENSG00000107020",0.0082370670021392,5.81801349126729,0.00212922318033497,0.964050380321499,0.99988016650531
"ENSG00000168300",0.00850721256845744,4.80663935842982,0.00212605033981312,0.964077165853877,0.99988016650531
"ENSG00000226608",0.0148200750802621,2.97466258302691,0.00211687361545376,0.964154754685334,0.99988016650531
"ENSG00000135763",0.00847070655060563,4.2307861644283,0.00211630168958108,0.964159559023909,0.99988016650531
"ENSG00000196177",0.0129991188069737,2.98492551949222,0.00211575260402867,0.96416424995043,0.99988016650531
"ENSG00000131747",0.0073772494052934,6.61081453391773,0.00211560943207444,0.964165402042539,0.99988016650531
"ENSG00000235552",0.0129487728326426,3.42278386650888,0.00210672606952141,0.964240697067533,0.99988016650531
"ENSG00000234191",-0.0165838194233648,2.67877571700165,0.0020905609937595,0.964378077686129,0.99988016650531
"ENSG00000165637",0.00693862090200648,6.98988048558286,0.00208941681081179,0.964387750616986,0.99988016650531
"ENSG00000289485",-0.01167932178823,3.01236622906122,0.00208886580821743,0.964392491284436,0.99988016650531
"ENSG00000171161",0.00785782068548467,4.96666913574675,0.00208323332240607,0.964440452728207,0.99988016650531
"ENSG00000197043",0.00951590290062121,6.48788825076462,0.00207794736210664,0.964485554257136,0.99988016650531
"ENSG00000261671",-0.0341593675157026,0.0970850548673707,0.00207785179820934,0.96449521306796,0.99988016650531
"ENSG00000267890",0.0253132435434599,1.62288685178082,0.00207475459232334,0.964513152388535,0.99988016650531
"ENSG00000185008",-0.0103831068401902,6.27924876463109,0.00206864113512973,0.964565110448349,0.99988016650531
"ENSG00000103194",0.00730440414398905,6.43826314090544,0.00206484837549685,0.964597584903453,0.99988016650531
"ENSG00000205744",-0.00862243456129255,4.60868933282379,0.00205867354856775,0.964650531549944,0.99988016650531
"ENSG00000274512",0.0236742682000322,0.111659664845841,0.00205620607526234,0.964678186218221,0.99988016650531
"ENSG00000147050",0.0278244678531758,0.929594101313244,0.00205051338240153,0.964721621989309,0.99988016650531
"ENSG00000272686",-0.0216175696029544,0.945964034935082,0.00205017052030156,0.964724979766453,0.99988016650531
"ENSG00000140650",-0.00776268656191678,5.87004719923428,0.00203289367924521,0.96487238492941,0.99988016650531
"ENSG00000134369",-0.00944374145243784,4.33247476526205,0.00202206602290882,0.964966002603025,0.99988016650531
"ENSG00000185909",-0.0262014871489012,0.583322903170002,0.00201609983248268,0.965019259021554,0.99988016650531
"ENSG00000154127",-0.0072485209907618,6.01207967790562,0.00201361183474155,0.96503925031269,0.99988016650531
"ENSG00000255074",0.0281931253673209,0.362775315846341,0.00201066703525521,0.965068850244065,0.99988016650531
"ENSG00000246526",-0.0400012647374736,-0.112908579286107,0.00200836983198442,0.965092900878606,0.99988016650531
"ENSG00000149806",-0.00869305638812611,10.3973286510234,0.00200109683980781,0.965147983669914,0.99988016650531
"ENSG00000285838",-0.0120981854941847,3.72730886357555,0.00198345752855478,0.965301862279543,0.99988016650531
"ENSG00000269713",0.00856984899096701,4.31887339987487,0.00198150023400209,0.965318945160623,0.99988016650531
"ENSG00000298237",0.0224866569672929,1.31891971582556,0.00197360246940778,0.965388595827516,0.99988016650531
"ENSG00000151422",-0.00916665568855844,5.38160424456333,0.00197168855761315,0.965404841160654,0.99988016650531
"ENSG00000113070",0.0119486109077676,3.53707997779174,0.00195744939355566,0.965529924565334,0.99988016650531
"ENSG00000060688",0.00747169513111196,6.60722339825862,0.00195242877295641,0.965574099832553,0.99988016650531
"ENSG00000126768",-0.00941614372206375,5.81517023079371,0.00194563607562486,0.965633995544932,0.99988016650531
"ENSG00000006042",0.0372080583977594,0.327487478700207,0.00194425524490861,0.965650278103834,0.99988016650531
"ENSG00000128849",-0.0390445205499244,0.729002690805607,0.00193594220078044,0.965721749029779,0.99988016650531
"ENSG00000117724",-0.0100984906480806,6.18005919481192,0.00192847677114008,0.965785767258559,0.99988016650531
"ENSG00000293098",0.0185624462108819,4.97172623014053,0.00190719097986169,0.965974990820738,0.99988016650531
"ENSG00000261717",-0.0379808924020085,0.0698488434045166,0.00190618498297422,0.965991198807443,0.99988016650531
"ENSG00000125898",0.0182819801497443,2.12707592934626,0.0018997865404808,0.966041198545019,0.99988016650531
"ENSG00000153975",0.0102468068409762,4.31475030742923,0.00189514459354372,0.966082545903356,0.99988016650531
"ENSG00000168066",0.00699391756109704,7.12165094708462,0.00188649635313687,0.966159956664938,0.99988016650531
"ENSG00000309556",0.0233848406689495,0.169744806633152,0.00188362801322401,0.966190237715871,0.99988016650531
"ENSG00000233426",0.0110640193318531,3.02552989370555,0.00187632983118522,0.966251256086993,0.99988016650531
"ENSG00000132153",0.00675075540203404,5.7269441077198,0.00187178407370289,0.966292079833971,0.99988016650531
"ENSG00000159214",0.0216703133467912,1.86255027079457,0.0018619445560327,0.966380997880039,0.99988016650531
"ENSG00000166685",0.0121991851151327,3.18396896584914,0.00184989092839924,0.966489698058308,0.99988016650531
"ENSG00000118873",-0.00729800981648914,6.92145501551601,0.00184946075432711,0.966493550010787,0.99988016650531
"ENSG00000287775",0.0124480375947852,3.02999975501506,0.00184149943336579,0.966565743126726,0.99988016650531
"ENSG00000109911",0.00747523356371813,6.17503445712548,0.00184048469604343,0.966574903531218,0.99988016650531
"ENSG00000276900",0.0241267989298567,3.20145294495097,0.00183884831581094,0.966589792650878,0.99988016650531
"ENSG00000232346",-0.0161051715531974,1.67723189022477,0.00183512382981913,0.966623912837658,0.99988016650531
"ENSG00000181274",0.00852319639540985,4.75113428671824,0.00183452026885955,0.966629082610443,0.99988016650531
"ENSG00000133805",-0.0101210203797382,6.58340894973473,0.00182930944937919,0.966676466958236,0.99988016650531
"ENSG00000108064",0.00843254124987664,5.4478385373358,0.00181491325642227,0.966807763459055,0.99988016650531
"ENSG00000113272",-0.00934764937544051,4.07232004557477,0.00180498556118735,0.96689862590227,0.99988016650531
"ENSG00000150722",-0.047738289344064,0.268678708089608,0.00180485033327628,0.966906338445428,0.99988016650531
"ENSG00000131558",0.00745010782434973,7.61668340182898,0.00180217646850458,0.966924359884731,0.99988016650531
"ENSG00000129351",-0.00620998359529133,7.28855139729777,0.00180013717821228,0.966943066640015,0.99988016650531
"ENSG00000229119",0.00740969301671823,8.89000560225977,0.00179958228037164,0.966948158576081,0.99988016650531
"ENSG00000178623",-0.0100231992145412,4.86520999488598,0.00179922550760457,0.966951440436548,0.99988016650531
"ENSG00000142937",-0.00844941269002077,12.0331871151515,0.00179871754124498,0.966956095383755,0.99988016650531
"ENSG00000018408",-0.0166434986974799,2.96585409743738,0.00179145977527212,0.967022835548002,0.99988016650531
"ENSG00000180828",-0.0184835341034297,1.72695292081603,0.00178587284181996,0.967074447371098,0.99988016650531
"ENSG00000260236",-0.0252490920239624,0.563517791671275,0.0017736830989563,0.967189395243064,0.99988016650531
"ENSG00000304944",-0.0261098785642639,0.137090729215532,0.00177020867329765,0.967224844159377,0.99988016650531
"ENSG00000147403",-0.00890765611268163,8.79335694472337,0.00176499600350304,0.967267105768369,0.99988016650531
"ENSG00000302932",-0.00698035156029458,6.63545511054637,0.00174795325182574,0.967425422047064,0.99988016650531
"ENSG00000013275",0.00771959269249336,6.30034198810608,0.00174442469532502,0.967458296641755,0.99988016650531
"ENSG00000105732",-0.0129101967074881,2.97800454826188,0.00174193189560089,0.967481594918884,0.99988016650531
"ENSG00000173451",-0.024257226775885,0.664657084608424,0.00173912088059171,0.967509290963673,0.99988016650531
"ENSG00000238005",-0.0132363877362974,5.31857472359611,0.00171806066704644,0.967704984879955,0.99988016650531
"ENSG00000189050",-0.00932619635888039,3.73022699260947,0.00171679302124118,0.967716916708534,0.99988016650531
"ENSG00000256940",0.0145608361076603,2.04043016108159,0.00171572353171519,0.967727097293328,0.99988016650531
"ENSG00000230489",-0.00793695535585268,4.47278732231852,0.00171338707442246,0.967748923890122,0.99988016650531
"ENSG00000188529",0.00592891889726271,6.83699145295539,0.00170372452064492,0.967839923048273,0.99988016650531
"ENSG00000297079",-0.0126399475698427,2.91138665428996,0.00168969380908794,0.967972591463397,0.99988016650531
"ENSG00000305730",0.0225995301153783,0.564146153899743,0.00167769041096577,0.968088757580843,0.99988016650531
"ENSG00000302671",-0.0117587319861114,4.30902672619612,0.0016764836681,0.968097917468941,0.99988016650531
"ENSG00000175170",-0.0146743044825103,2.38523719376256,0.00165348189863195,0.968317489656022,0.99988016650531
"ENSG00000177854",-0.0208741048847472,1.52824323295552,0.00165245917268313,0.968327585433842,0.99988016650531
"ENSG00000180263",-0.0181744748305045,1.67556108008892,0.0016494932986766,0.968355850233266,0.99988016650531
"ENSG00000301450",0.0230439314269966,1.77645615830402,0.00163768146085928,0.968469300573252,0.99988016650531
"ENSG00000245556",0.0159619852895895,1.54911726970871,0.00163743657276557,0.968471672802497,0.99988016650531
"ENSG00000293628",0.0169014029073583,1.75406895615854,0.00163626284981046,0.968482922084504,0.99988016650531
"ENSG00000127452",0.00654013357006961,5.13182145346532,0.00163245172023356,0.968519386375419,0.99988016650531
"ENSG00000126458",0.0205520936164082,3.20457942834484,0.0016298525325424,0.968544473861347,0.99988016650531
"ENSG00000164597",-0.00701745222919894,6.514237771686,0.00162291192965364,0.968611449218804,0.99988016650531
"ENSG00000197442",0.00864750146036446,6.31754225594747,0.00161169948911092,0.968720002528541,0.99988016650531
"ENSG00000077935",0.0139072960218226,3.21921318488599,0.00159699293191634,0.968863001213072,0.99988016650531
"ENSG00000110108",0.00711305346465182,5.74634137360296,0.00158596677592572,0.968970573462526,0.99988016650531
"ENSG00000249846",0.0235504297868385,0.588603355176979,0.00158422253327239,0.968989488596676,0.99988016650531
"ENSG00000198855",0.0143387952639072,2.68075077374355,0.00158060080997273,0.969023151985164,0.99988016650531
"ENSG00000266947",0.017126269072632,1.13770377643587,0.00157347230858489,0.969093548402029,0.99988016650531
"ENSG00000066427",-0.00611639738640513,5.02169719351055,0.00157263426783282,0.969101201715007,0.99988016650531
"ENSG00000287293",0.0347410191427433,-0.0309687356082994,0.00157181687117932,0.969116611047492,0.99988016650531
"ENSG00000164167",0.00696449139211442,6.72436377332008,0.00156265494276814,0.969199334252847,0.99988016650531
"ENSG00000168661",0.0194601827551408,1.04030446935684,0.0015619532587612,0.96920689713309,0.99988016650531
"ENSG00000215386",-0.0175407030014671,1.33782107703317,0.00155917770230343,0.969234026143844,0.99988016650531
"ENSG00000290474",-0.0105845797578296,3.7944637555952,0.00155841083909254,0.969241186612481,0.99988016650531
"ENSG00000016864",0.00972837590120356,3.99436873776302,0.00155799679761611,0.969245266375548,0.99988016650531
"ENSG00000213121",0.0191252668543839,2.1210925318439,0.00155703917048638,0.96925486179904,0.99988016650531
"ENSG00000163818",-0.0118387857077707,2.44521501314348,0.00155686420594855,0.969256536102326,0.99988016650531
"ENSG00000250056",-0.024192152678757,1.01066148735259,0.00154654063809385,0.969359374111405,0.99988016650531
"ENSG00000272933",-0.0212504180984194,0.773727079116697,0.00153797833549963,0.969445088062214,0.99988016650531
"ENSG00000268412",0.0118236336817422,3.26271095640932,0.00152632506535876,0.969559311556007,0.99988016650531
"ENSG00000025800",0.0076722152879461,4.86283519820056,0.00152174207066491,0.969604995465675,0.99988016650531
"ENSG00000229308",-0.0264575718539514,1.0289476276437,0.0015160133497315,0.969663399405841,0.99988016650531
"ENSG00000213700",0.0123342820082143,2.50167601729496,0.00150797726327388,0.96974276390208,0.99988016650531
"ENSG00000101367",0.0056581316463748,7.25363471379616,0.00147128001198115,0.970112921750245,0.99988016650531
"ENSG00000302400",0.0189595573470556,1.6009720854204,0.00147045331514123,0.970121562323665,0.99988016650531
"ENSG00000164849",0.0107113744550435,2.70788475732255,0.00146998008077178,0.970126174575711,0.99988016650531
"ENSG00000198874",-0.00671907526657803,5.89262620348062,0.00146518474357939,0.970174861877626,0.99988016650531
"ENSG00000163864",-0.00853280688949873,3.71611462200534,0.00146321046040594,0.970194972498743,0.99988016650531
"ENSG00000310152",-0.0223899749096521,0.566183801456386,0.00145344388606238,0.970297503478467,0.99988016650531
"ENSG00000174437",0.00540136334825064,7.29154580059529,0.0014467824629799,0.970362651263964,0.99988016650531
"ENSG00000074527",-0.0331712841901396,0.229064803830763,0.00144581563113719,0.970377065529807,0.99988016650531
"ENSG00000196313",0.00588430309344435,6.48284753411578,0.00144083050330889,0.970423645111586,0.99988016650531
"ENSG00000257553",-0.0286342470054046,1.85006824220969,0.00143469651669447,0.970486960111574,0.99988016650531
"ENSG00000297437",-0.0260415323452237,0.455293788162176,0.00143074082752119,0.970530039330254,0.99988016650531
"ENSG00000149926",-0.0273370357904828,0.277476684851068,0.00142937299605817,0.970547186361378,0.99988016650531
"ENSG00000231373",0.0165032470347772,1.77602011700081,0.00142714235633457,0.970564607309206,0.99988016650531
"ENSG00000163161",0.0058226302646247,5.00835045030185,0.00142093947381422,0.970628406180728,0.99988016650531
"ENSG00000213261",0.0073670131240347,6.10565678215963,0.0014151698855553,0.97068806298663,0.99988016650531
"ENSG00000140006",-0.00752402206546701,4.42015760031581,0.00141019374902316,0.970739627257835,0.99988016650531
"ENSG00000023228",-0.00647913865472863,5.63582087510982,0.0014083872904985,0.970758354220105,0.99988016650531
"ENSG00000078140",-0.00529207485894117,7.70155852453367,0.00140705014230462,0.970772231059327,0.99988016650531
"ENSG00000161929",-0.0193254862990528,1.00497030370177,0.00139523085579027,0.970895964702291,0.99988016650531
"ENSG00000111481",0.00701363103846859,6.53668729895631,0.00139413103992464,0.970906652322817,0.99988016650531
"ENSG00000132002",-0.00677550725865163,5.30614228037703,0.00139306484495201,0.97091777457202,0.99988016650531
"ENSG00000257767",-0.0250275785137348,0.239496243800636,0.00138028000360305,0.971056470942881,0.99988016650531
"ENSG00000205581",0.00616609413686477,8.08268074496347,0.00137370998459746,0.971120408554944,0.99988016650531
"ENSG00000014257",-0.00919375933327431,4.78491428089656,0.00136875083205388,0.971172566011931,0.99988016650531
"ENSG00000256525",0.00861833933889066,4.21662341188728,0.00135999901696153,0.97126483380012,0.99988016650531
"ENSG00000169567",0.00656513325310104,8.38652586693754,0.00135276024082967,0.97134135905397,0.99988016650531
"ENSG00000106682",-0.00579338414475959,6.8115500594796,0.00135233122860718,0.971345901667993,0.99988016650531
"ENSG00000130827",0.00845171154999601,3.90292753716435,0.00135160693219028,0.971353586399406,0.99988016650531
"ENSG00000290898",0.0200600452345478,0.771418208903649,0.00134961996209968,0.97137593235572,0.99988016650531
"ENSG00000106105",-0.00551623889246137,7.0487778578341,0.00134094649103717,0.971466711055906,0.99988016650531
"ENSG00000307412",0.0100268407241433,2.9005741286741,0.00133463247938321,0.971533983175809,0.99988016650531
"ENSG00000111057",0.0184441674773321,4.4728800934281,0.00133227187490839,0.971559118613072,0.99988016650531
"ENSG00000176927",0.0112385226096022,2.82712523887888,0.00132854940930389,0.971598895669096,0.99988016650531
"ENSG00000283526",-0.0252313719972352,0.124598848947657,0.00132686056784866,0.971620588196656,0.99988016650531
"ENSG00000005100",0.0161804474050927,1.37814649639683,0.00132587174613562,0.971627889622335,0.99988016650531
"ENSG00000286145",-0.0115971308216322,3.5386715476665,0.00132254944104824,0.97166304787062,0.99988016650531
"ENSG00000154813",0.00676721691248912,4.81718767659027,0.0013124434951669,0.971771451910175,0.99988016650531
"ENSG00000205629",0.0063108873060199,4.49970353593443,0.00129929918540353,0.971913098472454,0.99988016650531
"ENSG00000257176",0.0122406476958577,2.72464284245619,0.00129615414035526,0.971947143066369,0.99988016650531
"ENSG00000026025",0.00636478955737144,9.46630151099495,0.00129234834339721,0.971988281457378,0.99988016650531
"ENSG00000169884",0.0292578794741839,0.323167638624693,0.00128737093032841,0.972045660619008,0.99988016650531
"ENSG00000165661",0.00751141178860295,4.12992804732898,0.0012860526108378,0.972056575414143,0.99988016650531
"ENSG00000171448",0.0114660378148785,2.56233781842342,0.00126959419439881,0.972235931789246,0.99988016650531
"ENSG00000129682",-0.0138303907676267,2.28235322031068,0.00125912782754675,0.972350575737327,0.99988016650531
"ENSG00000095261",0.0061080598778054,4.60758905058136,0.00125573923924203,0.972387709450332,0.99988016650531
"ENSG00000288084",-0.0211530611333815,0.41654435773142,0.00125513461678248,0.972396720422501,0.99988016650531
"ENSG00000177200",-0.00558148815258694,7.11157593599337,0.0012517736628234,0.972431313517279,0.99988016650531
"ENSG00000283117",0.0233815785801525,0.677908367045854,0.00125048855590744,0.972447258712251,0.99988016650531
"ENSG00000223803",0.00827506883784933,3.61718660688238,0.00124596767519262,0.972495315192172,0.99988016650531
"ENSG00000228414",-0.0190730004576082,0.836512171112881,0.0012454448206821,0.972501904830746,0.99988016650531
"ENSG00000204311",-0.0141183995734578,2.0621024627462,0.00124422801561184,0.972514628338919,0.99988016650531
"ENSG00000104915",0.0118562834646439,4.34956364131754,0.00124272902270289,0.972531057969235,0.99988016650531
"ENSG00000154447",-0.00720215772854375,4.49556650911223,0.00124176672237292,0.972541689542471,0.99988016650531
"ENSG00000157110",-0.0160429647704079,1.5062958783609,0.00124059993789639,0.972554943515644,0.99988016650531
"ENSG00000141026",-0.00992405283226342,2.69596817397968,0.00124054622512288,0.972555230879159,0.99988016650531
"ENSG00000205927",-0.00936932774345517,6.31523563727829,0.00124051791998199,0.972555483761805,0.99988016650531
"ENSG00000164830",0.00563220008142334,6.25404088011812,0.00123816655156823,0.972581494598692,0.99988016650531
"ENSG00000236039",-0.0250797028014496,0.0316189144389978,0.00123698537377166,0.97259980592415,0.99988016650531
"ENSG00000145734",0.00946088652206343,6.99103967280146,0.0012355551975257,0.972610410120751,0.99988016650531
"ENSG00000181751",-0.011370246274094,2.70661945729138,0.00123496786099826,0.972616984657306,0.99988016650531
"ENSG00000115841",0.00959309441970963,2.82654756786922,0.00123397263179594,0.972627994956308,0.99988016650531
"ENSG00000132676",-0.0050860219404859,7.79256170680913,0.00122971666840317,0.972675171403455,0.99988016650531
"ENSG00000170836",0.00748049535813856,3.59640641454405,0.00122938135838726,0.972678917649781,0.99988016650531
"ENSG00000241369",0.0254213325064211,0.207368122061736,0.00122870040234041,0.972690228192966,0.99988016650531
"ENSG00000124596",0.00649874019176133,4.52689754534306,0.00122661707446761,0.972709625068133,0.99988016650531
"ENSG00000125818",-0.00617874462866732,5.2589394797075,0.0012262134392383,0.972714104366333,0.99988016650531
"ENSG00000267571",-0.0211287590768634,0.562631363522639,0.00121810715002613,0.972807259726462,0.99988016650531
"ENSG00000295602",-0.00676357351782113,5.00581868380413,0.00121579395757806,0.972830231465941,0.99988016650531
"ENSG00000101440",0.0142984561592959,4.16729461728701,0.00121557452897298,0.972832690857084,0.99988016650531
"ENSG00000173020",0.00624109601277703,7.86215914827951,0.00121275582487707,0.972864180375313,0.99988016650531
"ENSG00000224429",0.0254910306262744,0.352436278817974,0.00119925554466035,0.973018552032084,0.99988016650531
"ENSG00000175213",-0.00953022421992625,2.99787159291986,0.00119567650239229,0.973055893251177,0.99988016650531
"ENSG00000170835",-0.0192614252958954,0.512183533676385,0.00119301125765358,0.973088935839643,0.99988016650531
"ENSG00000294376",0.0104744361582414,3.63353349908573,0.00119192941571332,0.973098106509007,0.99988016650531
"ENSG00000124107",0.0129002263412135,3.26863421168106,0.00119089445804437,0.973109834756676,0.99988016650531
"ENSG00000141552",0.00656186461671648,7.24309328398242,0.00118767493891771,0.973146120219704,0.99988016650531
"ENSG00000287086",0.0149428991432398,2.09331628605819,0.00118639315188293,0.973160723797783,0.99988016650531
"ENSG00000186448",-0.0079860770424561,3.67369205199372,0.00118598343441229,0.973165261531001,0.99988016650531
"ENSG00000224578",-0.00552841383706916,5.9097235444774,0.00118276084782843,0.973201709140943,0.99988016650531
"ENSG00000306342",-0.0279715368133825,0.4001708773735,0.00118025759155384,0.973231701047286,0.99988016650531
"ENSG00000298729",0.0195296133586411,1.03837550062672,0.00117178020427713,0.973327239679669,0.99988016650531
"ENSG00000187605",0.00596671225080612,6.50493313322342,0.00116847910904574,0.973363924444171,0.99988016650531
"ENSG00000287916",0.0128940930085819,2.37528803777348,0.00116125506654076,0.973446442294651,0.99988016650531
"ENSG00000232885",0.0290266641774608,0.0591703664448128,0.00115813452279939,0.973487091387515,0.99988016650531
"ENSG00000084623",0.0057907074984035,7.06114495387559,0.00115708945408334,0.973494003715967,0.99988016650531
"ENSG00000105662",0.00616746173265942,4.81802485177054,0.00115217546798207,0.973550330889314,0.99988016650531
"ENSG00000155252",-0.0106642273193672,2.96147626504193,0.00115088203617776,0.97356520443814,0.99988016650531
"ENSG00000118640",-0.00578583665758555,7.52187959917937,0.00114048336099501,0.973684813209419,0.99988016650531
"ENSG00000127533",0.0117186293878768,2.86535533209036,0.00113714922831781,0.973723328867315,0.99988016650531
"ENSG00000214870",-0.0237918324538414,0.507859098421828,0.00112989072943693,0.973810046419201,0.99988016650531
"ENSG00000226985",0.0245826143127303,0.145787321661425,0.00112690747812582,0.973846074267879,0.99988016650531
"ENSG00000184441",-0.0090963110248799,3.11494236158543,0.00112595997819801,0.973852866581978,0.99988016650531
"ENSG00000285329",0.0113714936225544,2.76983405107077,0.00110879202606969,0.974052906397798,0.99988016650531
"ENSG00000107815",0.00645750132264077,4.09636902194767,0.00110662843056514,0.974078186985915,0.99988016650531
"ENSG00000156973",0.0052834916621046,5.32394514175403,0.00110438017876372,0.974104510367143,0.99988016650531
"ENSG00000148841",-0.00702383189851224,3.58691189718527,0.00110173748483298,0.974135517369525,0.99988016650531
"ENSG00000101977",-0.0143117941107782,1.13584240889479,0.00109686070791134,0.974193169789337,0.99988016650531
"ENSG00000175582",-0.00457959317065275,6.57887860246405,0.00108930920154868,0.974281738014862,0.99988016650531
"ENSG00000122565",-0.00524637614694465,7.28486124908286,0.00108875920880335,0.97428822875438,0.99988016650531
"ENSG00000220008",-0.0153170799852343,2.42721899052914,0.00108644241470699,0.974315668355638,0.99988016650531
"ENSG00000163660",-0.0065640956005496,7.15665239445828,0.00107905376937632,0.974403040203935,0.99988016650531
"ENSG00000167840",0.0179466536929204,1.01639643561601,0.00107884355198381,0.974406107658663,0.99988016650531
"ENSG00000213445",0.0050730653965405,5.43098430557423,0.0010749939087783,0.974451220713931,0.99988016650531
"ENSG00000298796",0.0231450513028839,0.173369544277581,0.00107227543090237,0.974488026925428,0.99988016650531
"ENSG00000211456",-0.00579268623327462,5.24202852884776,0.00106240180237256,0.974601238260356,0.99988016650531
"ENSG00000148803",-0.00637089386293129,5.57612996988907,0.00105314814663821,0.974712050464095,0.99988016650531
"ENSG00000286180",-0.0169529359140382,0.338205067867655,0.00104570450246815,0.974804145268374,0.99988016650531
"ENSG00000168763",0.00867440273541154,2.81215745236981,0.00104473507394804,0.974813279027941,0.99988016650531
"ENSG00000149483",-0.00535841970571042,6.62953559411332,0.00104188985122644,0.974847527202099,0.99988016650531
"ENSG00000084112",0.00584430846116035,6.7672808948596,0.00104156820045459,0.97485140851426,0.99988016650531
"ENSG00000254662",-0.0182479527187716,1.75190242050872,0.00103672111312132,0.974910173259633,0.99988016650531
"ENSG00000118200",0.00715521619946826,4.39748621057948,0.00103489033955002,0.974932135101999,0.99988016650531
"ENSG00000197381",0.0085975457705883,2.75328060565973,0.00103433048842116,0.974938950006528,0.99988016650531
"ENSG00000288067",0.0189416978545692,0.0943848212246307,0.00102866246669325,0.97501173517625,0.99988016650531
"ENSG00000178307",0.00646888641137908,4.23083209372893,0.00102771287560595,0.975019184137036,0.99988016650531
"ENSG00000304023",0.0147357064685663,1.34900175408523,0.00101994874878177,0.975114057740382,0.99988016650531
"ENSG00000136141",-0.00524673246570748,5.93591851168778,0.001018666246658,0.975129324729103,0.99988016650531
"ENSG00000146963",-0.00536896893609587,5.03568664055536,0.00101741488493976,0.97514460419529,0.99988016650531
"ENSG00000174943",0.00530253057016513,4.42577869121226,0.00100882289348295,0.97524974368616,0.99988016650531
"ENSG00000140332",-0.00641758414950445,4.69077996051899,0.00100430054481466,0.975305259889861,0.99988016650531
"ENSG00000295625",0.0155515701141451,1.16794069708739,0.00100265775444234,0.975325855061247,0.99988016650531
"ENSG00000138050",0.0058651834132027,5.22873315679403,0.00099694852954212,0.975395774634323,0.99988016650531
"ENSG00000116819",-0.0163637292339581,1.92902103554691,0.00099505110608889,0.975419333178735,0.99988016650531
"ENSG00000058091",-0.00692087586287164,5.14352363135097,0.000989986979977862,0.97548179797296,0.99988016650531
"ENSG00000197728",0.00559352530906473,8.82479418941793,0.000977212251730601,0.97564044455041,0.99988016650531
"ENSG00000287306",-0.0169889054387515,1.65442263418862,0.000960119049055773,0.975854522280392,0.99988016650531
"ENSG00000106689",0.0077092147476704,3.88694838332919,0.000959269424174001,0.975865050680692,0.99988016650531
"ENSG00000163468",0.00515009109423425,8.44356921893494,0.000950956383107933,0.975969805597039,0.99988016650531
"ENSG00000168566",-0.00910760596572737,3.12290257462938,0.00094937142206867,0.975989863838129,0.99988016650531
"ENSG00000090273",-0.00442235261285222,6.17719004874005,0.000948097377341755,0.976005943365933,0.99988016650531
"ENSG00000128311",-0.00626908409522754,4.31289741865846,0.000947113796156753,0.976018398953151,0.99988016650531
"ENSG00000254531",0.0127344640342832,1.5521578869998,0.000930336997501718,0.976231936717703,0.99988016650531
"ENSG00000257452",-0.0134246515792421,3.15229692367231,0.000926719255518109,0.976277937693071,0.99988016650531
"ENSG00000111348",0.00551027879365263,8.53584023978067,0.000924783056311052,0.976302693295511,0.99988016650531
"ENSG00000233328",0.00828253365572311,3.66052303389198,0.000918901330884961,0.97637816501332,0.99988016650531
"ENSG00000164983",-0.00568887249617398,4.80123858519875,0.000916521709137072,0.976408750537665,0.99988016650531
"ENSG00000162105",0.0184972729842037,0.520707002838829,0.000909088591646535,0.976506348953473,0.99988016650531
"ENSG00000116213",-0.00645127475524471,4.2314353899837,0.000905833255086542,0.976546670871314,0.99988016650531
"ENSG00000266983",0.0112279630810686,1.64032254669926,0.000901385049983982,0.976604578281919,0.99988016650531
"ENSG00000185009",-0.00467903382297607,5.53402151640411,0.000900589291692393,0.976614624303175,0.99988016650531
"ENSG00000154608",0.01073582699172,4.03299152909502,0.000895090601377535,0.976686112518884,0.99988016650531
"ENSG00000175595",0.00686342974007348,4.17413176196228,0.000886752381193918,0.976794920092197,0.99988016650531
"ENSG00000295828",-0.0102543751019016,2.09221269091645,0.000882191029088139,0.9768547661134,0.99988016650531
"ENSG00000169813",-0.00462070935978968,8.0538446253049,0.000870881658664001,0.977003438894498,0.99988016650531
"ENSG00000169203",0.00513566233927874,4.437288393411,0.000856077981691892,0.977199677170157,0.99988016650531
"ENSG00000254003",-0.0143258877089002,1.1164845662669,0.000855379990807333,0.97720946955997,0.99988016650531
"ENSG00000125447",0.00499317216616095,4.87386438430428,0.000855169364355904,0.977211774759102,0.99988016650531
"ENSG00000165698",0.014953476318014,0.605784404318583,0.000843765381999937,0.977365856579231,0.99988016650531
"ENSG00000307376",-0.0199137605993707,0.46511738146041,0.0008429770949247,0.977377848210994,0.99988016650531
"ENSG00000153094",-0.00610853575059163,4.45903449472672,0.000839655151522106,0.977419367336703,0.99988016650531
"ENSG00000145715",0.00481357239301714,5.48400653757232,0.000837296794552628,0.977451083052428,0.99988016650531
"ENSG00000164144",0.00460909376150507,5.0783062613853,0.000833102571971245,0.977507613756888,0.99988016650531
"ENSG00000173418",-0.00424135856378345,5.70509026462421,0.000831779925716163,0.977525469460149,0.99988016650531
"ENSG00000137692",-0.00409640906440517,6.48882679575535,0.000820594687211432,0.977677046550957,0.99988016650531
"ENSG00000204387",-0.00456864489397109,7.95643448169887,0.000820194064429014,0.977682494599229,0.99988016650531
"ENSG00000179918",0.00457076709909363,7.12059492033868,0.000819351167514102,0.977693961785929,0.99988016650531
"ENSG00000059122",-0.00610645936303502,3.76151553849455,0.000817050080066526,0.977725311476046,0.99988016650531
"ENSG00000121691",0.00609761207065853,6.68818555626993,0.000816775881922323,0.977729034012617,0.99988016650531
"ENSG00000105135",-0.00942929961762275,2.60948513693904,0.000809980536365643,0.977821914125326,0.99988016650531
"ENSG00000239828",-0.026444058208955,-0.0958586468310728,0.00079941398976536,0.977971432041625,0.99988016650531
"ENSG00000123600",0.00541898568873446,5.2086533316209,0.000798368964508089,0.977981340730986,0.99988016650531
"ENSG00000101182",-0.00533348842585422,8.62693972475397,0.000796099398850075,0.978012649812441,0.99988016650531
"ENSG00000129696",0.00457371400675785,4.7314405517236,0.000793470205201652,0.978048984478414,0.99988016650531
"ENSG00000234742",-0.0102832086983855,4.93799740896561,0.000790527965667433,0.978089707863585,0.99988016650531
"ENSG00000179761",-0.00803258834202,4.97434960226497,0.000790043465986089,0.978096416631382,0.99988016650531
"ENSG00000255529",0.00546685463193054,4.23567292153739,0.000779434152743331,0.978243947878445,0.99988016650531
"ENSG00000143970",-0.00498119518086867,6.53517862361287,0.000769452728755115,0.978383651944219,0.99988016650531
"ENSG00000124784",0.0053269200025125,4.25734292752715,0.000762968026945964,0.97847491598428,0.99988016650531
"ENSG00000125656",0.00498459299739937,6.49861148937218,0.000754445859200262,0.97859542643472,0.99988016650531
"ENSG00000154309",-0.00704923472041361,4.07937539088219,0.000752948377533466,0.978616683129627,0.99988016650531
"ENSG00000084676",0.00436304707528286,5.88804225484408,0.00074660594633611,0.97870690067823,0.99988016650531
"ENSG00000309911",-0.0229744362380332,0.159516671310787,0.000740718177305538,0.978793909634635,0.99988016650531
"ENSG00000141756",-0.0191157873719186,0.456197763535965,0.000738101065154763,0.978830604639871,0.99988016650531
"ENSG00000154914",0.0162213267160851,0.813628424728725,0.000733750407951577,0.978891676972136,0.99988016650531
"ENSG00000277228",-0.00853118620185355,3.77097780893245,0.000730329221055919,0.978940236520447,0.99988016650531
"ENSG00000005700",-0.00594511242330761,5.9098435161116,0.000729872922641378,0.978946800371843,0.99988016650531
"ENSG00000164687",0.00556130155961396,7.74883228270777,0.000729361879679564,0.978954169937387,0.99988016650531
"ENSG00000177352",-0.0127570001608221,1.10337452694846,0.000725822212556517,0.979005681881589,0.99988016650531
"ENSG00000144366",0.0131586945980232,1.59913576133133,0.00072455322875151,0.979023887173873,0.99988016650531
"ENSG00000290043",0.0103738972584223,2.06052871166338,0.000709747889519261,0.979239109131777,0.99988016650531
"ENSG00000258458",-0.0112565531204766,2.11898251496592,0.000708052661404068,0.97926389742808,0.99988016650531
"ENSG00000197892",-0.00445615635926096,4.67555764240242,0.000704000168070756,0.979323226588694,0.99988016650531
"ENSG00000167114",0.00704887605674389,3.38357431625609,0.000701268159458423,0.979363387392165,0.99988016650531
"ENSG00000289070",0.0136783351788833,1.24549616431261,0.000699522024284794,0.97938952851028,0.99988016650531
"ENSG00000158941",-0.00398401628101325,5.78093521105481,0.000695566144307902,0.979447416818459,0.99988016650531
"ENSG00000162627",0.00494583562354975,4.27146203855021,0.000692986572066876,0.979485561187281,0.99988016650531
"ENSG00000103415",0.00526941432903575,5.18352994779531,0.000690475718071997,0.979522742326124,0.99988016650531
"ENSG00000166261",0.00684408775088493,3.1612261307781,0.000690188832565273,0.979527021339867,0.99988016650531
"ENSG00000223725",-0.0065341267922639,3.93941795624028,0.000687656296784302,0.979564590714594,0.99988016650531
"ENSG00000306287",0.0140473854779082,0.28757426918202,0.00068409036564034,0.979619913356716,0.99988016650531
"ENSG00000140688",0.00549285554084135,4.11362144358287,0.000678905503620718,0.979695001952652,0.99988016650531
"ENSG00000115084",0.00422161134753654,4.89497592446317,0.000663319840587919,0.979929364079551,0.99988016650531
"ENSG00000167700",-0.00825358455975735,3.57528697857517,0.000660799404989618,0.979967538686365,0.99988016650531
"ENSG00000239636",-0.0101788260469538,1.96338798350041,0.000657294665956735,0.980020828349694,0.99988016650531
"ENSG00000100425",0.00465230952655325,4.79941823479422,0.000656751019886809,0.980028967352913,0.99988016650531
"ENSG00000029639",0.00490483327832608,4.44569691836441,0.000653500897543825,0.98007843469305,0.99988016650531
"ENSG00000100578",0.00563060412817492,4.70592200779319,0.000649416066121526,0.980140777953518,0.99988016650531
"ENSG00000297401",-0.026791608948621,-0.220359716421809,0.00063960709466947,0.98028953193173,0.99988016650531
"ENSG00000289289",-0.0167593293164151,0.658564074641159,0.000635106764448072,0.980361724842768,0.99988016650531
"ENSG00000134882",-0.00344506177968169,6.98416523395149,0.000617695381659318,0.980631742702189,0.99988016650531
"ENSG00000303387",0.00927617766911535,1.79678432992414,0.00061607322903559,0.980657303550046,0.99988016650531
"ENSG00000052723",0.00362643572892601,5.4827076560001,0.000615316889195077,0.980669060369947,0.99988016650531
"ENSG00000130544",-0.00547288076351197,4.16566477924705,0.000608823432044243,0.980771316075581,0.99988016650531
"ENSG00000168702",0.00752128071998741,3.32853475715797,0.000604197635531898,0.980844498541672,0.99988016650531
"ENSG00000300695",0.0107222991780799,1.58343026960835,0.000595994131895492,0.980975114726262,0.99988016650531
"ENSG00000196756",-0.0040570868443742,5.10679837905998,0.000595506133860273,0.980982727620012,0.99988016650531
"ENSG00000283141",0.0134101087324336,1.4627831247794,0.0005946791005004,0.980996174642257,0.99988016650531
"ENSG00000249931",0.00759048251065753,2.67882358038997,0.000594586555081415,0.98099746554868,0.99988016650531
"ENSG00000129473",-0.015739077019805,0.456207604007162,0.000592765404953005,0.981028032871301,0.99988016650531
"ENSG00000186854",0.00817559025186108,4.49594926983159,0.000588263891535023,0.981098701816711,0.99988016650531
"ENSG00000176170",-0.00495763394062661,4.31369554404941,0.000584781941759542,0.981154712006212,0.99988016650531
"ENSG00000295544",-0.0108587787576906,4.21548993813252,0.00058103016365445,0.981215249502542,0.99988016650531
"ENSG00000232170",0.0127460057949145,0.588454971749377,0.000580354856226686,0.98122737269493,0.99988016650531
"ENSG00000154001",-0.00368734710077858,6.70148100988143,0.000578926304547366,0.981249274368385,0.99988016650531
"ENSG00000120896",-0.00681687434556972,4.29208631666151,0.000578687448796359,0.981253150027199,0.99988016650531
"ENSG00000179912",-0.00363056881858804,6.63826863702528,0.000566660753990659,0.98144892948729,0.99988016650531
"ENSG00000248791",0.0108515545946046,1.28300821274042,0.000566369475029729,0.981454546772016,0.99988016650531
"ENSG00000251287",0.0172113311680316,0.147216860146368,0.000559425534012824,0.981571348187994,0.99988016650531
"ENSG00000270641",-0.0254029098068597,1.48512499809044,0.000558590995579823,0.981582660583637,0.99988016650531
"ENSG00000131873",0.00339686458818018,6.26866854948175,0.000553543473077611,0.981664856537404,0.99988016650531
"ENSG00000296233",-0.0145949524483632,0.394803409541984,0.000550659250485306,0.981714166520599,0.99988016650531
"ENSG00000186951",-0.00504778710714033,4.4921397224957,0.000533901268972003,0.981993042959404,0.99988016650531
"ENSG00000072778",0.00508016658110353,5.1283095804135,0.00053338136313382,0.982001805343699,0.99988016650531
"ENSG00000185049",0.0050509828731142,4.70569028949651,0.000532583798211605,0.982015269066113,0.99988016650531
"ENSG00000167363",0.0168604624914023,0.296123566975412,0.00052424455304273,0.982159112855283,0.99988016650531
"ENSG00000179743",0.0036480612808275,5.15091147281875,0.000522303207326261,0.982189658786283,0.99988016650531
"ENSG00000224609",0.0185154512830301,0.458660552509976,0.000515762082654713,0.982303186424203,0.99988016650531
"ENSG00000293050",0.017579806868927,1.87943180361014,0.000513719493485045,0.982336789910842,0.99988016650531
"ENSG00000196781",-0.00351982850854236,5.12792292427453,0.000509555215210255,0.982408313095278,0.99988016650531
"ENSG00000243305",0.00756703650202649,4.55060192721241,0.000505510965984847,0.982478253957355,0.99988016650531
"ENSG00000176915",-0.00360800795665852,5.5418527708341,0.000501965368589456,0.982539792496769,0.99988016650531
"ENSG00000293194",-0.0168523749330025,0.166150795698648,0.000498217374672801,0.982608714508082,0.99988016650531
"ENSG00000140577",0.00335482992994349,5.03393994644912,0.000487119116554459,0.982799887996643,0.99988016650531
"ENSG00000114013",-0.00613068329840232,4.22539652587825,0.000482270161473848,0.982885700922408,0.99988016650531
"ENSG00000197982",0.00403347736446032,6.22028284809786,0.000479654737168538,0.982932155999209,0.99988016650531
"ENSG00000118046",0.00381898751308679,6.15713356091358,0.000475486807369854,0.983006459893452,0.99988016650531
"ENSG00000144840",0.00356648863588907,5.06820085766604,0.00047376548575325,0.983037243809571,0.99988016650531
"ENSG00000065485",-0.00486617424315688,4.68743080888348,0.000473679248119107,0.983038791138211,0.99988016650531
"ENSG00000231890",0.0119684408350795,0.929252627906344,0.000470311085818247,0.983099709074067,0.99988016650531
"ENSG00000000419",0.00349382713897009,6.35250701834718,0.000469033032441926,0.983122160522778,0.99988016650531
"ENSG00000299436",0.0140028260506198,0.329480217233133,0.000468555058162735,0.983132337271106,0.99988016650531
"ENSG00000106484",-0.00902470210986469,3.63686041600962,0.000468246535799784,0.983136332016211,0.99988016650531
"ENSG00000267723",0.0115952912642496,1.27316310485374,0.000466826023114297,0.983162223201988,0.99988016650531
"ENSG00000111229",-0.00769037205975658,2.47671380412934,0.000458185823056042,0.983318477667517,0.99988016650531
"ENSG00000071626",-0.00309255246189252,6.69243787571034,0.000456642998223167,0.983346538367357,0.99988016650531
"ENSG00000172673",-0.0208107930549297,1.86611275736827,0.000452365210088095,0.983424829009283,0.99988016650531
"ENSG00000162368",-0.00332298300432455,7.4714658930469,0.000451007510661902,0.983449601533725,0.99988016650531
"ENSG00000104897",-0.00410964611096891,5.68970621570349,0.000448755383712164,0.98349096943739,0.99988016650531
"ENSG00000163624",-0.00782743514433397,2.22132160232242,0.000444096226534934,0.983576966897088,0.99988016650531
"ENSG00000301230",-0.0166193616050689,1.0333236266094,0.000442644006937481,0.983604149551606,0.99988016650531
"ENSG00000184967",-0.00516218167481071,4.26286105923851,0.000430244411864832,0.983835002337425,0.99988016650531
"ENSG00000291042",0.00712628255243207,1.89595599669784,0.000426351876756985,0.983908372638635,0.99988016650531
"ENSG00000105290",-0.0134914172331486,1.83558789276271,0.000425435926682464,0.983925694137795,0.99988016650531
"ENSG00000181264",0.0105843707659927,1.0063748134693,0.000425428259138278,0.983926096580301,0.99988016650531
"ENSG00000100526",-0.00399752984867262,4.84266891200764,0.000422434713507889,0.983982361850125,0.99988016650531
"ENSG00000111676",0.00499249253494071,3.82747482126931,0.000419993474065804,0.984028709420265,0.99988016650531
"ENSG00000117697",-0.00311427666916829,5.16967223219179,0.00041980946448553,0.984032198265425,0.99988016650531
"ENSG00000127837",-0.00328988737825674,5.18144635486222,0.000418275920950432,0.984061385296038,0.99988016650531
"ENSG00000238198",0.00873808028827271,2.65567732442777,0.000417707712229664,0.984072247938302,0.99988016650531
"ENSG00000290993",0.00407616581157783,5.05842078166535,0.000417388903213137,0.984078292746318,0.99988016650531
"ENSG00000134375",-0.00351151119842565,6.30051438059625,0.000413963363597968,0.984143751236694,0.99988016650531
"ENSG00000131931",0.00435330604564775,4.09192275821638,0.000413509163742869,0.984152458088231,0.99988016650531
"ENSG00000234690",-0.0138054861866713,0.639957463806315,0.000405859996792542,0.984300729819829,0.99988016650531
"ENSG00000116750",0.00294259573640961,5.81883646548741,0.000404341733850191,0.984329078336562,0.99988016650531
"ENSG00000152990",0.00348138911223027,5.44135282843752,0.000403778498408764,0.984339995328334,0.99988016650531
"ENSG00000258274",-0.0136861321132467,0.227242629380328,0.000403251952586565,0.984353382818457,0.99988016650531
"ENSG00000180357",-0.0035063433439847,6.35766616474425,0.000401081888277396,0.984392367048121,0.99988016650531
"ENSG00000105063",0.00397104295102698,4.17693129419653,0.000400769257538529,0.984398456934412,0.99988016650531
"ENSG00000304569",0.0122995870264353,2.21057771343007,0.000400102167647935,0.984411509277283,0.99988016650531
"ENSG00000134046",0.00323305901115136,5.75460259566112,0.000398407458007302,0.984444482822611,0.99988016650531
"ENSG00000101290",-0.00391989136692469,4.04918988221346,0.000397003488107795,0.984471918557198,0.99988016650531
"ENSG00000100271",0.00881623815724485,3.10142745753519,0.000396461804445956,0.98448252915475,0.99988016650531
"ENSG00000172922",-0.00381898755863868,5.53912666991482,0.000395451158805259,0.984502295357243,0.99988016650531
"ENSG00000163933",-0.00562850651584105,2.78696507900862,0.000395091941948163,0.984509364076689,0.99988016650531
"ENSG00000206535",0.0137420493849003,0.24180105074755,0.000391937524028608,0.984573594522375,0.99988016650531
"ENSG00000105516",-0.00864344068575155,2.61236622534938,0.000388695895151383,0.984635257023956,0.99988016650531
"ENSG00000157680",0.00721795968710179,4.65728419907571,0.000376870372185573,0.984870719420807,0.99988016650531
"ENSG00000260188",0.00994530626343502,2.06319147134291,0.000372588456568274,0.984957003630335,0.99988016650531
"ENSG00000172243",0.00516376045404383,3.98406674405293,0.000371921931359768,0.984970362523242,0.99988016650531
"ENSG00000175105",0.0032308598910379,5.14130745259239,0.000371615909277246,0.984976539315606,0.99988016650531
"ENSG00000119514",-0.00540107848971088,3.9938589099482,0.000369727874276884,0.985014753902852,0.99988016650531
"ENSG00000166435",-0.00304960033516192,5.27056336644796,0.000369035529059687,0.98502878206069,0.99988016650531
"ENSG00000163946",-0.00292627251114268,6.48041194666444,0.000365453952502587,0.985101598617102,0.99988016650531
"ENSG00000103544",0.00303629333294635,5.92944834675473,0.000362364196730205,0.985164703846077,0.99988016650531
"ENSG00000150093",-0.00279639927384863,6.3198273960788,0.0003604719004284,0.985203484929758,0.99988016650531
"ENSG00000171843",-0.00437358849375451,3.62932423505324,0.000359278015889587,0.985228016445956,0.99988016650531
"ENSG00000106366",-0.0103263000911284,3.09042644784805,0.000356531674092077,0.985284587695489,0.99988016650531
"ENSG00000197497",-0.0103157622463449,0.69412084418747,0.000356322568330782,0.985289936892661,0.99988016650531
"ENSG00000153832",-0.00784956305844663,2.16525590243131,0.000354842940962602,0.985319522254292,0.99988016650531
"ENSG00000020426",-0.00315619003661954,5.21737130462418,0.00034736074720804,0.985475033886436,0.99988016650531
"ENSG00000196549",-0.0117260515789926,0.855424053867527,0.000344143642234582,0.985543229881949,0.99988016650531
"ENSG00000123136",-0.00361463758635488,6.38417469152384,0.000343960779695884,0.985546284485012,0.99988016650531
"ENSG00000006652",-0.00893576202536017,1.4576338827972,0.00034258386951534,0.985575374066658,0.99988016650531
"ENSG00000100744",0.00496518594249372,3.37352187394289,0.000341064074192057,0.985607281616509,0.99988016650531
"ENSG00000102218",-0.00282359548327941,5.44098910928016,0.000340507099322428,0.985619023044498,0.99988016650531
"ENSG00000177565",-0.00306970629495472,7.85184926618098,0.00033991720962422,0.985631483207137,0.99988016650531
"ENSG00000108370",-0.0175560162973187,1.02654103658839,0.000336352045680804,0.985707544601774,0.99988016650531
"ENSG00000178982",-0.00328644250410438,7.6282234256168,0.000331979946533844,0.985800210155316,0.99988016650531
"ENSG00000083642",-0.00287874246759523,6.39227782696079,0.00032656411795471,0.985916498330451,0.99988016650531
"ENSG00000304283",-0.00902489862770714,1.41940546960465,0.000326005793030492,0.985928690119398,0.99988016650531
"ENSG00000105607",-0.00450909074266486,3.82929350827168,0.000325887120341337,0.985931111357935,0.99988016650531
"ENSG00000143776",-0.0134422785481446,2.01183638900612,0.000321814763834355,0.986019368868146,0.99988016650531
"ENSG00000213889",0.00328543437643461,4.4951264629845,0.000319983834384183,0.986059100306522,0.99988016650531
"ENSG00000273175",-0.0113043699677035,0.726645237281251,0.000318351360882061,0.986095590685448,0.99988016650531
"ENSG00000198242",0.00343724107165518,9.64355531567418,0.000315843069880566,0.986149579907701,0.99988016650531
"ENSG00000287130",-0.0111260943655193,1.25537140403613,0.000312855799008849,0.986215411247983,0.99988016650531
"ENSG00000155366",-0.00889255951299462,5.70323658294609,0.000312517980524587,0.986222671007149,0.99988016650531
"ENSG00000058453",-0.00437755669004999,3.51535303208807,0.000304539341569405,0.986399667878695,0.99988016650531
"ENSG00000175274",-0.0030424178055075,4.78221596076624,0.00030421551854567,0.986406892920534,0.99988016650531
"ENSG00000158109",-0.0033321176408632,4.31318201080131,0.000303484886746495,0.986423225577864,0.99988016650531
"ENSG00000076716",-0.00357730547916929,3.96757041612543,0.000300807185075943,0.986483247738665,0.99988016650531
"ENSG00000170545",-0.00761139136472735,1.84282760205459,0.000300378783337062,0.986492947299643,0.99988016650531
"ENSG00000234284",0.00645682117051463,2.03345087580564,0.000297507873766984,0.986557629394195,0.99988016650531
"ENSG00000184363",0.0181709280004537,0.143172492138647,0.000294966954455126,0.986617818814758,0.99988016650531
"ENSG00000291177",-0.00433814101054823,3.9547142552088,0.000294387771450818,0.986628238512309,0.99988016650531
"ENSG00000178385",-0.00433631914874237,4.08341523381848,0.000291920031667907,0.98668439433173,0.99988016650531
"ENSG00000147813",-0.00274792341782974,5.80734755445451,0.000291356499179123,0.986697246195777,0.99988016650531
"ENSG00000180509",0.0100470088842336,1.12419768540065,0.000291273149181321,0.986699390125727,0.99988016650531
"ENSG00000161526",0.00271810752009239,5.26260230610559,0.000290459962009765,0.986717727027151,0.99988016650531
"ENSG00000232284",-0.0127426469140868,0.986354050884752,0.000285109990763417,0.986840997775087,0.99988016650531
"ENSG00000119041",0.00292545001581809,4.96806278115258,0.00028386030867398,0.986869475694279,0.99988016650531
"ENSG00000151779",0.00263732312147233,5.44709434586982,0.000278448160543193,0.986995238409229,0.99988016650531
"ENSG00000105778",0.00254149209973587,6.2729652625072,0.000277893274617714,0.987008201109888,0.99988016650531
"ENSG00000267769",0.00822253809116661,1.38040793112992,0.0002777081006877,0.987012704499157,0.99988016650531
"ENSG00000261338",-0.0107922690316334,0.37269257206592,0.000274698030416186,0.987084212204692,0.99988016650531
"ENSG00000167965",-0.00343675144242019,4.32288964504091,0.000271902437318567,0.987148994345379,0.99988016650531
"ENSG00000010165",-0.00265555484376105,4.88802713060041,0.000270856151237264,0.987173738361138,0.99988016650531
"ENSG00000076554",-0.00367349227937888,3.95184442810747,0.000262133664775024,0.987381937173085,0.99988016650531
"ENSG00000115318",-0.00434996731849865,3.6467958710392,0.000261340347480124,0.987401045728977,0.99988016650531
"ENSG00000280060",0.00779492311041615,1.29535396341124,0.00026007074782008,0.98743186391124,0.99988016650531
"ENSG00000139597",0.00458860798827104,4.33158237931506,0.000260028938405484,0.987432688939425,0.99988016650531
"ENSG00000228649",0.00385455853481303,3.60878274328571,0.000258207361000036,0.987476786220493,0.99988016650531
"ENSG00000150593",-0.0040694044784786,4.27516413218381,0.000257524482134845,0.987493352675757,0.99988016650531
"ENSG00000162139",0.0036468336841569,3.60848044887752,0.000247282066974718,0.987744566980982,0.99988016650531
"ENSG00000183963",-0.00530591219648611,2.45403115661364,0.000243906306153152,0.987828534238204,0.99988016650531
"ENSG00000100612",0.00606079669706846,4.26014483174079,0.000243872230266238,0.987829344731179,0.99988016650531
"ENSG00000167302",0.00561481187681781,2.54008552184443,0.000239646006110836,0.987935281256896,0.99988016650531
"ENSG00000087884",0.00327598684851261,4.28567419653205,0.000239627955968191,0.987935707389229,0.99988016650531
"ENSG00000064961",-0.00269892491007759,6.11192110213154,0.000238114245565261,0.987973864088595,0.99988016650531
"ENSG00000147100",-0.0150938416870136,0.562760219186739,0.00023535980396874,0.988044876754822,0.99988016650531
"ENSG00000120526",-0.00265314623282661,5.94769931390439,0.000234540127484267,0.988064454301223,0.99988016650531
"ENSG00000096746",0.00222384568585394,7.1079627925938,0.000227694776017931,0.988239906310008,0.99988016650531
"ENSG00000196754",-0.00368822622866788,4.22541018361742,0.000225120319221911,0.988306578339041,0.99988016650531
"ENSG00000114279",-0.00753029441309073,0.536151801810286,0.000223273433745877,0.988355734656641,0.99988016650531
"ENSG00000309564",-0.00997113216773877,0.294542139197072,0.000221493902008958,0.988402231915492,0.99988016650531
"ENSG00000063177",0.00343749499882959,10.1106500925619,0.000219539288831666,0.988452418879568,0.99988016650531
"ENSG00000127947",-0.00264574137828887,7.6002262071574,0.000219332269341764,0.988457864267727,0.99988016650531
"ENSG00000285938",0.0094060551788831,0.668974130762958,0.000218028368231978,0.988492831743806,0.99988016650531
"ENSG00000107929",0.00258777442654334,7.55121140519556,0.000216387358471639,0.988535606429687,0.99988016650531
"ENSG00000230082",0.010772516795757,0.643422449700973,0.000216398760865542,0.988536078785571,0.99988016650531
"ENSG00000289029",0.00792046044618076,1.94633282431995,0.000213375625221697,0.988615725522372,0.99988016650531
"ENSG00000286577",0.0119469033861654,0.37628783824638,0.000212374710865743,0.98864395953392,0.99988016650531
"ENSG00000196787",0.0110042064742606,0.166079141570982,0.000212101271967032,0.988651316697116,0.99988016650531
"ENSG00000085788",-0.00265162699962765,5.09021527157155,0.000207932149174202,0.988761803652545,0.99988016650531
"ENSG00000185015",-0.00576541609496429,1.86938466481873,0.000207768417376502,0.988766301412972,0.99988016650531
"ENSG00000262810",-0.0103978686833181,0.173313706709937,0.000203172366508423,0.988892357543286,0.99988016650531
"ENSG00000294550",-0.0035717654045761,3.32551303294024,0.000201040616440025,0.988949605557168,0.99988016650531
"ENSG00000287126",0.00527782223541527,2.018970433511,0.000199230372068235,0.98899950674668,0.99988016650531
"ENSG00000225075",0.00891477114815839,1.3807276168136,0.000198216527688544,0.989027657661902,0.99988016650531
"ENSG00000164338",0.00345906026097453,3.69783263820449,0.000197518821106487,0.989046811128474,0.99988016650531
"ENSG00000155761",-0.0071017830344662,1.56095528529735,0.000197311555660075,0.989052644505796,0.99988016650531
"ENSG00000232702",-0.00752632906771658,0.0995017822579998,0.000195516650008461,0.989104211300835,0.99988016650531
"ENSG00000286535",-0.00877343713579868,0.835706993694339,0.000194626692878582,0.989127828741515,0.99988016650531
"ENSG00000064490",0.00225183488006499,5.50623186134707,0.000193519753272587,0.989158244873827,0.99988016650531
"ENSG00000147570",0.0099552318262992,1.77681787445274,0.000193381535788632,0.989162213820642,0.99988016650531
"ENSG00000005022",0.00275626870811153,8.92880900334737,0.000191197627895953,0.98922348372228,0.99988016650531
"ENSG00000299067",-0.00966201115977071,0.37439390562257,0.000189818520722283,0.989263526442012,0.99988016650531
"ENSG00000065882",-0.00213151959559619,6.37781782667751,0.000188477424897596,0.989300412829791,0.99988016650531
"ENSG00000293315",0.00317231643177262,4.01223627945874,0.000188298482645449,0.989305498318659,0.99988016650531
"ENSG00000149476",0.00391035095871683,3.25470680550096,0.000187284989325692,0.989334322981137,0.99988016650531
"ENSG00000148331",0.00324818419795,3.1160019203514,0.00018658923314787,0.98935415350118,0.99988016650531
"ENSG00000139517",0.00387183001565471,2.83832655455424,0.000182982716078374,0.989457538334653,0.99988016650531
"ENSG00000139624",-0.00280275058200588,4.09476222596709,0.000182016839794189,0.989485382992868,0.99988016650531
"ENSG00000152082",0.00256456368225465,6.54883386485015,0.00018110703661699,0.989511688022985,0.99988016650531
"ENSG00000308148",-0.00848279546287746,1.73834031060977,0.000179878500993411,0.989547429705889,0.99988016650531
"ENSG00000108468",-0.00203198596724425,5.68905760116126,0.000179142506767233,0.989568724656557,0.99988016650531
"ENSG00000165055",0.00227785486479993,4.83627472877462,0.000176972871447835,0.989632083775695,0.99988016650531
"ENSG00000100122",-0.00751076513651427,1.13893522088432,0.000176424332065467,0.989648429625014,0.99988016650531
"ENSG00000230337",-0.00455524825777362,2.47204618267122,0.000176198445882614,0.989654819505878,0.99988016650531
"ENSG00000148484",-0.00192772299016781,7.43926777590423,0.000175072129870788,0.989687904577044,0.99988016650531
"ENSG00000160685",0.0022639725893415,4.56699062017203,0.000174329382506985,0.989709804742343,0.99988016650531
"ENSG00000224546",-0.00475381431233674,2.07131595687913,0.000173223248949903,0.989742551286592,0.99988016650531
"ENSG00000189337",-0.00298222125931411,3.86980861008429,0.000172963980302232,0.989750182226438,0.99988016650531
"ENSG00000106460",0.0025836865162217,4.07226768684264,0.000161774450007766,0.990087248225978,0.99988016650531
"ENSG00000166501",0.00191453679550644,8.37545299106088,0.000159616986771801,0.990153561020728,0.99988016650531
"ENSG00000293489",-0.00650452395126197,2.03481115518468,0.000159333352343662,0.990162378670945,0.99988016650531
"ENSG00000249592",0.00355259045328028,4.52912314015945,0.000158744747243488,0.990180503189996,0.99988016650531
"ENSG00000134352",-0.00226230547176151,5.89508234751701,0.000158025102999946,0.990202781346354,0.99988016650531
"ENSG00000297935",-0.00395705492726652,3.63145690334729,0.000157616706606072,0.990215455444825,0.99988016650531
"ENSG00000305120",0.00538355509944732,1.47432570508199,0.000155851374582615,0.990270494119465,0.99988016650531
"ENSG00000273213",0.00694703647518188,0.704839080036488,0.000155826851813037,0.990271580076706,0.99988016650531
"ENSG00000160214",0.00225443165352464,4.48749592398799,0.000155716306033259,0.990274614356597,0.99988016650531
"ENSG00000166426",-0.00457168478309058,3.55382179388221,0.00015429754923342,0.990319025196833,0.99988016650531
"ENSG00000173473",-0.0021665792017402,7.20174432649027,0.000153035628235629,0.990358681381288,0.99988016650531
"ENSG00000290873",-0.00238600879719126,7.19935961122084,0.000152504163106545,0.990375436284004,0.99988016650531
"ENSG00000141127",0.00237569246814441,3.96641774135771,0.000152101811932051,0.99038814533961,0.99988016650531
"ENSG00000105708",-0.00265439096581062,3.41028592328061,0.000148205008680507,0.99051206789065,0.99988016650531
"ENSG00000309198",0.00186223641367078,5.38882161880249,0.000147764054872053,0.99052618358754,0.99988016650531
"ENSG00000139239",0.00238820492917481,7.18527442523754,0.000143958193670744,0.99064897812567,0.99988016650531
"ENSG00000294116",0.00844942534206107,1.1319647382734,0.000143944838842254,0.990649587044046,0.99988016650531
"ENSG00000280007",0.00767307595995797,0.880089113859284,0.000143386344777928,0.990667779953522,0.99988016650531
"ENSG00000205339",-0.00173048660417481,7.30938636596797,0.0001407951953881,0.990752272014504,0.99988016650531
"ENSG00000007392",0.00223129717354675,5.49902338452379,0.000140646355047566,0.990757161350175,0.99988016650531
"ENSG00000221866",-0.00445212157178391,2.33058053728892,0.000140641506463177,0.990757350953161,0.99988016650531
"ENSG00000293518",0.00700675432006533,0.858485266961111,0.000138052347840301,0.990843126804341,0.99988016650531
"ENSG00000213694",-0.00524050738492278,1.94368078016341,0.000137884852901194,0.990848397072375,0.99988016650531
"ENSG00000263072",-0.00358795783320101,2.72589839196708,0.000137631519751314,0.990856776407839,0.99988016650531
"ENSG00000166851",-0.00203821213886912,4.52117743407674,0.000131743925488609,0.991054451346097,0.99988016650531
"ENSG00000108443",-0.00268432181312635,3.64913691557113,0.000131316339560712,0.991068982216293,0.99988016650531
"ENSG00000160194",0.0019345202614971,6.28225322755716,0.000129573287652932,0.991128444901757,0.99988016650531
"ENSG00000162231",-0.0018790588487688,5.06687209403688,0.000128535220667926,0.991164052347538,0.99988016650531
"ENSG00000067606",0.00421403023443572,3.35052970458881,0.000127588981596142,0.99119664335255,0.99988016650531
"ENSG00000115282",0.00337249586948392,2.71903480166945,0.000127015570928814,0.991216455772685,0.99988016650531
"ENSG00000258168",-0.00175129161345247,6.26859978134081,0.000126932631680766,0.99121930551574,0.99988016650531
"ENSG00000150977",-0.00168512370374143,7.39886226472077,0.000126698136500695,0.99122741955511,0.99988016650531
"ENSG00000145388",0.00196802601879962,4.97897253338047,0.00012454093590059,0.991302420491105,0.99988016650531
"ENSG00000184381",0.00349230421536321,2.36171191319495,0.000124530746941856,0.991302800759324,0.99988016650531
"ENSG00000278817",-0.00449258478123361,1.71250452226864,0.000124095726184759,0.991318060336416,0.99988016650531
"ENSG00000135821",-0.00201343931384163,6.19642971145396,0.000122460247980875,0.991375376517308,0.99988016650531
"ENSG00000177675",0.00282683579980933,3.47033964169194,0.000121433546305141,0.991411612894858,0.99988016650531
"ENSG00000260093",0.00762633396767159,0.477701156349894,0.000120731148366515,0.99143705634128,0.99988016650531
"ENSG00000167232",-0.00158634713432277,5.69600548126623,0.000116411798612157,0.991591054210029,0.99988016650531
"ENSG00000181026",0.00230084616338395,4.3127168912055,0.000116347168553846,0.991593392065578,0.99988016650531
"ENSG00000234263",0.00480010561030021,1.04946283037588,0.000114556745935019,0.991658479596825,0.99988016650531
"ENSG00000303324",0.00197007501595738,5.18771087487434,0.000113511105517384,0.991696475875778,0.99988016650531
"ENSG00000151789",-0.00239458042108497,6.32181347722588,0.000111612120619376,0.991766222678885,0.99988016650531
"ENSG00000165802",-0.00272058752471,3.7504197556438,0.000109170461207661,0.991856784886155,0.99988016650531
"ENSG00000279443",0.00575843745423313,0.632473892373904,0.000105160799533476,0.992008285186589,0.99988016650531
"ENSG00000107185",-0.00234433953504436,3.81650283610295,0.000105054853313455,0.992011748350628,0.99988016650531
"ENSG00000148935",-0.00448331519626087,0.553799241955243,0.000104514488762573,0.992033097419694,0.99988016650531
"ENSG00000071082",-0.00191496288264086,10.3966307111361,0.000101158582399016,0.99216127125472,0.99988016650531
"ENSG00000259517",-0.00331234993936998,5.512047561037,9.69112013412415e-05,0.992327596717167,0.99988016650531
"ENSG00000305396",0.0065140007108732,1.26088267963179,9.29703628032084e-05,0.992485401230176,0.99988016650531
"ENSG00000107560",-0.00179147526863099,4.59454018798599,9.23708079416841e-05,0.992509476153579,0.99988016650531
"ENSG00000137955",0.00134201694019108,5.86453753597949,9.18491825066521e-05,0.992530652805843,0.99988016650531
"ENSG00000139168",-0.00175672071546204,5.940454493134,9.18040439133688e-05,0.992532488346325,0.99988016650531
"ENSG00000119632",-0.0030447466478857,5.50122844381295,9.15429949298089e-05,0.992543112755813,0.99988016650531
"ENSG00000131779",-0.0022084226747491,4.33478869371916,8.99967055845683e-05,0.992606360263602,0.99988016650531
"ENSG00000011201",0.00180692182583377,5.71236005502885,8.9363769603724e-05,0.992632401763439,0.99988016650531
"ENSG00000139370",0.00169682848298619,4.475570274258,8.65113487459427e-05,0.992750938159892,0.99988016650531
"ENSG00000187742",0.00150638797730192,5.56931154703678,8.45363724278245e-05,0.992834155512015,0.99988016650531
"ENSG00000184939",-0.00230761751581387,3.67760243733461,8.42669966828508e-05,0.99284558650818,0.99988016650531
"ENSG00000130751",0.00404749720793884,0.966382525029691,8.30956577791068e-05,0.992895731659908,0.99988016650531
"ENSG00000037749",0.00219638053028732,3.79430541448116,8.20014120729473e-05,0.992942414282977,0.99988016650531
"ENSG00000244414",0.00414418387052049,0.849374022727157,8.08584154637968e-05,0.992992065981235,0.99988016650531
"ENSG00000292997",-0.00386491238435987,3.85952683451004,8.08317664154682e-05,0.992992928584929,0.99988016650531
"ENSG00000300688",-0.00329472340492132,1.84188141217966,8.07863154643781e-05,0.992994937158006,0.99988016650531
"ENSG00000084073",-0.0014231190857676,9.41132747214717,7.86563663736559e-05,0.99308785260475,0.99988016650531
"ENSG00000166689",-0.00232174227501818,3.68922653194883,7.85710256865129e-05,0.993091609161691,0.99988016650531
"ENSG00000092201",0.00161819702963266,7.35558354140225,7.85250120709518e-05,0.993093626427233,0.99988016650531
"ENSG00000148926",-0.00392727791258086,1.51988924953763,7.77750268765564e-05,0.993126761481315,0.99988016650531
"ENSG00000140044",0.00174150371991897,4.36443499914559,7.52318994706246e-05,0.993239992637014,0.99988016650531
"ENSG00000135972",0.00147658763470573,4.68576804020282,7.37550621793851e-05,0.993306670558206,0.99988016650531
"ENSG00000162959",-0.00184312802384531,3.85724833813929,7.37097149295749e-05,0.993308730147803,0.99988016650531
"ENSG00000112294",0.00377359463152967,1.99611738496757,7.33130168033695e-05,0.993326797251489,0.99988016650531
"ENSG00000287938",0.00272090729477565,2.82219709568965,7.30823177646663e-05,0.99333727531054,0.99988016650531
"ENSG00000149196",-0.00151400725526563,6.0430603907791,7.0473402181496e-05,0.993457265278144,0.99988016650531
"ENSG00000250155",0.00272829552837442,2.40702581739138,6.99674626943545e-05,0.993480814401286,0.99988016650531
"ENSG00000303745",0.00566256536083503,4.31104953904696,6.65123929017124e-05,0.993643792031625,0.99988016650531
"ENSG00000307784",0.0054863588662451,0.0869347250081959,6.58450883090065e-05,0.993677371270864,0.99988016650531
"ENSG00000304915",-0.00537220132579968,0.644664959691995,6.50724074965317e-05,0.993713402327762,0.99988016650531
"ENSG00000295981",-0.00388046349763469,0.861775021641062,6.3743016797325e-05,0.993777698183772,0.99988016650531
"ENSG00000169696",-0.0014657934647763,4.58087552120983,6.33833692186435e-05,0.993795100400276,0.99988016650531
"ENSG00000120659",0.00369376628092023,0.695278453673294,6.33303025022119e-05,0.993798007549794,0.99988016650531
"ENSG00000178996",0.00202314361953022,3.33853413513686,6.13594241743726e-05,0.993894973035872,0.99988016650531
"ENSG00000104361",-0.00200001997674169,5.50722700218198,6.11702241415471e-05,0.993904385969296,0.99988016650531
"ENSG00000099282",0.00195538469381892,4.72705218113847,6.1096640577779e-05,0.993908055162556,0.99988016650531
"ENSG00000135315",-0.00199333109727358,4.07178180989922,6.10744880095304e-05,0.993909160382972,0.99988016650531
"ENSG00000226445",0.00315304822420575,2.67129198609517,6.072583032266e-05,0.993926581910832,0.99988016650531
"ENSG00000287278",-0.00345470757704404,2.04265210315235,5.99741614858703e-05,0.993964296221798,0.99988016650531
"ENSG00000196511",-0.00121271926429377,6.84396224643254,5.68670371745476e-05,0.994122697080765,0.99988016650531
"ENSG00000137440",0.00709987601680567,-0.0337207430995983,5.09140255684607e-05,0.994439831974646,0.99988016650531
"ENSG00000148218",0.00148903699169486,3.75755746623268,4.67048651620688e-05,0.994673654602984,0.99988016650531
"ENSG00000144233",-0.00179297468138938,3.58607384950838,4.64400561784007e-05,0.99468877572818,0.99988016650531
"ENSG00000126254",-0.00095177606688501,5.9863460252305,4.52139777665899e-05,0.994759351274627,0.99988016650531
"ENSG00000213722",0.00451925789708604,3.26306613509055,4.49633732057753e-05,0.994773902893475,0.99988016650531
"ENSG00000180881",0.00242104642742275,2.22957054948438,4.43008258951882e-05,0.994812558449969,0.99988016650531
"ENSG00000298153",0.00228573486430858,2.27624154261367,4.40736791125778e-05,0.994825875025994,0.99988016650531
"ENSG00000237633",-0.00282854375100784,1.44995915875689,4.20077314608319e-05,0.994948624895327,0.99988016650531
"ENSG00000233762",0.00135284731496285,7.54757009417178,4.16501372341047e-05,0.994970124928163,0.99988016650531
"ENSG00000113360",0.00105186068027049,5.53530013877685,3.88929032353581e-05,0.995139461704805,0.99988016650531
"ENSG00000134884",0.000903078373188224,6.8944293854741,3.88270071975234e-05,0.995143580872428,0.99988016650531
"ENSG00000289026",0.00526599602537382,0.323561244243732,3.8009986416196e-05,0.995195851493425,0.99988016650531
"ENSG00000259488",0.00220825000614987,2.23602976670999,3.74261007904179e-05,0.995232015887053,0.99988016650531
"ENSG00000132792",0.000937872385892438,5.5312091284129,3.65392352032834e-05,0.995288826467073,0.99988016650531
"ENSG00000170144",0.000938731101871484,8.56316987041996,3.60340765454525e-05,0.995321505493768,0.99988016650531
"ENSG00000047315",0.00089891077996846,6.67118850968522,3.59945676570012e-05,0.995324071009941,0.99988016650531
"ENSG00000215126",0.000842437509179733,6.19491756072826,3.44971789088701e-05,0.995422363182033,0.99988016650531
"ENSG00000080224",-0.00357468612007139,1.92819037946161,3.34725682434224e-05,0.995490893365481,0.99988016650531
"ENSG00000134690",0.00121959710281511,4.43656287744285,3.33000388756287e-05,0.995502493118549,0.99988016650531
"ENSG00000292285",0.00296946908319045,1.04836136801712,3.3110877919582e-05,0.995515379380809,0.99988016650531
"ENSG00000197016",-0.00185595599912043,2.0093611174715,3.16811886558248e-05,0.995613194096401,0.99988016650531
"ENSG00000289868",0.00238123575807326,1.39458166185219,3.10550588601129e-05,0.995656794539189,0.99988016650531
"ENSG00000173726",-0.000843135890187556,8.03925604934979,2.98365873529758e-05,0.995742795721156,0.99988016650531
"ENSG00000215246",-0.00324407887082148,1.6648001928694,2.81634937098223e-05,0.995863926156875,0.99988016650531
"ENSG00000171469",0.000951882256711532,4.58870730474046,2.76577395842034e-05,0.995901185376561,0.99988016650531
"ENSG00000236204",-0.00134406740682279,4.06768950921238,2.68075569862779e-05,0.995964674431219,0.99988016650531
"ENSG00000167131",-0.00360865002636767,0.147924076928089,2.67245203565474e-05,0.995971577898747,0.99988016650531
"ENSG00000298313",0.00393430795115889,-0.0287338277316446,2.64082217959228e-05,0.995995665899307,0.99988016650531
"ENSG00000273061",-0.00324710270068137,0.537424980516718,2.56758742943575e-05,0.996051059289936,0.99988016650531
"ENSG00000134313",-0.00092649431931606,5.90126578116275,2.54263476614516e-05,0.996070002727999,0.99988016650531
"ENSG00000113790",0.00128098719537553,3.58203814267459,2.5013822405152e-05,0.996102016649402,0.99988016650531
"ENSG00000029153",-0.0010142799554192,4.70627366811092,2.48343772745848e-05,0.996116021533653,0.99988016650531
"ENSG00000089048",-0.000976456042904349,5.19664915359469,2.41686196821744e-05,0.996168434344587,0.99988016650531
"ENSG00000309736",0.00286045506206735,0.489927040784237,2.15653745996928e-05,0.996381065584743,0.99988016650531
"ENSG00000004779",0.000764962188569506,7.5045150681996,2.07114843567336e-05,0.99645304032736,0.99988016650531
"ENSG00000203650",0.00213560209999823,1.49441784587333,2.00646221632979e-05,0.996508903373559,0.99988016650531
"ENSG00000143815",0.000738069658555058,6.55832039173025,1.98964183851486e-05,0.996523532663346,0.99988016650531
"ENSG00000177383",-0.00109642322917108,4.08275310645292,1.91382644719991e-05,0.996590412457622,0.99988016650531
"ENSG00000109670",0.000775584889734333,7.03930479554548,1.90116051006443e-05,0.99660171213559,0.99988016650531
"ENSG00000243317",0.0007263188973596,6.25830798166737,1.85956396226435e-05,0.996639094024518,0.99988016650531
"ENSG00000103044",0.00240241524907158,1.26168692680062,1.84865243316534e-05,0.996649026709612,0.99988016650531
"ENSG00000063245",0.000681717084615862,5.95989746354972,1.77223918290941e-05,0.996718956139621,0.99988016650531
"ENSG00000115596",-0.00187340692894035,2.54475963772507,1.70388136222894e-05,0.996782865275981,0.99988016650531
"ENSG00000105281",0.000723992830858681,6.86481691670565,1.64419142184969e-05,0.996839708346592,0.99988016650531
"ENSG00000135452",0.000743424001311188,4.72839960140278,1.60643611757357e-05,0.996876204544587,0.99988016650531
"ENSG00000164163",0.000738847771272778,6.50883700722079,1.58725978083916e-05,0.996894904047875,0.99988016650531
"ENSG00000124541",0.000556236414152583,6.42840749444342,1.52057969602469e-05,0.996960825298293,0.99988016650531
"ENSG00000109390",0.000625545818488433,7.62310146553826,1.43471859003151e-05,0.997047876614735,0.99988016650531
"ENSG00000090054",-0.000550378237904118,5.83232338530981,1.41502551860595e-05,0.997068207111395,0.99988016650531
"ENSG00000100242",-0.000655009368634877,6.5064525465688,1.39055538521774e-05,0.997093667351177,0.99988016650531
"ENSG00000114670",-0.00122623902141918,2.72055809452517,1.38468599774967e-05,0.997099813872506,0.99988016650531
"ENSG00000114455",-0.00184051432888196,0.916031422929278,1.35706909368674e-05,0.997128954867595,0.99988016650531
"ENSG00000137154",0.000772595355746947,11.554635581972,1.33143283621534e-05,0.997156122688801,0.99988016650531
"ENSG00000100206",0.00214841997767593,0.204123078499217,1.07096215268011e-05,0.997449850848013,0.99988016650531
"ENSG00000177697",0.000545533035657878,4.67671748813503,1.06907926494591e-05,0.99745166669086,0.99988016650531
"ENSG00000179397",0.000855487192909724,3.4122236888013,1.06872557095632e-05,0.997452089656195,0.99988016650531
"ENSG00000158716",0.000562613762861484,5.99237589511728,1.0634428195672e-05,0.997458392388585,0.99988016650531
"ENSG00000290735",0.00139035882269354,1.88749910868812,1.04985663629043e-05,0.9974746949084,0.99988016650531
"ENSG00000180884",0.00140128858296771,1.20810704554011,1.04208195890741e-05,0.997484089666123,0.99988016650531
"ENSG00000287001",0.00199495268390791,0.597049528831338,9.37878829428523e-06,0.997613305078483,0.99988016650531
"ENSG00000213080",0.00173989395088066,0.314901422403482,9.29658176677841e-06,0.997623897955767,0.99988016650531
"ENSG00000104883",0.00214962787055684,0.471761314919376,9.23964615916315e-06,0.997631119246444,0.99988016650531
"ENSG00000249456",0.000868281698234118,3.06742943265437,8.76513441871692e-06,0.99769256062702,0.99988016650531
"ENSG00000248690",-0.0020948126668186,-0.0112600561461068,8.69146799978932e-06,0.997702744294744,0.99988016650531
"ENSG00000152601",0.00065606985688328,10.0258568034235,8.66683552953716e-06,0.997705532713074,0.99988016650531
"ENSG00000108848",0.000415928050458218,7.58197121071155,8.5769337464848e-06,0.997717464047736,0.99988016650531
"ENSG00000009335",0.000449086568209185,6.82395595495175,8.33215111756637e-06,0.997750271104886,0.99988016650531
"ENSG00000004766",-0.000618962813424146,4.332356403145,7.98579525285966e-06,0.997797527160796,0.99988016650531
"ENSG00000285669",0.00116059887689558,1.97365298236789,7.67320533480387e-06,0.99784107443299,0.99988016650531
"ENSG00000147274",0.000376518298066988,7.03790482203741,7.35974308421741e-06,0.997885620098797,0.99988016650531
"ENSG00000119522",-0.000410578021786948,7.06778414877483,6.671425955973e-06,0.997986919766534,0.99988016650531
"ENSG00000260955",0.00087790768191869,0.14516487139203,6.45697979631289e-06,0.998019924031163,0.99988016650531
"ENSG00000131828",0.000371381451866352,4.89457845076786,5.31348355950752e-06,0.998203441328541,0.99988016650531
"ENSG00000214944",-0.00104587084802117,0.594754220757347,4.87685579380931e-06,0.998278938540516,0.99988016650531
"ENSG00000101558",-0.000352651926145411,6.81212153998661,4.821195020046e-06,0.99828868780564,0.99988016650531
"ENSG00000099783",0.00032125472650993,8.36308945270073,4.72455370279611e-06,0.998305926302535,0.99988016650531
"ENSG00000226310",0.000557619377347748,2.92284233438281,4.69852334796605e-06,0.998310602375083,0.99988016650531
"ENSG00000119547",0.000573804066643014,5.01294036969932,4.40853210669664e-06,0.998363564849712,0.99988016650531
"ENSG00000282218",-0.00125007666324907,0.158396798131238,4.29784163792275e-06,0.998384482751016,0.99988016650531
"ENSG00000164414",-0.000514965332887462,3.98250133967229,4.02709405977436e-06,0.998435960956197,0.99988016650531
"ENSG00000169564",0.000311557858681601,9.19204630013466,3.76082472369357e-06,0.998488550895208,0.99988016650531
"ENSG00000265190",0.0013635923552031,0.856948966734257,3.27422011060393e-06,0.998589799890623,0.99988016650531
"ENSG00000288602",-0.000483934023098294,3.30945630366694,3.02936029157155e-06,0.998643477330163,0.99988016650531
"ENSG00000226781",0.000356024084228463,4.58274455840874,2.86238888809816e-06,0.998681390460746,0.99988016650531
"ENSG00000225614",0.000310268257830361,4.13170247092794,2.54070912974249e-06,0.998757691830582,0.99988016650531
"ENSG00000151532",0.000244032128789356,7.33764226414774,2.1176560994027e-06,0.998865825634576,0.99988016650531
"ENSG00000267757",-0.000809613471793213,1.30844981402019,2.07271182392283e-06,0.998877942643406,0.99988016650531
"ENSG00000272455",-0.000806112044256387,0.299165747436709,2.01098261852267e-06,0.998894914229384,0.99988016650531
"ENSG00000137273",0.000656963915531231,1.28678452409415,1.91677123551331e-06,0.998920975228895,0.99988016650531
"ENSG00000170502",-0.000262257791155655,4.17872512942904,1.82915960332578e-06,0.998945909873021,0.99988016650531
"ENSG00000109475",-0.000245032945882365,10.5706795690747,1.35450797305985e-06,0.999092925507312,0.99988016650531
"ENSG00000163746",-0.000700509118226424,1.65487238584012,1.33071010718392e-06,0.999100935915819,0.99988016650531
"ENSG00000112033",0.000193692640625542,6.92626049505471,1.28276094336231e-06,0.999117275785437,0.99988016650531
"ENSG00000299358",0.00037382883193689,2.19425462650609,1.20311797172612e-06,0.99914512186267,0.99988016650531
"ENSG00000170092",0.00073605314503432,1.39403182935278,1.151768497021e-06,0.999163573895416,0.99988016650531
"ENSG00000197798",0.000189588758858261,4.25687561104854,1.01342636696498e-06,0.999215400331935,0.99988016650531
"ENSG00000142347",0.000161036900401864,8.17842448299877,9.99977947247395e-07,0.9992206233132,0.99988016650531
"ENSG00000089157",0.000190270251759138,11.1406966018908,9.18782273116489e-07,0.999252934794098,0.99988016650531
"ENSG00000266714",-0.000225188680624388,5.26490084063989,8.5692054558379e-07,0.999278523030491,0.99988016650531
"ENSG00000183878",-0.000158334314699302,6.34713086071248,6.89693318172519e-07,0.999352737822157,0.99988016650531
"ENSG00000061936",-0.000127353187472844,5.98698876393571,5.84058861092987e-07,0.999404364552648,0.99988016650531
"ENSG00000053254",0.00010546670111548,6.95678180342042,5.05266857258009e-07,0.999445996327785,0.99988016650531
"ENSG00000163798",-0.000142780575772185,5.02580808606151,4.59983249133783e-07,0.999471404824434,0.99988016650531
"ENSG00000101349",-0.00038023939311763,0.147765961198073,4.19302460861399e-07,0.999495398880157,0.99988016650531
"ENSG00000197099",-0.000270379071638249,1.49184972473188,3.72763121890936e-07,0.999524156946825,0.99988016650531
"ENSG00000285454",0.000138919679331155,3.54785569291829,2.68823875304658e-07,0.999595902816697,0.99988016650531
"ENSG00000163517",0.000127422200947054,1.05820250222278,1.47058684454693e-07,0.999701128641856,0.99988016650531
"ENSG00000232756",0.000168870298621065,0.00482628169062674,1.15320511540457e-07,0.999735380823487,0.99988016650531
"ENSG00000303180",0.000110495254381935,0.252790776661067,1.08352524439931e-07,0.999743488963861,0.99988016650531
"ENSG00000259783",-0.000218788391535094,1.63719612201519,9.28612118483621e-08,0.999762498764026,0.99988016650531
"ENSG00000142583",3.52150277011544e-05,6.55727561563805,6.10253259231535e-08,0.999807466048039,0.99988016650531
"ENSG00000236810",5.47267638485513e-05,3.51572128109848,5.4942492811953e-08,0.999817313652747,0.99988016650531
"ENSG00000290763",8.67917633201267e-05,1.87420463556295,5.11216272072706e-08,0.999823781225521,0.99988016650531
"ENSG00000259617",7.11425062512499e-05,-0.167716844048499,1.54102320222678e-09,0.999969412642037,0.999969412642037
